<?xml version="1.0" encoding="UTF-8"?>
<document version="1.5.0">
  <chunk label="SonyA9" enabled="true">
    <sensors next_id="1">
      <sensor id="0" label="SonyA9" type="frame">
        <resolution width="6000" height="4000"/>
        <property name="pixel_width" value="0.006"/>
        <property name="pixel_height" value="0.006"/>
        <property name="focal_length" value="55"/>
        <property name="fixed" value="true"/>
        <property name="layer_index" value="0"/>
        <calibration type="frame" class="initial">
          <resolution width="6000" height="4000"/>
          <f>9227.77018581081</f>
          <cx>-37.8304617831239</cx>
          <cy>31.7622333680372</cy>
          <k1>-0.017282082281574</k1>
        </calibration>
      </sensor>
    </sensors>
    <cameras next_id="573" next_group_id="0">
      <camera id="0" sensor_id="0" label="DSC00601.JPG">
        <transform>9.9583620271968454e-001 -9.0864522454289998e-002 -7.3413835204009792e-003 -1.1905240100730137e+000 -9.0770324334503022e-002 -9.9579611928849854e-001 1.2281572789163881e-002 9.4125187328469746e+000 -8.4264804662988087e-003 -1.1564055046575591e-002 -9.9989762828893181e-001 6.5341576632860165e-001 0 0 0 1</transform>
        <rotation_covariance>1.6159040401151415e-008 -1.3033730096606729e-009 -2.0924427680289829e-010 -1.3033730096606725e-009 8.1134056829259035e-009 -3.4543758016090636e-011 -2.0924427680289829e-010 -3.4543758016090610e-011 2.4698364920862880e-010</rotation_covariance>
        <location_covariance>3.9984761703405891e-006 -1.3143488572138883e-006 8.6609819511583416e-007 -1.3143488572138883e-006 4.8413275617793364e-006 -1.1281007311433600e-006 8.6609819511583416e-007 -1.1281007311433600e-006 5.7149805984145121e-007</location_covariance>
      </camera>
      <camera id="1" sensor_id="0" label="DSC00602.JPG">
        <transform>9.9801723573444023e-001 -6.2449253423608811e-002 -7.8541660168682421e-003 -1.3283399199564467e+000 -6.2388137616606290e-002 -9.9802148534617441e-001 7.7996841055952004e-003 9.5227161588773033e+000 -8.3257108836446991e-003 -7.2942123803439243e-003 -9.9993873662541566e-001 5.8876031600140644e-001 0 0 0 1</transform>
        <rotation_covariance>1.6584186802005951e-008 -1.1036937275551511e-009 -2.1987899005524317e-010 -1.1036937275551513e-009 8.2402338125039365e-009 -2.4587008879304501e-011 -2.1987899005524320e-010 -2.4587008879304492e-011 2.5575214514120517e-010</rotation_covariance>
        <location_covariance>4.0739109990684232e-006 -1.3476138115932115e-006 9.0683163511130185e-007 -1.3476138115932115e-006 4.9190706517393136e-006 -1.1741838905830586e-006 9.0683163511130185e-007 -1.1741838905830586e-006 6.0059873911153412e-007</location_covariance>
      </camera>
      <camera id="2" sensor_id="0" label="DSC00603.JPG">
        <transform>9.9942170073201875e-001 -3.3620408827085370e-002 -5.0923684291575445e-003 -6.5699898075133456e-001 -3.3581601351916131e-002 -9.9940766025015015e-001 7.5236084401958322e-003 9.7949215463362052e+000 -5.3422988085303682e-003 -7.3482476564172387e-003 -9.9995873069833252e-001 5.7545654764884036e-001 0 0 0 1</transform>
        <rotation_covariance>1.7878233322027158e-008 -6.3822425425812841e-010 -2.2140967862785877e-010 -6.3822425425812841e-010 8.2100481997367804e-009 -1.6638603619715567e-011 -2.2140967862785877e-010 -1.6638603619715587e-011 2.5545546962757925e-010</rotation_covariance>
        <location_covariance>3.8592420029836889e-006 -1.2592669497280649e-006 7.8671667289852889e-007 -1.2592669497280649e-006 5.2763740505214221e-006 -1.2061942098210973e-006 7.8671667289852889e-007 -1.2061942098210973e-006 5.8770637059190612e-007</location_covariance>
      </camera>
      <camera id="3" sensor_id="0" label="DSC00604.JPG">
        <transform>9.9987404368569610e-001 -1.5358930758713278e-002 -4.0000011953527570e-003 1.5516030216284085e-001 -1.5339206055317035e-002 -9.9987026226948317e-001 4.9160336397794198e-003 9.9358497543830051e+000 -4.0749872645564839e-003 -4.8540575917441304e-003 -9.9997991610016335e-001 5.6558219361632334e-001 0 0 0 1</transform>
        <rotation_covariance>1.9306469628652039e-008 -5.2465600803375470e-010 -2.5679122789311292e-010 -5.2465600803375481e-010 8.0153659502377525e-009 4.5102977642760951e-012 -2.5679122789311297e-010 4.5102977642761000e-012 2.4739393027500782e-010</rotation_covariance>
        <location_covariance>3.5528315162494479e-006 -1.2101226828746534e-006 6.6621832473635205e-007 -1.2101226828746534e-006 5.6530058523430038e-006 -1.1984070979900433e-006 6.6621832473635205e-007 -1.1984070979900433e-006 5.5557650465421746e-007</location_covariance>
      </camera>
      <camera id="4" sensor_id="0" label="DSC00605.JPG">
        <transform>9.9990205675360899e-001 -1.3592284336434323e-002 -3.3356718093009818e-003 1.2517085611021959e+000 -1.3588053365995724e-002 -9.9990684884471759e-001 1.2878040029443794e-003 1.0091103400644068e+001 -3.3528652857959204e-003 -1.2423525846833869e-003 -9.9999360740678267e-001 5.2273259394836591e-001 0 0 0 1</transform>
        <rotation_covariance>1.9509467619984680e-008 -3.4443243248699532e-010 -2.5405556948852596e-010 -3.4443243248699532e-010 7.7865314380415153e-009 2.4755861367676311e-011 -2.5405556948852596e-010 2.4755861367676314e-011 2.3843150181725577e-010</rotation_covariance>
        <location_covariance>3.1618456804408777e-006 -1.0705823268627454e-006 5.2800229130830466e-007 -1.0705823268627454e-006 5.7022098246975023e-006 -1.1883087190235192e-006 5.2800229130830466e-007 -1.1883087190235192e-006 5.1988890687092752e-007</location_covariance>
      </camera>
      <camera id="5" sensor_id="0" label="DSC00606.JPG">
        <transform>9.9989766643940903e-001 -1.4126434206433461e-002 -2.2584299051329098e-003 2.3926131905015615e+000 -1.4121309895093175e-002 -9.9989771479871670e-001 2.2690410201331133e-003 1.0218480331895714e+001 -2.2902523598580882e-003 -2.2369168325196672e-003 -9.9999487546047583e-001 4.9401203393129567e-001 0 0 0 1</transform>
        <rotation_covariance>1.9440251052771951e-008 -6.3149244749248874e-010 -2.1550442015910754e-010 -6.3149244749248863e-010 7.6139272094147409e-009 6.5369764857482147e-012 -2.1550442015910757e-010 6.5369764857482131e-012 2.3371618493354215e-010</rotation_covariance>
        <location_covariance>2.8080830251655390e-006 -1.0301170288779497e-006 3.8304814229518210e-007 -1.0301170288779497e-006 5.6900871437023246e-006 -1.1821035146712303e-006 3.8304814229518210e-007 -1.1821035146712303e-006 4.8985799614730692e-007</location_covariance>
      </camera>
      <camera id="6" sensor_id="0" label="DSC00607.JPG">
        <transform>9.9994586053034984e-001 -9.9075075199233295e-003 -3.1807708123986565e-003 3.6373112424136584e+000 -9.9006845806506143e-003 -9.9994866772281965e-001 2.1536861870727147e-003 1.0339927682164275e+001 -3.2019451982836450e-003 -2.1220777791078542e-003 -9.9999262213920692e-001 4.6817314450474290e-001 0 0 0 1</transform>
        <rotation_covariance>1.9351049758827365e-008 -9.8872458985827816e-010 -1.9014439377974462e-010 -9.8872458985827796e-010 7.5193051943268238e-009 1.5710599216358479e-012 -1.9014439377974467e-010 1.5710599216358451e-012 2.2763476420683843e-010</rotation_covariance>
        <location_covariance>2.4900330841176728e-006 -1.0075151479826227e-006 2.4826230680043547e-007 -1.0075151479826227e-006 5.6682401739004572e-006 -1.1697017518165746e-006 2.4826230680043547e-007 -1.1697017518165746e-006 4.6983201989746617e-007</location_covariance>
      </camera>
      <camera id="7" sensor_id="0" label="DSC00608.JPG">
        <transform>9.9994517804618588e-001 -1.0214258973058533e-002 -2.3043037590081174e-003 4.6058713884070190e+000 -1.0213870875001980e-002 -9.9994782083639233e-001 1.8012856257362586e-004 1.0510672626078037e+001 -2.3060234021518465e-003 -1.5658282652259716e-004 -9.9999732886537607e-001 4.3301791644774862e-001 0 0 0 1</transform>
        <rotation_covariance>1.9272763109892083e-008 -9.9160666016764993e-010 -1.6077751908296829e-010 -9.9160666016765014e-010 7.3219515339678770e-009 -3.6783293809183882e-012 -1.6077751908296827e-010 -3.6783293809183874e-012 2.2304072416194554e-010</rotation_covariance>
        <location_covariance>2.2357730877530683e-006 -9.1452718477947807e-007 1.4477276453862728e-007 -9.1452718477947807e-007 5.6557955631750972e-006 -1.1920319831469690e-006 1.4477276453862728e-007 -1.1920319831469690e-006 4.7443241823219087e-007</location_covariance>
      </camera>
      <camera id="8" sensor_id="0" label="DSC00609.JPG">
        <transform>9.9994278105970213e-001 -1.0422860540145353e-002 -2.4080250723390239e-003 5.8088348632808806e+000 -1.0426796388536079e-002 -9.9994431463923839e-001 -1.6277400700863824e-003 1.0684831588707688e+001 -2.3909252728480310e-003 1.6527549196522608e-003 -9.9999577592983624e-001 4.2633774398067237e-001 0 0 0 1</transform>
        <rotation_covariance>1.9479408206743358e-008 -9.3932491825015464e-010 -1.6958105313166485e-010 -9.3932491825015444e-010 7.3094789691388715e-009 1.2910510413274778e-011 -1.6958105313166482e-010 1.2910510413274778e-011 2.2160688758032491e-010</rotation_covariance>
        <location_covariance>2.0211494273281696e-006 -7.8455306777724577e-007 3.8197094657976125e-008 -7.8455306777724577e-007 5.7314173264066379e-006 -1.1929414305109868e-006 3.8197094657976125e-008 -1.1929414305109868e-006 4.8756455291186014e-007</location_covariance>
      </camera>
      <camera id="9" sensor_id="0" label="DSC00610.JPG">
        <transform>9.9993837599080471e-001 -1.0944688642599435e-002 -1.8595729053065217e-003 6.5163258750348119e+000 -1.0944759474680611e-002 -9.9994010393653909e-001 -2.7918178420847401e-005 1.0782050690359855e+001 -1.8591559684394906e-003 4.8269036164976553e-005 -9.9999827060309721e-001 4.2681672808291260e-001 0 0 0 1</transform>
        <rotation_covariance>2.0042511309763601e-008 -9.0369028128626504e-010 -1.6821940587331648e-010 -9.0369028128626525e-010 7.4660327052561051e-009 -1.3201251924864118e-011 -1.6821940587331646e-010 -1.3201251924864115e-011 2.2519883059389760e-010</rotation_covariance>
        <location_covariance>1.9520112481605227e-006 -7.0450830387465346e-007 -2.1586198687243589e-008 -7.0450830387465346e-007 5.8826250368263823e-006 -1.2005314867936024e-006 -2.1586198687243589e-008 -1.2005314867936024e-006 5.0217459035343961e-007</location_covariance>
      </camera>
      <camera id="10" sensor_id="0" label="DSC00611.JPG">
        <transform>9.9993902101440413e-001 -1.0724168881082647e-002 -2.6356127492463315e-003 7.8345851196787919e+000 -1.0726186162202285e-002 -9.9994218970090232e-001 -7.5245370524017153e-004 1.0970290827874939e+001 -2.6273909430748000e-003 7.8067789437640846e-004 -9.9999624367237372e-001 3.8992063619495065e-001 0 0 0 1</transform>
        <rotation_covariance>1.9822221389178911e-008 -3.6287339234232498e-010 -1.8516700172101597e-010 -3.6287339234232503e-010 7.5119096722852216e-009 2.6613765552816719e-012 -1.8516700172101597e-010 2.6613765552816736e-012 2.2727728282863323e-010</rotation_covariance>
        <location_covariance>1.7801126000091862e-006 -4.4793670550324026e-007 -1.3316272462464176e-007 -4.4793670550324026e-007 5.8298156116367092e-006 -1.1927008555150941e-006 -1.3316272462464176e-007 -1.1927008555150941e-006 5.4174466627210093e-007</location_covariance>
      </camera>
      <camera id="11" sensor_id="0" label="DSC00612.JPG">
        <transform>9.9992676743706066e-001 -1.1934876879243146e-002 -2.0046138648837824e-003 8.5669736165368331e+000 -1.1936456548301335e-002 -9.9992845537165653e-001 -7.7790945713368108e-004 1.1113669414938816e+001 -1.9951861919357576e-003 8.0178047512470833e-004 -9.9999768818739232e-001 3.8199587886163200e-001 0 0 0 1</transform>
        <rotation_covariance>2.0007570504301061e-008 -2.0256145943551299e-010 -1.9904439668919060e-010 -2.0256145943551301e-010 7.5583742287996669e-009 -4.0561645854975926e-012 -1.9904439668919055e-010 -4.0561645854975910e-012 2.3074672491624984e-010</rotation_covariance>
        <location_covariance>1.7050685782308588e-006 -3.3886572963225634e-007 -1.8123810387731581e-007 -3.3886572963225634e-007 5.8916978330891883e-006 -1.2053740714476834e-006 -1.8123810387731581e-007 -1.2053740714476834e-006 5.7697735132190751e-007</location_covariance>
      </camera>
      <camera id="12" sensor_id="0" label="DSC00613.JPG">
        <transform>9.9993015389158013e-001 -1.1442525011595867e-002 -2.9590470966525118e-003 9.7291467472393229e+000 -1.1447124840375683e-002 -9.9993329015801524e-001 -1.5422602423971880e-003 1.1300976254505427e+001 -2.9412023476902494e-003 1.5760251030450183e-003 -9.9999443272131494e-001 3.5926052104153927e-001 0 0 0 1</transform>
        <rotation_covariance>1.9954913104622616e-008 4.2688630516421323e-011 -2.3457695111860864e-010 4.2688630516421355e-011 7.7477435303148975e-009 -6.0268162364267576e-012 -2.3457695111860869e-010 -6.0268162364267592e-012 2.3552508207207499e-010</rotation_covariance>
        <location_covariance>1.6295785989482410e-006 -1.7353739250108420e-007 -2.5156034796582450e-007 -1.7353739250108420e-007 5.8954776865629765e-006 -1.2096476309616153e-006 -2.5156034796582450e-007 -1.2096476309616153e-006 6.3734794322701116e-007</location_covariance>
      </camera>
      <camera id="13" sensor_id="0" label="DSC00614.JPG">
        <transform>9.9991748146324611e-001 -1.2530590018232878e-002 -2.8310030013411788e-003 1.0857902566142432e+001 -1.2531390285636313e-002 -9.9992144389946125e-001 -2.6511794671387991e-004 1.1526555624611978e+001 -2.8274585244880321e-003 3.0057247307846397e-004 -9.9999595755906967e-001 3.3605287336845235e-001 0 0 0 1</transform>
        <rotation_covariance>2.0137782113732200e-008 5.6653895519955007e-010 -2.5806024081451521e-010 5.6653895519954997e-010 7.7957720977838865e-009 -1.8580704854833333e-011 -2.5806024081451521e-010 -1.8580704854833333e-011 2.4273269241463129e-010</rotation_covariance>
        <location_covariance>1.5475069873472257e-006 6.4935270164099311e-008 -3.2384272080743219e-007 6.4935270164099311e-008 5.9655932357333012e-006 -1.2236676949103067e-006 -3.2384272080743219e-007 -1.2236676949103067e-006 7.1683979284843319e-007</location_covariance>
      </camera>
      <camera id="14" sensor_id="0" label="DSC00615.JPG">
        <transform>9.9991572514055549e-001 -1.2608086467841687e-002 -3.0949591688405739e-003 1.1754351889571096e+001 -1.2617001396666123e-002 -9.9991626056479233e-001 -2.8780434115787748e-003 1.1741700333780884e+001 -3.0584133785163973e-003 2.9168499690306743e-003 -9.9999106900705081e-001 3.3186345886432694e-001 0 0 0 1</transform>
        <rotation_covariance>2.0490134948275546e-008 7.5100261077706322e-010 -2.7029066974659771e-010 7.5100261077706322e-010 8.0850726454063138e-009 -2.9509561852413714e-011 -2.7029066974659776e-010 -2.9509561852413720e-011 2.5355236690084508e-010</rotation_covariance>
        <location_covariance>1.5581946308573676e-006 1.9555614642347532e-007 -3.6830013506698606e-007 1.9555614642347532e-007 6.0890046338821397e-006 -1.2593595080196811e-006 -3.6830013506698606e-007 -1.2593595080196811e-006 7.9760796994608635e-007</location_covariance>
      </camera>
      <camera id="15" sensor_id="0" label="DSC00616.JPG">
        <transform>9.9990053774320842e-001 -1.3288478232679512e-002 -4.7255652680573282e-003 1.2856140022218302e+001 -1.3305759743729264e-002 -9.9990483235116745e-001 -3.6445848084456557e-003 1.1989662313376474e+001 -4.6766845612271771e-003 3.7070995459256213e-003 -9.9998219285868850e-001 3.0796013384588666e-001 0 0 0 1</transform>
        <rotation_covariance>2.0621222055394225e-008 8.8846756037063432e-010 -2.7573965301076156e-010 8.8846756037063432e-010 8.1960979693610143e-009 -3.7405888542330055e-011 -2.7573965301076162e-010 -3.7405888542330042e-011 2.6284726435226127e-010</rotation_covariance>
        <location_covariance>1.5213945906677771e-006 3.4021083000705244e-007 -4.1639352420501465e-007 3.4021083000705244e-007 6.1565387142370548e-006 -1.2899880657074779e-006 -4.1639352420501465e-007 -1.2899880657074779e-006 9.0600697046732075e-007</location_covariance>
      </camera>
      <camera id="16" sensor_id="0" label="DSC00617.JPG">
        <transform>9.9988894144894447e-001 -1.3595086737011325e-002 -6.1056027321557058e-003 1.3445243397364896e+001 -1.3607709217561619e-002 -9.9990534898400740e-001 -2.0305967154193309e-003 1.2087041543330329e+001 -6.0774186921798441e-003 2.1134544668674625e-003 -9.9997929893186110e-001 3.0137352283945801e-001 0 0 0 1</transform>
        <rotation_covariance>2.0212807841179630e-008 8.2349237351382015e-010 -2.7950362021906649e-010 8.2349237351382026e-010 8.1684770145751066e-009 -3.4952565697897369e-011 -2.7950362021906655e-010 -3.4952565697897375e-011 2.6820947388265232e-010</rotation_covariance>
        <location_covariance>1.4897192944874198e-006 3.8668357627960332e-007 -4.3820982976208567e-007 3.8668357627960332e-007 6.0772779156895211e-006 -1.2748032125212396e-006 -4.3820982976208567e-007 -1.2748032125212396e-006 9.6229404543237726e-007</location_covariance>
      </camera>
      <camera id="17" sensor_id="0" label="DSC00618.JPG">
        <transform>9.9986369739698444e-001 -1.4218387081965558e-002 -8.3919066021281540e-003 1.4545364347944467e+001 -1.4252030641656796e-002 -9.9989058132853326e-001 -3.9629525706346902e-003 1.2232305547533212e+001 -8.3346415772199214e-003 4.0820141199191381e-003 -9.9995693452793455e-001 2.7702740664621955e-001 0 0 0 1</transform>
        <rotation_covariance>1.9889249391046263e-008 4.1456866106877993e-010 -2.7529538367501826e-010 4.1456866106877978e-010 7.9382531807169502e-009 1.4491372001056906e-011 -2.7529538367501826e-010 1.4491372001056911e-011 2.6956558698356862e-010</rotation_covariance>
        <location_covariance>1.3886773761348691e-006 4.0411109754585042e-007 -4.3944872382115525e-007 4.0411109754585042e-007 6.0196408613222052e-006 -1.2435723145172169e-006 -4.3944872382115525e-007 -1.2435723145172169e-006 1.0671277363235032e-006</location_covariance>
      </camera>
      <camera id="18" sensor_id="0" label="DSC00619.JPG">
        <transform>9.9984370955433277e-001 -1.3755980633987018e-002 -1.1105379841706267e-002 1.5442919545678290e+001 -1.3826870464008921e-002 -9.9988435481670568e-001 -6.3320333188984970e-003 1.2326886467561044e+001 -1.1016992230310394e-002 6.4845963311139943e-003 -9.9991828460760723e-001 2.9241722272452891e-001 0 0 0 1</transform>
        <rotation_covariance>1.9493422015920825e-008 6.7014551821464284e-010 -3.2098692009934426e-010 6.7014551821464294e-010 7.8584487752926072e-009 4.0200969426426150e-011 -3.2098692009934431e-010 4.0200969426426157e-011 2.6991810563652672e-010</rotation_covariance>
        <location_covariance>1.3665270908735916e-006 5.6631418709415479e-007 -4.4305971907865446e-007 5.6631418709415479e-007 5.9592294674022482e-006 -1.2300827297897305e-006 -4.4305971907865446e-007 -1.2300827297897305e-006 1.1610998955626286e-006</location_covariance>
      </camera>
      <camera id="19" sensor_id="0" label="DSC00620.JPG">
        <transform>9.9981351356470805e-001 -1.4539490917002112e-002 -1.2709889742577965e-002 1.6486587952632505e+001 -1.4641644157873619e-002 -9.9986094896344346e-001 -7.9815408460123423e-003 1.2404557996478527e+001 -1.2592074878600463e-002 8.1661460798084645e-003 -9.9988737051152665e-001 2.7244088079020118e-001 0 0 0 1</transform>
        <rotation_covariance>1.9824680302216278e-008 8.3250467233532762e-010 -3.6617186678373261e-010 8.3250467233532762e-010 8.1207161090638142e-009 5.9151541224391923e-011 -3.6617186678373266e-010 5.9151541224391910e-011 2.7870646137253144e-010</rotation_covariance>
        <location_covariance>1.4398200542865782e-006 7.3387529564988712e-007 -4.3935429820514190e-007 7.3387529564988712e-007 6.0494163806392259e-006 -1.2189391640529085e-006 -4.3935429820514190e-007 -1.2189391640529085e-006 1.2763629714573362e-006</location_covariance>
      </camera>
      <camera id="20" sensor_id="0" label="DSC00621.JPG">
        <transform>9.9979790698777737e-001 -1.5224215705073407e-002 -1.3128916140509409e-002 1.7488250389992576e+001 -1.5314901053636526e-002 -9.9985936085110638e-001 -6.8346414781162981e-003 1.2488893671155637e+001 -1.3023017644787827e-002 7.0343282964659181e-003 -9.9989045361821571e-001 2.3743649039012701e-001 0 0 0 1</transform>
        <rotation_covariance>2.0019913845379941e-008 9.0631885648691184e-010 -3.6908079842445795e-010 9.0631885648691195e-010 8.3065741315226118e-009 5.6831173602093586e-011 -3.6908079842445800e-010 5.6831173602093592e-011 2.8431927373830998e-010</rotation_covariance>
        <location_covariance>1.5069627392309232e-006 8.7701190428058423e-007 -4.2782845601644710e-007 8.7701190428058423e-007 6.1031518109504995e-006 -1.2165547567239503e-006 -4.2782845601644710e-007 -1.2165547567239503e-006 1.3997353590978088e-006</location_covariance>
      </camera>
      <camera id="21" sensor_id="0" label="DSC00622.JPG">
        <transform>9.9979792311644455e-001 -1.5441158288618060e-002 -1.2871812721970542e-002 1.8302984937099598e+001 -1.5498527608292016e-002 -9.9987034448423118e-001 -4.3691947724783190e-003 1.2627506009955502e+001 -1.2802678392377555e-002 4.5678060040552759e-003 -9.9990760901909870e-001 2.0388197392551910e-001 0 0 0 1</transform>
        <rotation_covariance>2.0791071301682964e-008 1.0112009151071447e-009 -3.7154044276178193e-010 1.0112009151071443e-009 8.6967748730067866e-009 4.5645276135077339e-011 -3.7154044276178188e-010 4.5645276135077333e-011 2.9689068732415387e-010</rotation_covariance>
        <location_covariance>1.6341506522457373e-006 1.0059106641315407e-006 -4.1647997436613575e-007 1.0059106641315407e-006 6.2998738258635838e-006 -1.2228917406985757e-006 -4.1647997436613575e-007 -1.2228917406985757e-006 1.5236133425448010e-006</location_covariance>
      </camera>
      <camera id="22" sensor_id="0" label="DSC00623.JPG">
        <transform>9.9977986830077925e-001 -1.6315628954606386e-002 -1.3191481808097797e-002 1.9290730745986007e+001 -1.6398528050798090e-002 -9.9984630778859629e-001 -6.2007321566725114e-003 1.2881119587154812e+001 -1.3088285534971855e-002 6.4156880634281309e-003 -9.9989376222098103e-001 1.7960451881198594e-001 0 0 0 1</transform>
        <rotation_covariance>2.1137661794063442e-008 9.7386448392800909e-010 -3.8916987034997112e-010 9.7386448392800888e-010 8.9029882948459749e-009 7.4497390098670272e-011 -3.8916987034997117e-010 7.4497390098670272e-011 3.1535495740286373e-010</rotation_covariance>
        <location_covariance>1.7454185309602992e-006 1.1319774487702239e-006 -3.9307511174870817e-007 1.1319774487702239e-006 6.4363193419661693e-006 -1.2542368350905320e-006 -3.9307511174870817e-007 -1.2542368350905320e-006 1.7066994539941396e-006</location_covariance>
      </camera>
      <camera id="23" sensor_id="0" label="DSC00624.JPG">
        <transform>9.9976936176488973e-001 -1.6670819896386472e-002 -1.3539093034917647e-002 1.9750908333846890e+001 -1.6750381758786893e-002 -9.9984297001167732e-001 -5.7844644664030677e-003 1.2916932130739655e+001 -1.3440535225980023e-002 6.0099153247300799e-003 -9.9989161059118237e-001 1.5810772747148449e-001 0 0 0 1</transform>
        <rotation_covariance>2.1247664282434899e-008 7.9374814329000300e-010 -3.8563583171810217e-010 7.9374814329000300e-010 8.9685666978147426e-009 7.6064385470121676e-011 -3.8563583171810222e-010 7.6064385470121689e-011 3.2087838547455096e-010</rotation_covariance>
        <location_covariance>1.8002878160459583e-006 1.1519836504213277e-006 -3.7940855026841989e-007 1.1519836504213277e-006 6.4604322739290550e-006 -1.2476405716224170e-006 -3.7940855026841989e-007 -1.2476405716224170e-006 1.7769747131903738e-006</location_covariance>
      </camera>
      <camera id="24" sensor_id="0" label="DSC00625.JPG">
        <transform>9.9974538081202713e-001 -1.7180234118982167e-002 -1.4629186601856000e-002 2.0587274502989750e+001 -1.7285115621193836e-002 -9.9982558124188270e-001 -7.0733211642983280e-003 1.3016199243330066e+001 -1.4505113683695241e-002 7.3243873428643037e-003 -9.9986796879741813e-001 1.0984323208261412e-001 0 0 0 1</transform>
        <rotation_covariance>2.1628049661441926e-008 7.9543619763493835e-010 -3.9431255979535002e-010 7.9543619763493814e-010 9.0732881600555215e-009 8.6907282374812139e-011 -3.9431255979535002e-010 8.6907282374812139e-011 3.3775591199447226e-010</rotation_covariance>
        <location_covariance>1.9101182656494204e-006 1.2669142561354401e-006 -3.4694349190665911e-007 1.2669142561354401e-006 6.5482202019500137e-006 -1.2464150520184721e-006 -3.4694349190665911e-007 -1.2464150520184721e-006 1.9179210857629379e-006</location_covariance>
      </camera>
      <camera id="25" sensor_id="0" label="DSC00626.JPG">
        <transform>9.9971963149566923e-001 -1.7804363300644114e-002 -1.5609710106929499e-002 2.1112697862504454e+001 -1.7877375859546216e-002 -9.9982983228162647e-001 -4.5503749374197870e-003 1.3070845717971862e+001 -1.5526037309636163e-002 4.8281598102445731e-003 -9.9986780678162979e-001 9.0277595646230030e-002 0 0 0 1</transform>
        <rotation_covariance>2.1684191709276302e-008 8.6792493480146383e-010 -3.7326427315490890e-010 8.6792493480146362e-010 9.0607394778101064e-009 4.2521982812535812e-011 -3.7326427315490890e-010 4.2521982812535806e-011 3.4584409449946113e-010</rotation_covariance>
        <location_covariance>1.9790088140312195e-006 1.3567707885599381e-006 -3.3441109373610242e-007 1.3567707885599381e-006 6.5610991223482895e-006 -1.2366469794449765e-006 -3.3441109373610242e-007 -1.2366469794449765e-006 2.0098561135936269e-006</location_covariance>
      </camera>
      <camera id="26" sensor_id="0" label="DSC00627.JPG">
        <transform>9.9973876787202376e-001 -1.4843550089056553e-002 -1.7380018253200607e-002 2.1085657072215913e+001 -1.4893170192885724e-002 -9.9988536628801405e-001 -2.7290593048941562e-003 1.3121748748610267e+001 -1.7337516988705660e-002 2.9871899567249422e-003 -9.9984523162378924e-001 1.0335654230221621e-001 0 0 0 1</transform>
        <rotation_covariance>2.1927836094050595e-008 8.9415778411565583e-010 -4.2736282986461401e-010 8.9415778411565583e-010 9.1874068094766299e-009 1.6907152839475199e-011 -4.2736282986461401e-010 1.6907152839475195e-011 3.5210358006774074e-010</rotation_covariance>
        <location_covariance>2.0062077585542182e-006 1.3559268607003819e-006 -3.3452443545239352e-007 1.3559268607003819e-006 6.6427191608385253e-006 -1.2532877242754497e-006 -3.3452443545239352e-007 -1.2532877242754497e-006 2.0204923755931716e-006</location_covariance>
      </camera>
      <camera id="27" sensor_id="0" label="DSC00628.JPG">
        <transform>9.9968090420867739e-001 -1.4725504301052026e-002 -2.0524358299375590e-002 2.1211575034866801e+001 -1.4849038479629919e-002 -9.9987246033857180e-001 -5.8795503843081026e-003 1.1433554729898615e+001 -2.0435161285194677e-002 6.1824412306827397e-003 -9.9977206482461656e-001 7.1194919100679266e-002 0 0 0 1</transform>
        <rotation_covariance>1.9658717303455066e-008 8.0764735594171918e-010 -4.1581853642132538e-010 8.0764735594171928e-010 8.9730540666141858e-009 9.3316381449540783e-011 -4.1581853642132543e-010 9.3316381449540770e-011 3.1071936087748486e-010</rotation_covariance>
        <location_covariance>1.9498330601335085e-006 1.2120642552015954e-006 -2.5935681027131845e-007 1.2120642552015954e-006 5.6778537754040373e-006 -8.8809949528612507e-007 -2.5935681027131845e-007 -8.8809949528612507e-007 1.6789812287107960e-006</location_covariance>
      </camera>
      <camera id="28" sensor_id="0" label="DSC00629.JPG">
        <transform>9.9974076315584248e-001 -1.2876659337159620e-002 -1.8777596461938405e-002 2.0876745275355816e+001 -1.2921709259417697e-002 -9.9991391232649074e-001 -2.2797731786509887e-003 1.1600716954091109e+001 -1.8746624079757419e-002 2.5218208195185998e-003 -9.9982108624761790e-001 6.0863361806236305e-002 0 0 0 1</transform>
        <rotation_covariance>1.9664260622037564e-008 7.7809471319606649e-010 -4.0611897746586446e-010 7.7809471319606639e-010 8.8348975677273646e-009 6.5453000829867829e-011 -4.0611897746586451e-010 6.5453000829867855e-011 3.0384574026439198e-010</rotation_covariance>
        <location_covariance>1.8731003295715517e-006 1.1741616136238030e-006 -2.8185320475208185e-007 1.1741616136238030e-006 5.7056346796142007e-006 -9.1588237774553036e-007 -2.8185320475208185e-007 -9.1588237774553036e-007 1.6559973902820031e-006</location_covariance>
      </camera>
      <camera id="29" sensor_id="0" label="DSC00630.JPG">
        <transform>9.9977836848594304e-001 -7.4528383094288105e-003 -1.9689314582272237e-002 1.9616928948831944e+001 -7.4651327903001285e-003 -9.9997198370435292e-001 -5.5099800780375235e-004 1.1578109999648161e+001 -1.9684656461552832e-002 6.9785923718769527e-004 -9.9980599482723431e-001 1.1800675036977716e-001 0 0 0 1</transform>
        <rotation_covariance>1.9846120507743100e-008 1.0129342368523125e-009 -4.5237202923465631e-010 1.0129342368523122e-009 8.8256860109411113e-009 4.6858866147017135e-011 -4.5237202923465631e-010 4.6858866147017135e-011 2.8983698091881764e-010</rotation_covariance>
        <location_covariance>1.7375335559992900e-006 1.0727320814403095e-006 -3.3463878995977805e-007 1.0727320814403095e-006 5.7704595599013688e-006 -9.5295101916392344e-007 -3.3463878995977805e-007 -9.5295101916392344e-007 1.4776227529284752e-006</location_covariance>
      </camera>
      <camera id="30" sensor_id="0" label="DSC00631.JPG">
        <transform>9.9978088899414841e-001 -8.3004873454309760e-003 -1.9216553070150810e-002 1.8482685886844099e+001 -8.3380772197618590e-003 -9.9996347633434657e-001 -1.8768232750848235e-003 1.1428878511936210e+001 -1.9200272663347010e-002 2.0366411458457839e-003 -9.9981358343568039e-001 1.5128456633977500e-001 0 0 0 1</transform>
        <rotation_covariance>1.9911489957038799e-008 9.9618948545171540e-010 -4.3595932508274970e-010 9.9618948545171520e-010 8.6619004064156225e-009 5.5791467775775405e-011 -4.3595932508274970e-010 5.5791467775775411e-011 2.7815206191642899e-010</rotation_covariance>
        <location_covariance>1.6209471193744802e-006 9.3931553105290638e-007 -3.6928278736208915e-007 9.3931553105290638e-007 5.7628454894755068e-006 -9.5058741623220978e-007 -3.6928278736208915e-007 -9.5058741623220978e-007 1.3079426707444030e-006</location_covariance>
      </camera>
      <camera id="31" sensor_id="0" label="DSC00632.JPG">
        <transform>9.9979874134490143e-001 -8.2555068347549172e-003 -1.8284512901699069e-002 1.6957667361347486e+001 -8.3088812197882750e-003 -9.9996143331923115e-001 -2.8450601090683272e-003 1.1111262848900800e+001 -1.8260320315551273e-002 2.9964113619590053e-003 -9.9982877645170998e-001 1.8968622158273199e-001 0 0 0 1</transform>
        <rotation_covariance>1.9031909238022742e-008 1.0075987372698857e-009 -4.0049224611004521e-010 1.0075987372698861e-009 7.9964030399693378e-009 5.4282267423577991e-011 -4.0049224611004526e-010 5.4282267423577984e-011 2.5633993905248121e-010</rotation_covariance>
        <location_covariance>1.3983584151239114e-006 7.6752567748591255e-007 -3.9466497093753386e-007 7.6752567748591255e-007 5.4996996388875260e-006 -9.3132954673681999e-007 -3.9466497093753386e-007 -9.3132954673681999e-007 1.0829470516633042e-006</location_covariance>
      </camera>
      <camera id="32" sensor_id="0" label="DSC00633.JPG">
        <transform>9.9981137954663257e-001 -8.0002428450739651e-003 -1.7697498226576684e-002 1.5884281240091829e+001 -8.0841039091735529e-003 -9.9995640829078869e-001 -4.6721282271819349e-003 1.0905382279574923e+001 -1.7659348601959442e-002 4.8143153828335934e-003 -9.9983247085416715e-001 1.9176539140616733e-001 0 0 0 1</transform>
        <rotation_covariance>1.9529340887597244e-008 7.3306018304520052e-010 -3.9459442556327587e-010 7.3306018304520072e-010 7.8428495727779389e-009 7.4484596472290676e-011 -3.9459442556327592e-010 7.4484596472290689e-011 2.5285108799571316e-010</rotation_covariance>
        <location_covariance>1.3428570022272388e-006 5.8544441426276964e-007 -4.0755560910351519e-007 5.8544441426276964e-007 5.5627853272913422e-006 -9.0948509612591682e-007 -4.0755560910351519e-007 -9.0948509612591682e-007 9.4679981750831501e-007</location_covariance>
      </camera>
      <camera id="33" sensor_id="0" label="DSC00634.JPG">
        <transform>9.9983720857266989e-001 -8.8252423053890704e-003 -1.5737580877076135e-002 1.4658879844581664e+001 -8.8868548339978825e-003 -9.9995310199599885e-001 -3.8493661476969917e-003 1.0746009305027961e+001 -1.5702871226969603e-002 3.9885971005803687e-003 -9.9986874685050464e-001 2.2771497362305820e-001 0 0 0 1</transform>
        <rotation_covariance>1.9499133518142409e-008 4.9325964995602874e-010 -3.8339647897762087e-010 4.9325964995602874e-010 7.7259034069857733e-009 7.1953967416923641e-011 -3.8339647897762081e-010 7.1953967416923628e-011 2.4750868970863366e-010</rotation_covariance>
        <location_covariance>1.3273844303487618e-006 4.1058417097734743e-007 -4.1830510198706667e-007 4.1058417097734743e-007 5.5413826502366580e-006 -9.0596984353627791e-007 -4.1830510198706667e-007 -9.0596984353627791e-007 8.2239101243773759e-007</location_covariance>
      </camera>
      <camera id="34" sensor_id="0" label="DSC00635.JPG">
        <transform>9.9983044228268492e-001 -8.9084781302660905e-003 -1.6116007638819062e-002 1.3976838331640540e+001 -9.0089609150207604e-003 -9.9994036364962058e-001 -6.1731489125148578e-003 1.0716512910058137e+001 -1.6060053176858782e-002 6.3172906904008985e-003 -9.9985107217539626e-001 2.4151613942860928e-001 0 0 0 1</transform>
        <rotation_covariance>1.9896275711298118e-008 5.3172764774220034e-010 -4.0746257649024782e-010 5.3172764774220034e-010 8.0128214095113740e-009 8.8902273186077159e-011 -4.0746257649024777e-010 8.8902273186077159e-011 2.4884669380634181e-010</rotation_covariance>
        <location_covariance>1.4219492412934915e-006 3.6317758778073428e-007 -4.2818786019994191e-007 3.6317758778073428e-007 5.6430454401738456e-006 -9.3180681553772718e-007 -4.2818786019994191e-007 -9.3180681553772718e-007 7.6996605273307497e-007</location_covariance>
      </camera>
      <camera id="35" sensor_id="0" label="DSC00636.JPG">
        <transform>9.9984786537723336e-001 -9.2924701475531560e-003 -1.4761304114007921e-002 1.2922931761335075e+001 -9.3969272437433981e-003 -9.9993118605058495e-001 -7.0228855783243038e-003 1.0627138371930222e+001 -1.4695028375787060e-002 7.1605280550582169e-003 -9.9986638256269400e-001 2.6192420295383639e-001 0 0 0 1</transform>
        <rotation_covariance>2.0072122825815201e-008 4.0670284138383055e-010 -4.1011398996114684e-010 4.0670284138383050e-010 7.8499205455846765e-009 1.0977884875639799e-010 -4.1011398996114700e-010 1.0977884875639797e-010 2.3998215185357495e-010</rotation_covariance>
        <location_covariance>1.4217067984568866e-006 2.3809011753706620e-007 -3.9621835586681519e-007 2.3809011753706620e-007 5.6813785872953111e-006 -9.2565936898491136e-007 -3.9621835586681519e-007 -9.2565936898491136e-007 6.8514793529314195e-007</location_covariance>
      </camera>
      <camera id="36" sensor_id="0" label="DSC00637.JPG">
        <transform>9.9985187787918284e-001 -9.5597423808631062e-003 -1.4312009889708583e-002 1.1864556697148785e+001 -9.6737081108033227e-003 -9.9992188298887585e-001 -7.9150041925309025e-003 1.0463914603302831e+001 -1.4235226477248774e-002 8.0522820114756009e-003 -9.9986625059632306e-001 2.7823172923452133e-001 0 0 0 1</transform>
        <rotation_covariance>1.9417562363785393e-008 -4.6452718653710030e-011 -3.8622368532709163e-010 -4.6452718653710024e-011 7.7101152919321580e-009 1.2911668767824643e-010 -3.8622368532709168e-010 1.2911668767824643e-010 2.3111970000121550e-010</rotation_covariance>
        <location_covariance>1.4438097558344987e-006 3.4248367271384338e-008 -3.6104415896858371e-007 3.4248367271384338e-008 5.5056048431454569e-006 -9.0603466781164694e-007 -3.6104415896858371e-007 -9.0603466781164694e-007 6.0239077599323448e-007</location_covariance>
      </camera>
      <camera id="37" sensor_id="0" label="DSC00638.JPG">
        <transform>9.9986158553693572e-001 -9.9430107105724884e-003 -1.3339651628659438e-002 1.1262967768967087e+001 -1.0046161475224687e-002 -9.9991998109026048e-001 -7.6880463101452346e-003 1.0337000065739174e+001 -1.3262141877474657e-002 7.8209944676279602e-003 -9.9988146679411904e-001 2.8392483645072841e-001 0 0 0 1</transform>
        <rotation_covariance>1.9797685874058458e-008 -3.2391910455360014e-010 -3.7185457303436556e-010 -3.2391910455360014e-010 7.8421754776531033e-009 1.4030858518373456e-010 -3.7185457303436546e-010 1.4030858518373453e-010 2.3016947024902842e-010</rotation_covariance>
        <location_covariance>1.5123546926489889e-006 -8.2803184130379437e-008 -3.3730426272108612e-007 -8.2803184130379437e-008 5.5788605549287842e-006 -8.8935789623482290e-007 -3.3730426272108612e-007 -8.8935789623482290e-007 5.5697551473521934e-007</location_covariance>
      </camera>
      <camera id="38" sensor_id="0" label="DSC00639.JPG">
        <transform>9.9986844103354178e-001 -1.0112381306871306e-002 -1.2682285655923607e-002 1.0171239024589244e+001 -1.0194207727650718e-002 -9.9992753044480642e-001 -6.4040602242884182e-003 1.0078526033673906e+001 -1.2616606277423113e-002 6.5325035671820681e-003 -9.9989906872803180e-001 2.9830130793540371e-001 0 0 0 1</transform>
        <rotation_covariance>1.9427413286326030e-008 -2.4397062632158519e-011 -3.5487167397572670e-010 -2.4397062632158554e-011 7.4767983979365384e-009 1.2530882038331836e-010 -3.5487167397572675e-010 1.2530882038331836e-010 2.2256784342594075e-010</rotation_covariance>
        <location_covariance>1.5097460055495622e-006 -1.0093962000027503e-007 -2.7486848811878985e-007 -1.0093962000027503e-007 5.4555443319517767e-006 -8.5815681701039283e-007 -2.7486848811878985e-007 -8.5815681701039283e-007 4.7884436901936485e-007</location_covariance>
      </camera>
      <camera id="39" sensor_id="0" label="DSC00640.JPG">
        <transform>9.9987152623558107e-001 -1.0616466255904506e-002 -1.2009232596955173e-002 9.1724770355777139e+000 -1.0716747776097208e-002 -9.9990798463366881e-001 -8.3170657649329644e-003 9.8967265034704646e+000 -1.1919829714976857e-002 8.4446971569112749e-003 -9.9989329668194793e-001 3.5025874664411832e-001 0 0 0 1</transform>
        <rotation_covariance>2.0081222243114405e-008 -5.2034110871932740e-010 -3.2175690943140320e-010 -5.2034110871932740e-010 7.5572333759506379e-009 1.5201268206783916e-010 -3.2175690943140320e-010 1.5201268206783916e-010 2.2221038873402244e-010</rotation_covariance>
        <location_covariance>1.6305734811367049e-006 -2.9760282788267985e-007 -2.3273973288148338e-007 -2.9760282788267985e-007 5.6257170007027833e-006 -8.3162846260062060e-007 -2.3273973288148338e-007 -8.3162846260062060e-007 4.2807864268922298e-007</location_covariance>
      </camera>
      <camera id="40" sensor_id="0" label="DSC00641.JPG">
        <transform>9.9986904388496289e-001 -1.0774737506577320e-002 -1.2074771725984269e-002 8.2618887174000264e+000 -1.0860168228231501e-002 -9.9991630002817533e-001 -7.0320469294967792e-003 9.7285673473646472e+000 -1.1997992608131754e-002 7.1622600922118156e-003 -9.9990237033609775e-001 3.5528662042234205e-001 0 0 0 1</transform>
        <rotation_covariance>1.9779569863140282e-008 -6.8710185129273503e-010 -3.0825772082649096e-010 -6.8710185129273493e-010 7.3923748414671957e-009 1.3973228915295248e-010 -3.0825772082649085e-010 1.3973228915295243e-010 2.1595823939628193e-010</rotation_covariance>
        <location_covariance>1.6864032435129916e-006 -4.1144937203952186e-007 -1.7851601286629265e-007 -4.1144937203952186e-007 5.5296205525638084e-006 -8.2789165858188068e-007 -1.7851601286629265e-007 -8.2789165858188068e-007 3.8625939402907630e-007</location_covariance>
      </camera>
      <camera id="41" sensor_id="0" label="DSC00642.JPG">
