<?xml version="1.0" encoding="UTF-8"?>
<document version="1.5.0">
  <chunk label="SonyA9" enabled="true">
    <sensors next_id="1">
      <sensor id="0" label="SonyA9" type="frame">
        <resolution width="6000" height="4000"/>
        <property name="pixel_width" value="0.006"/>
        <property name="pixel_height" value="0.006"/>
        <property name="focal_length" value="55"/>
        <property name="fixed" value="true"/>
        <property name="layer_index" value="0"/>
        <calibration type="frame" class="initial">
          <resolution width="6000" height="4000"/>
          <f>9227.77018581081</f>
          <cx>-37.8304617831239</cx>
          <cy>31.7622333680372</cy>
          <k1>-0.017282082281574</k1>
        </calibration>
      </sensor>
    </sensors>
    <cameras next_id="600" next_group_id="0">
      <camera id="0" sensor_id="0" label="DSC00623.JPG">
        <transform>9.8668026774245154e-001 1.5945949231397041e-001 3.2167057040637617e-002 2.2503544077844269e+000 1.5791418005802579e-001 -9.8638399944952126e-001 4.5931659741058152e-002 1.0628526207695277e+001 3.9053309517712173e-002 -4.0240227893710394e-002 -9.9842654365495309e-001 6.6141807734827818e-001 0 0 0 1</transform>
        <rotation_covariance>8.7354403658932042e-009 8.5458609167488564e-010 2.4751291678219260e-010 8.5458609167488543e-010 4.3141500440989999e-009 -1.4249236072934030e-010 2.4751291678219260e-010 -1.4249236072934033e-010 1.9109774503276757e-010</rotation_covariance>
        <location_covariance>1.1207942154591721e-006 4.0383934585891345e-008 -1.2195467185285326e-007 4.0383934585891345e-008 2.9090702892004842e-006 -6.3536715496207956e-007 -1.2195467185285326e-007 -6.3536715496207956e-007 3.4060655029988588e-007</location_covariance>
      </camera>
      <camera id="1" sensor_id="0" label="DSC00624.JPG">
        <transform>9.9062872198514418e-001 1.3311472963409227e-001 3.0581104174345376e-002 2.5913698857100398e+000 1.3188068180529300e-001 -9.9048438282138251e-001 3.9346831556253022e-002 1.0712865528357913e+001 3.5527748938691671e-002 -3.4945044589864326e-002 -9.9875753960306191e-001 6.5153630647623861e-001 0 0 0 1</transform>
        <rotation_covariance>8.6336983862155392e-009 7.7291301795657467e-010 2.2077922806072822e-010 7.7291301795657446e-010 4.2914851185918754e-009 -1.1953747869803842e-010 2.2077922806072827e-010 -1.1953747869803840e-010 1.8328841971782464e-010</rotation_covariance>
        <location_covariance>1.1164427727750262e-006 6.5307653127634263e-008 -1.4577922829271924e-007 6.5307653127634263e-008 2.8726995787921761e-006 -6.4928180483762710e-007 -1.4577922829271924e-007 -6.4928180483762710e-007 3.5142447024912575e-007</location_covariance>
      </camera>
      <camera id="2" sensor_id="0" label="DSC00625.JPG">
        <transform>9.9385721783399128e-001 1.0578701368920453e-001 3.2510587413928024e-002 3.8912498350633662e+000 1.0470877190042314e-001 -9.9394681270770668e-001 3.3253670403373375e-002 1.0806464290730615e+001 3.5831601225506993e-002 -2.9645256667991438e-002 -9.9891804223905434e-001 6.4564603846047885e-001 0 0 0 1</transform>
        <rotation_covariance>9.1900773183856919e-009 5.9615937217440960e-010 2.2996179635567898e-010 5.9615937217440970e-010 4.3034376982008345e-009 -7.3426883780278027e-011 2.2996179635567903e-010 -7.3426883780278014e-011 1.7027579693528436e-010</rotation_covariance>
        <location_covariance>1.1159951115197036e-006 6.6563627715007427e-008 -2.1979477274495532e-007 6.6563627715007427e-008 3.0190486083842539e-006 -6.5644149247661891e-007 -2.1979477274495532e-007 -6.5644149247661891e-007 3.8757074740555687e-007</location_covariance>
      </camera>
      <camera id="3" sensor_id="0" label="DSC00626.JPG">
        <transform>9.9698803711923667e-001 7.1051870438378073e-002 3.1088350685416724e-002 5.1746468326342878e+000 7.0106379803285213e-002 -9.9707268431122364e-001 3.0514876884700573e-002 1.0927635525869043e+001 3.3165484347571925e-002 -2.8243475487603246e-002 -9.9905072781134197e-001 6.0028513150390295e-001 0 0 0 1</transform>
        <rotation_covariance>9.4687753001261200e-009 1.2792670849962454e-010 2.2297348386008307e-010 1.2792670849962441e-010 4.2276998281277276e-009 -7.0550320248360380e-011 2.2297348386008305e-010 -7.0550320248360341e-011 1.6424148649341640e-010</rotation_covariance>
        <location_covariance>1.0945820649849401e-006 8.4025028406585604e-009 -2.8025767437818859e-007 8.4025028406585604e-009 3.0666706724463941e-006 -6.6372666823609652e-007 -2.8025767437818859e-007 -6.6372666823609652e-007 4.3619480768783163e-007</location_covariance>
      </camera>
      <camera id="4" sensor_id="0" label="DSC00627.JPG">
        <transform>9.9808940335024299e-001 5.3818134715014135e-002 3.0350474390881704e-002 6.8090014494967770e+000 5.3066189995814209e-002 -9.9827650706800231e-001 2.5059826723998601e-002 1.1107154930949482e+001 3.1646838693353309e-002 -2.3401363462526626e-002 -9.9922512668007479e-001 5.8627025009309353e-001 0 0 0 1</transform>
        <rotation_covariance>9.0605881918476225e-009 1.9064970603778407e-010 1.9605723098358698e-010 1.9064970603778407e-010 4.1611350379171801e-009 -5.6772747779429554e-011 1.9605723098358701e-010 -5.6772747779429567e-011 1.6021611719522914e-010</rotation_covariance>
        <location_covariance>1.0545693957208584e-006 9.8651099507254312e-008 -3.4163075224224867e-007 9.8651099507254312e-008 2.9587984090231795e-006 -6.6580028383792598e-007 -3.4163075224224867e-007 -6.6580028383792598e-007 5.1475814116234807e-007</location_covariance>
      </camera>
      <camera id="5" sensor_id="0" label="DSC00628.JPG">
        <transform>9.9857844872314794e-001 4.5077692700149073e-002 2.8444390773962484e-002 8.0108306477975564e+000 4.4476379060029415e-002 -9.9878055532442045e-001 2.1430212587628159e-002 1.1183266007744232e+001 2.9375728950607041e-002 -2.0134644935366652e-002 -9.9936563009838753e-001 5.7802507752443200e-001 0 0 0 1</transform>
        <rotation_covariance>8.8529798857349843e-009 2.7568566997930348e-010 1.6593480308692244e-010 2.7568566997930343e-010 4.1809533341453741e-009 -4.9811719548488572e-011 1.6593480308692244e-010 -4.9811719548488572e-011 1.5879947748164472e-010</rotation_covariance>
        <location_covariance>1.0491962517979464e-006 1.7053361129775935e-007 -3.8747816820475576e-007 1.7053361129775935e-007 2.9035011682494273e-006 -6.6488882697985046e-007 -3.8747816820475576e-007 -6.6488882697985046e-007 5.7816599789411626e-007</location_covariance>
      </camera>
      <camera id="6" sensor_id="0" label="DSC00629.JPG">
        <transform>9.9857578802126379e-001 4.5633467154754963e-002 2.7640228891025808e-002 9.0620495348440713e+000 4.5109081002888400e-002 -9.9879546987357282e-001 1.9307515922659509e-002 1.1255657796763638e+001 2.8488004296321815e-002 -1.8033192603219152e-002 -9.9943145716739767e-001 5.7935096867941516e-001 0 0 0 1</transform>
        <rotation_covariance>8.9472681066183962e-009 3.1827677886894393e-010 1.5494780815757102e-010 3.1827677886894393e-010 4.2923995041847295e-009 -4.2560655444069265e-011 1.5494780815757095e-010 -4.2560655444069278e-011 1.6042585600092212e-010</rotation_covariance>
        <location_covariance>1.0751012177577768e-006 2.1088511162904447e-007 -4.2536399740882319e-007 2.1088511162904447e-007 2.9345514480545145e-006 -6.6512662845436067e-007 -4.2536399740882319e-007 -6.6512662845436067e-007 6.4187238767324820e-007</location_covariance>
      </camera>
      <camera id="7" sensor_id="0" label="DSC00630.JPG">
        <transform>9.9858276175860428e-001 4.6210920124263061e-002 2.6401113230855117e-002 1.0030586866194161e+001 4.5765221367364578e-002 -9.9880337777329931e-001 1.7244044242695804e-002 1.1338156262258559e+001 2.7166384223071910e-002 -1.6011352532403784e-002 -9.9950268841975987e-001 5.6930583870019713e-001 0 0 0 1</transform>
        <rotation_covariance>8.9606320707986634e-009 3.1175316322683658e-010 1.4215746105138607e-010 3.1175316322683663e-010 4.3250001531785043e-009 -3.2712854232161004e-011 1.4215746105138609e-010 -3.2712854232160998e-011 1.6012810919152613e-010</rotation_covariance>
        <location_covariance>1.0792261055573213e-006 2.3508127494956660e-007 -4.5712374225908893e-007 2.3508127494956660e-007 2.9393516002300460e-006 -6.7150556793676415e-007 -4.5712374225908893e-007 -6.7150556793676415e-007 7.0739990688870906e-007</location_covariance>
      </camera>
      <camera id="8" sensor_id="0" label="DSC00631.JPG">
        <transform>9.9929815411321554e-001 2.6993074057674333e-002 2.5972545867442777e-002 1.1283069151791828e+001 2.6636787926550231e-002 -9.9954759414204808e-001 1.3967411134478332e-002 1.1420431397141854e+001 2.6337819098693378e-002 -1.3265782968240903e-002 -9.9956507456361443e-001 5.5995710950417710e-001 0 0 0 1</transform>
        <rotation_covariance>9.1601558332067825e-009 2.1290379407929732e-010 1.4051261219923131e-010 2.1290379407929735e-010 4.4965168076197516e-009 -2.6729561692763915e-011 1.4051261219923131e-010 -2.6729561692763911e-011 1.6327118579110008e-010</rotation_covariance>
        <location_covariance>1.1263551156313966e-006 2.6767055039244831e-007 -4.9521125903877231e-007 2.6767055039244831e-007 2.9958769974909207e-006 -6.8227019134621814e-007 -4.9521125903877231e-007 -6.8227019134621814e-007 7.9939253008519143e-007</location_covariance>
      </camera>
      <camera id="9" sensor_id="0" label="DSC00632.JPG">
        <transform>9.9954650865192618e-001 1.7566275666088323e-002 2.4458188832549372e-002 1.1995274736231128e+001 1.7241821034351519e-002 -9.9976136387591508e-001 1.3413981824555591e-002 1.1466379560002665e+001 2.4687985927674277e-002 -1.2986194985179738e-002 -9.9961085532853322e-001 5.4987036326058836e-001 0 0 0 1</transform>
        <rotation_covariance>9.4146218430764582e-009 1.2928929765173793e-010 1.4012610953949573e-010 1.2928929765173788e-010 4.6524285309944983e-009 -2.9941934311879500e-011 1.4012610953949576e-010 -2.9941934311879494e-011 1.6603437803095269e-010</rotation_covariance>
        <location_covariance>1.1704959315210269e-006 2.7534917293474067e-007 -5.1565111744568271e-007 2.7534917293474067e-007 3.0660122752440756e-006 -6.8788802672698740e-007 -5.1565111744568271e-007 -6.8788802672698740e-007 8.5591095712858307e-007</location_covariance>
      </camera>
      <camera id="10" sensor_id="0" label="DSC00633.JPG">
        <transform>9.9957471425066835e-001 1.8290154912264645e-002 2.2712570615877621e-002 1.3441097839465236e+001 1.8062458193122823e-002 -9.9978493097147458e-001 1.0190162235485139e-002 1.1557240845740107e+001 2.2894065491248082e-002 -9.7755836474953655e-003 -9.9969010184638385e-001 5.4232161611520247e-001 0 0 0 1</transform>
        <rotation_covariance>9.6364364605855018e-009 1.6831962488532185e-010 1.4247954686484198e-010 1.6831962488532188e-010 4.8667652040574742e-009 -1.9782236136326787e-011 1.4247954686484193e-010 -1.9782236136326784e-011 1.7117174377661337e-010</rotation_covariance>
        <location_covariance>1.2355850715161400e-006 3.2348414369971870e-007 -5.6375499007259178e-007 3.2348414369971870e-007 3.1319409035281884e-006 -6.9083928881325361e-007 -5.6375499007259178e-007 -6.9083928881325361e-007 9.7920290652189770e-007</location_covariance>
      </camera>
      <camera id="11" sensor_id="0" label="DSC00634.JPG">
        <transform>9.9957425771163733e-001 1.8779039166898520e-002 2.2330495028029456e-002 1.4090149254855785e+001 1.8548254703279025e-002 -9.9977285595216447e-001 1.0497559178913221e-002 1.1570844490195373e+001 2.2522556863976268e-002 -1.0078898214615974e-002 -9.9969552877017931e-001 5.4034704237411157e-001 0 0 0 1</transform>
        <rotation_covariance>9.5415966331751083e-009 2.3260242342019205e-010 1.3516090145884262e-010 2.3260242342019202e-010 4.8809540826012735e-009 -2.2760004434214042e-011 1.3516090145884259e-010 -2.2760004434214045e-011 1.7316089465189074e-010</rotation_covariance>
        <location_covariance>1.2425780901524552e-006 3.5839595578265582e-007 -5.8509842830871390e-007 3.5839595578265582e-007 3.1059099211085372e-006 -6.8813660362005081e-007 -5.8509842830871390e-007 -6.8813660362005081e-007 1.0363653270717996e-006</location_covariance>
      </camera>
      <camera id="12" sensor_id="0" label="DSC00635.JPG">
        <transform>9.9976016680615587e-001 7.8875215814778014e-003 2.0430268501157089e-002 1.5358091506080383e+001 7.7060588266939798e-003 -9.9993029397321365e-001 8.9456051780813246e-003 1.1622777825222977e+001 2.0499403042215189e-002 -8.7860228741055268e-003 -9.9975125920249208e-001 5.2304522858674896e-001 0 0 0 1</transform>
        <rotation_covariance>9.6636592131044304e-009 2.7335329243031270e-010 1.1442071871787488e-010 2.7335329243031275e-010 4.9824837323496175e-009 -2.1252851182611389e-011 1.1442071871787489e-010 -2.1252851182611393e-011 1.7812426477220012e-010</rotation_covariance>
        <location_covariance>1.2787924464393126e-006 4.1799547202786701e-007 -6.1515478574070685e-007 4.1799547202786701e-007 3.1364316973778350e-006 -6.9104615102095501e-007 -6.1515478574070685e-007 -6.9104615102095501e-007 1.1583599070603790e-006</location_covariance>
      </camera>
      <camera id="13" sensor_id="0" label="DSC00636.JPG">
        <transform>9.9978035006404875e-001 8.1760679623619475e-003 1.9297759934332630e-002 1.6037154715864130e+001 8.0248232397357577e-003 -9.9993657913548450e-001 7.9018933677900399e-003 1.1679896352225144e+001 1.9361142470920772e-002 -7.7452966050220364e-003 -9.9978255463011600e-001 5.1127592640367547e-001 0 0 0 1</transform>
        <rotation_covariance>9.7199147846439127e-009 2.9494456892979569e-010 9.6763139850530881e-011 2.9494456892979569e-010 5.0838010134974813e-009 -2.7706755484489706e-011 9.6763139850530881e-011 -2.7706755484489693e-011 1.8220121343441721e-010</rotation_covariance>
        <location_covariance>1.3121176671269647e-006 4.4262432754069104e-007 -6.3081210157383297e-007 4.4262432754069104e-007 3.1518209670191721e-006 -6.9740954140315801e-007 -6.3081210157383297e-007 -6.9740954140315801e-007 1.2309312108086478e-006</location_covariance>
      </camera>
      <camera id="14" sensor_id="0" label="DSC00637.JPG">
        <transform>9.9980737068865222e-001 8.7165266572170556e-003 1.7585325691554514e-002 1.7227299078119369e+001 8.5967784984363454e-003 -9.9993942204074782e-001 6.8736924766802879e-003 1.1700342937965669e+001 1.7644175132117829e-002 -6.7211912522389325e-003 -9.9982173844743838e-001 4.8992341167843223e-001 0 0 0 1</transform>
        <rotation_covariance>9.7686650200417396e-009 2.5891750751367964e-010 7.9604723009100132e-011 2.5891750751367964e-010 5.1924043444416690e-009 -3.5028029097287853e-011 7.9604723009100106e-011 -3.5028029097287853e-011 1.8741973562202187e-010</rotation_covariance>
        <location_covariance>1.3560364135980708e-006 4.6576918386157351e-007 -6.5688861228315019e-007 4.6576918386157351e-007 3.1601263003981166e-006 -6.9587140748729109e-007 -6.5688861228315019e-007 -6.9587140748729109e-007 1.3575880519702918e-006</location_covariance>
      </camera>
      <camera id="15" sensor_id="0" label="DSC00638.JPG">
        <transform>9.9982612528477621e-001 8.8905380799981296e-003 1.6391385868137508e-002 1.8227102679397465e+001 8.7935581010073656e-003 -9.9994346005033741e-001 5.9791335896967005e-003 1.1694662659414368e+001 1.6443616814870221e-002 -5.8339553655590119e-003 -9.9984777462913743e-001 4.7499085702320987e-001 0 0 0 1</transform>
        <rotation_covariance>9.7248574466478533e-009 1.9473434919989637e-010 5.4060025483523981e-011 1.9473434919989634e-010 5.2307439922300734e-009 -3.3927788726758239e-011 5.4060025483523981e-011 -3.3927788726758245e-011 1.9107565280023660e-010</rotation_covariance>
        <location_covariance>1.3793993705323828e-006 4.7817247416487563e-007 -6.7449575358164250e-007 4.7817247416487563e-007 3.1438155965879037e-006 -6.8890139992232907e-007 -6.7449575358164250e-007 -6.8890139992232907e-007 1.4693030952448729e-006</location_covariance>
      </camera>
      <camera id="16" sensor_id="0" label="DSC00639.JPG">
        <transform>9.9984219871827928e-001 9.3411873263553984e-003 1.5110257493865261e-002 1.9493946244517016e+001 9.2954967645264390e-003 -9.9995201788536758e-001 3.0912241720898112e-003 1.1788342471779689e+001 1.5138408175817316e-002 -2.9502790233079832e-003 -9.9988105515185499e-001 4.4576568867726840e-001 0 0 0 1</transform>
        <rotation_covariance>1.0074933737359456e-008 3.8234728870577052e-010 1.2686962007133064e-011 3.8234728870577052e-010 5.4311028533404188e-009 -2.5295768072375029e-011 1.2686962007133078e-011 -2.5295768072375026e-011 1.9892482888021749e-010</rotation_covariance>
        <location_covariance>1.4497774530676315e-006 5.6950306557303273e-007 -6.9851253203176543e-007 5.6950306557303273e-007 3.2379239275321044e-006 -6.9702981844148439e-007 -6.9851253203176543e-007 -6.9702981844148439e-007 1.6315611324030382e-006</location_covariance>
      </camera>
      <camera id="17" sensor_id="0" label="DSC00640.JPG">
        <transform>9.9985299977637787e-001 9.3378662874741246e-003 1.4379954498384327e-002 2.0209870915890935e+001 9.2798207428829438e-003 -9.9994854429765889e-001 4.0980097575405283e-003 1.1836112818671362e+001 1.4417481234886658e-002 -3.9639639491539438e-003 -9.9988820536330536e-001 4.5030056768076260e-001 0 0 0 1</transform>
        <rotation_covariance>1.0085149315496662e-008 2.9344909693900096e-010 -2.2816264614848513e-013 2.9344909693900090e-010 5.3433373943202151e-009 -1.5499108918127993e-011 -2.2816264614850250e-013 -1.5499108918127997e-011 1.9807049013160196e-010</rotation_covariance>
        <location_covariance>1.4367049379631954e-006 5.7057700543647704e-007 -7.0808509939367719e-007 5.7057700543647704e-007 3.2466965132561531e-006 -7.0024183855963459e-007 -7.0808509939367719e-007 -7.0024183855963459e-007 1.7284341144630565e-006</location_covariance>
      </camera>
      <camera id="18" sensor_id="0" label="DSC00641.JPG">
        <transform>9.9986822986852797e-001 9.2265564920509177e-003 1.3356405013087278e-002 2.1423254525507438e+001 9.1920793103614055e-003 -9.9995426589694003e-001 2.6404152066876606e-003 1.2030870784549807e+001 1.3380156109950874e-002 -2.5172941446471304e-003 -9.9990731303089420e-001 4.2726117881107861e-001 0 0 0 1</transform>
        <rotation_covariance>1.0335455825106062e-008 2.6469446316528324e-010 -3.4427876199915562e-011 2.6469446316528329e-010 5.3353757695836922e-009 2.1173163299634787e-012 -3.4427876199915524e-011 2.1173163299634791e-012 2.0141023315433790e-010</rotation_covariance>
        <location_covariance>1.4535480362249740e-006 6.1001010085564059e-007 -7.2162864658276846e-007 6.1001010085564059e-007 3.3254071116154232e-006 -7.3665099823293109e-007 -7.2162864658276846e-007 -7.3665099823293109e-007 1.9142129204506369e-006</location_covariance>
      </camera>
      <camera id="19" sensor_id="0" label="DSC00642.JPG">
        <transform>9.9987603354263210e-001 8.2969030178682238e-003 1.3382038236560223e-002 2.2363882543947238e+001 8.3056801274419053e-003 -9.9996532697129104e-001 -6.0044385218049195e-004 1.2127706781999258e+001 1.3376592416355046e-002 7.1151634632935488e-004 -9.9991027623473083e-001 4.1292437420268641e-001 0 0 0 1</transform>
        <rotation_covariance>1.0224493537703042e-008 3.8001747803149837e-010 -4.0488943882352161e-011 3.8001747803149837e-010 5.4643326956482296e-009 2.3841359452480598e-011 -4.0488943882352174e-011 2.3841359452480598e-011 2.0450824163066945e-010</rotation_covariance>
        <location_covariance>1.5109202866975841e-006 6.7660462177000254e-007 -7.3153774723241041e-007 6.7660462177000254e-007 3.2998458508224430e-006 -7.4904273508171661e-007 -7.3153774723241041e-007 -7.4904273508171661e-007 2.0608815544481247e-006</location_covariance>
      </camera>
      <camera id="20" sensor_id="0" label="DSC00643.JPG">
        <transform>9.9988402264746845e-001 8.7114795717312381e-003 1.2492052593084346e-002 2.3307388748790448e+001 8.7214097790936935e-003 -9.9996169347961694e-001 -7.4066513463409711e-004 1.2099181718773169e+001 1.2485121776827205e-002 8.4952754389894822e-004 -9.9992169695290134e-001 3.8832887431258017e-001 0 0 0 1</transform>
        <rotation_covariance>1.0191401075777810e-008 3.7056230952919533e-010 -3.9670469197678004e-011 3.7056230952919533e-010 5.6257475405455903e-009 3.1702688613118062e-011 -3.9670469197678017e-011 3.1702688613118062e-011 2.0535003251493354e-010</rotation_covariance>
        <location_covariance>1.5805084579899414e-006 7.0382297689467734e-007 -7.3673752840645845e-007 7.0382297689467734e-007 3.2815028099541731e-006 -7.4279374310506488e-007 -7.3673752840645845e-007 -7.4279374310506488e-007 2.2005465066382642e-006</location_covariance>
      </camera>
      <camera id="21" sensor_id="0" label="DSC00644.JPG">
        <transform>9.9989468042643925e-001 8.7860972820740617e-003 1.1551300769149484e-002 2.4338116598493368e+001 8.8044999510894922e-003 -9.9996004880160916e-001 -1.5432372775168088e-003 1.2146479584887324e+001 1.1537280247991197e-002 1.6447781714818339e-003 -9.9993209062878163e-001 3.4398703314257290e-001 0 0 0 1</transform>
        <rotation_covariance>1.0136087460585063e-008 4.1770358495021356e-010 -3.7708113574426046e-011 4.1770358495021356e-010 5.7099706287092984e-009 4.0525198901817580e-011 -3.7708113574426091e-011 4.0525198901817580e-011 2.0730616821998955e-010</rotation_covariance>
        <location_covariance>1.6373351130886255e-006 7.4978010780881350e-007 -7.5186036377769436e-007 7.4978010780881350e-007 3.2559380729059192e-006 -7.4410768803211953e-007 -7.5186036377769436e-007 -7.4410768803211953e-007 2.3678174001870393e-006</location_covariance>
      </camera>
      <camera id="22" sensor_id="0" label="DSC00645.JPG">
        <transform>9.9989355134419289e-001 9.1207542484939407e-003 1.1388495169956849e-002 2.4836250581302352e+001 9.1241020991581680e-003 -9.9995834522005533e-001 -2.4204473289400573e-004 1.2196470888235254e+001 1.1385813154170775e-002 3.4592876024399998e-004 -9.9993511969132831e-001 3.3586830550862706e-001 0 0 0 1</transform>
        <rotation_covariance>1.0140701082882034e-008 4.1391541912720402e-010 -3.8369154348720200e-011 4.1391541912720407e-010 5.7420921619811700e-009 3.4239668705294591e-011 -3.8369154348720200e-011 3.4239668705294591e-011 2.0981801265792808e-010</rotation_covariance>
        <location_covariance>1.6646420485021283e-006 7.6603885860571557e-007 -7.5566307032565283e-007 7.6603885860571557e-007 3.2592840875161212e-006 -7.5012039432627635e-007 -7.5566307032565283e-007 -7.5012039432627635e-007 2.4565633233878432e-006</location_covariance>
      </camera>
      <camera id="23" sensor_id="0" label="DSC00646.JPG">
        <transform>9.9990096601682765e-001 9.3918258401136413e-003 1.0481019320843237e-002 2.5639218771451500e+001 9.3948931649757532e-003 -9.9995583738035565e-001 -2.4345712232161598e-004 1.2354381042179938e+001 1.0478269944681104e-002 3.4190106857242972e-004 -9.9994504297117537e-001 3.3799458739918375e-001 0 0 0 1</transform>
        <rotation_covariance>1.0229052955822198e-008 4.2627197627237591e-010 -4.2611796992857340e-011 4.2627197627237591e-010 5.7883574681960710e-009 3.7242861494203590e-011 -4.2611796992857352e-011 3.7242861494203596e-011 2.1555027307954894e-010</rotation_covariance>
        <location_covariance>1.7157133914794367e-006 7.9855100904544577e-007 -7.7383372174914213e-007 7.9855100904544577e-007 3.2967406523452949e-006 -7.6751656754078598e-007 -7.7383372174914213e-007 -7.6751656754078598e-007 2.6133081491566493e-006</location_covariance>
      </camera>
      <camera id="24" sensor_id="0" label="DSC00647.JPG">
        <transform>9.9990125503297445e-001 9.4771930951382255e-003 1.0376077993169506e-002 2.6443055099551948e+001 9.4814399520459364e-003 -9.9995498527128235e-001 -3.6017710265228076e-004 1.2490278979789288e+001 1.0372197448883208e-002 4.5852169740613792e-004 -9.9994610218648006e-001 3.2747520008282061e-001 0 0 0 1</transform>
        <rotation_covariance>1.0525462265721463e-008 4.3332645174684079e-010 -3.0862759475188527e-011 4.3332645174684084e-010 5.8961691140893968e-009 3.5000985394392525e-011 -3.0862759475188515e-011 3.5000985394392519e-011 2.2207359323773826e-010</rotation_covariance>
        <location_covariance>1.7849449703928786e-006 8.2915822318031977e-007 -7.8815462759805384e-007 8.2915822318031977e-007 3.3830004874408093e-006 -7.8595880318092171e-007 -7.8815462759805384e-007 -7.8595880318092171e-007 2.7742819713167943e-006</location_covariance>
      </camera>
      <camera id="25" sensor_id="0" label="DSC00648.JPG">
        <transform>9.9990601140555957e-001 9.0893082777746704e-003 1.0264152671095376e-002 2.7023853264189334e+001 9.0994825436923488e-003 -9.9995815234267127e-001 -9.4497664953328646e-004 1.2528414012893423e+001 1.0255133956268720e-002 1.0382863105626438e-003 -9.9994687568344165e-001 2.9968684657242151e-001 0 0 0 1</transform>
        <rotation_covariance>1.0750525940459200e-008 4.4069582733839803e-010 -8.8206113769508698e-012 4.4069582733839808e-010 5.9513774707928393e-009 3.4673415522324964e-011 -8.8206113769508456e-012 3.4673415522324970e-011 2.2794575811942975e-010</rotation_covariance>
        <location_covariance>1.8292105775458667e-006 8.4959416758357330e-007 -7.9636060995339303e-007 8.4959416758357330e-007 3.4368610332097911e-006 -7.9313407790045301e-007 -7.9636060995339303e-007 -7.9313407790045301e-007 2.8865393175843223e-006</location_covariance>
      </camera>
      <camera id="26" sensor_id="0" label="DSC00649.JPG">
        <transform>9.9992018071307665e-001 9.1010856101795545e-003 8.7637003282764886e-003 2.7109361383486444e+001 9.0968024896968015e-003 -9.9995848358872919e-001 5.2847269806951223e-004 1.2516536627571423e+001 8.7681461661571793e-003 -4.4870886479037177e-004 -9.9996145839385409e-001 2.8717724997486338e-001 0 0 0 1</transform>
        <rotation_covariance>1.0950959288931227e-008 4.3789062498763196e-010 -1.9297944153812028e-011 4.3789062498763186e-010 6.0105917342287136e-009 2.5195300822619172e-011 -1.9297944153812040e-011 2.5195300822619172e-011 2.2990688731139584e-010</rotation_covariance>
        <location_covariance>1.8490338498434213e-006 8.5067657522787389e-007 -7.9637973022426602e-007 8.5067657522787389e-007 3.4848989045364884e-006 -7.9302010315050086e-007 -7.9637973022426602e-007 -7.9302010315050086e-007 2.9010769860970278e-006</location_covariance>
      </camera>
      <camera id="27" sensor_id="0" label="DSC00650.JPG">
        <transform>9.9993249903020076e-001 9.8427256117588607e-003 6.1739886417500715e-003 2.7184915026197604e+001 9.8392037195646435e-003 -9.9995141352113281e-001 6.0055578695624465e-004 1.0772899870306945e+001 6.1795997752069672e-003 -5.3976811684974953e-004 -9.9998076041341832e-001 2.3248891583660797e-001 0 0 0 1</transform>
        <rotation_covariance>1.0706682629859946e-008 2.0101285373920408e-010 -2.2246575863922587e-011 2.0101285373920411e-010 5.9933573819555406e-009 5.3144041713081564e-011 -2.2246575863922584e-011 5.3144041713081558e-011 2.0995951272237700e-010</rotation_covariance>
        <location_covariance>1.8323266858285688e-006 7.4423987195137026e-007 -7.2843739951647560e-007 7.4423987195137026e-007 3.2895446653103822e-006 -5.7299862135981084e-007 -7.2843739951647560e-007 -5.7299862135981084e-007 2.7211840389564880e-006</location_covariance>
      </camera>
      <camera id="28" sensor_id="0" label="DSC00651.JPG">
        <transform>9.9994014447247603e-001 9.3031867071687938e-003 5.7583148103352586e-003 2.6671611336785197e+001 9.2823044054088644e-003 -9.9995028381906181e-001 3.6426247546359862e-003 1.0759790718605759e+001 5.7919165471107823e-003 -3.5889562924780200e-003 -9.9997678627828257e-001 2.2806086982245324e-001 0 0 0 1</transform>
        <rotation_covariance>1.0659078823203281e-008 1.7888011110297150e-010 -4.6290669311405565e-011 1.7888011110297150e-010 5.9808407896502720e-009 3.3901149311686442e-011 -4.6290669311405571e-011 3.3901149311686448e-011 2.0632514451336650e-010</rotation_covariance>
        <location_covariance>1.7985390006016139e-006 7.2307998182857083e-007 -7.1847077190569193e-007 7.2307998182857083e-007 3.2718425341410484e-006 -5.7440848963155321e-007 -7.1847077190569193e-007 -5.7440848963155321e-007 2.6242511517638936e-006</location_covariance>
      </camera>
      <camera id="29" sensor_id="0" label="DSC00652.JPG">
        <transform>9.9994714226702275e-001 9.4892014910208395e-003 3.9582479809227907e-003 2.5531562599711833e+001 9.4650405346376424e-003 -9.9993672940877032e-001 6.0786665453324519e-003 1.0755078841092342e+001 4.0156792318781914e-003 -6.0408802632137557e-003 -9.9997369069688635e-001 2.4497016851655640e-001 0 0 0 1</transform>
        <rotation_covariance>1.0705330867099305e-008 1.7120571412771688e-010 -8.2747157304285554e-011 1.7120571412771694e-010 5.9448926116861051e-009 1.8997683808750239e-011 -8.2747157304285554e-011 1.8997683808750239e-011 2.0145073336352229e-010</rotation_covariance>
        <location_covariance>1.7319158494660823e-006 6.8596759972405104e-007 -7.0312684863733022e-007 6.8596759972405104e-007 3.2832768460715722e-006 -5.7836504453682627e-007 -7.0312684863733022e-007 -5.7836504453682627e-007 2.4223684192423783e-006</location_covariance>
      </camera>
      <camera id="30" sensor_id="0" label="DSC00653.JPG">
        <transform>9.9994948980157183e-001 9.6279337391036082e-003 2.8845688571323253e-003 2.3776720504193847e+001 9.6092178361711026e-003 -9.9993313511278847e-001 6.4333689531171478e-003 1.0707587046326742e+001 2.9463160307608579e-003 -6.4053255518631454e-003 -9.9997514520433028e-001 2.6573877491228282e-001 0 0 0 1</transform>
        <rotation_covariance>1.1047791961405135e-008 9.0541840600211527e-011 -1.1545697210266239e-010 9.0541840600211527e-011 5.8990362078184900e-009 8.2898535708579657e-012 -1.1545697210266237e-010 8.2898535708579722e-012 1.9963137560745705e-010</rotation_covariance>
        <location_covariance>1.6472736861060815e-006 6.1130340465216056e-007 -6.8240680605847867e-007 6.1130340465216056e-007 3.3710976885363564e-006 -5.8519237554647411e-007 -6.8240680605847867e-007 -5.8519237554647411e-007 2.1313797015357720e-006</location_covariance>
      </camera>
      <camera id="31" sensor_id="0" label="DSC00654.JPG">
        <transform>9.9994787134260665e-001 9.8045185753160725e-003 2.8506162309854281e-003 2.2591526634795510e+001 9.7858139251164687e-003 -9.9993097108036189e-001 6.5031469387892308e-003 1.0610075250930670e+001 2.9141796809860690e-003 -6.4749123384621387e-003 -9.9997479121575672e-001 2.7992768004012009e-001 0 0 0 1</transform>
        <rotation_covariance>1.1540137325450973e-008 3.7266073319645652e-011 -1.1995005437338083e-010 3.7266073319645665e-011 5.7281386950555747e-009 8.1074835220888466e-013 -1.1995005437338083e-010 8.1074835220888668e-013 1.9782819828520788e-010</rotation_covariance>
        <location_covariance>1.5618261507632692e-006 5.5842617616422688e-007 -6.6918671908348016e-007 5.5842617616422688e-007 3.4951502077710053e-006 -5.7878169495121022e-007 -6.6918671908348016e-007 -5.7878169495121022e-007 1.9433489139846923e-006</location_covariance>
      </camera>
      <camera id="32" sensor_id="0" label="DSC00655.JPG">
        <transform>9.9993911987909678e-001 1.0372276184062484e-002 3.7646277609402500e-003 2.1061887505758989e+001 1.0352593781858165e-002 -9.9993283441391778e-001 5.2106106107043543e-003 1.0517504824084504e+001 3.8184207998521367e-003 -5.1713197261514746e-003 -9.9997933834399055e-001 3.0361480255923307e-001 0 0 0 1</transform>
        <rotation_covariance>1.2254809983780772e-008 4.3340701226002132e-011 -1.1402165364907294e-010 4.3340701226002158e-011 5.4804856588168158e-009 -3.7840682293390089e-012 -1.1402165364907291e-010 -3.7840682293390129e-012 1.9277252852565532e-010</rotation_covariance>
        <location_covariance>1.4603685179427884e-006 5.0604950534328193e-007 -6.6659887406910735e-007 5.0604950534328193e-007 3.6794850116577491e-006 -5.7685141689025776e-007 -6.6659887406910735e-007 -5.7685141689025776e-007 1.7184982418515438e-006</location_covariance>
      </camera>
      <camera id="33" sensor_id="0" label="DSC00656.JPG">
        <transform>9.9993944386741007e-001 1.0117421363343352e-002 4.3297093541222534e-003 2.0383902671453505e+001 1.0102063189454795e-002 -9.9994265545687067e-001 3.5544503342029047e-003 1.0512029797950962e+001 4.3654229406636658e-003 -3.5104960929498658e-003 -9.9998430962677132e-001 3.1362520270177385e-001 0 0 0 1</transform>
        <rotation_covariance>1.2367956057358798e-008 7.3550635446894477e-011 -1.1352475525036854e-010 7.3550635446894464e-011 5.5764819132503510e-009 1.1483136096694146e-012 -1.1352475525036856e-010 1.1483136096694138e-012 1.9319137230905153e-010</rotation_covariance>
        <location_covariance>1.4783593460956247e-006 4.8682669728839217e-007 -6.6943055133345810e-007 4.8682669728839217e-007 3.7090173252622707e-006 -5.5789730852887759e-007 -6.6943055133345810e-007 -5.5789730852887759e-007 1.6278659242868682e-006</location_covariance>
      </camera>
      <camera id="34" sensor_id="0" label="DSC00657.JPG">
        <transform>9.9994139052057263e-001 1.0119614733611787e-002 3.8482361447645616e-003 1.9126537012498655e+001 1.0114443804481491e-002 -9.9994792175476432e-001 1.3608103665123314e-003 1.0440386204460884e+001 3.8618066120135000e-003 -1.3218078418925556e-003 -9.9999166960216246e-001 3.4165221639880899e-001 0 0 0 1</transform>
        <rotation_covariance>1.2481389706205507e-008 4.3310401380517905e-010 -1.3697537225999739e-010 4.3310401380517910e-010 5.4865615064149112e-009 1.6366893619220875e-012 -1.3697537225999739e-010 1.6366893619220875e-012 1.8910937217631836e-010</rotation_covariance>
        <location_covariance>1.4368994979193625e-006 5.4260499724611625e-007 -6.6053940964581697e-007 5.4260499724611625e-007 3.7468238074185884e-006 -5.5709380468674022e-007 -6.6053940964581697e-007 -5.5709380468674022e-007 1.4645276278641918e-006</location_covariance>
      </camera>
      <camera id="35" sensor_id="0" label="DSC00658.JPG">
        <transform>9.9993892647849836e-001 1.0383535698102768e-002 3.7849041512199970e-003 1.8386011009848573e+001 1.0384993672231934e-002 -9.9994600760626684e-001 -3.6575772787838254e-004 1.0360178513821236e+001 3.7809019367605395e-003 4.0504159542634872e-004 -9.9999277033479128e-001 3.4861673706198959e-001 0 0 0 1</transform>
        <rotation_covariance>1.2239305070023826e-008 3.5744863349708966e-010 -1.1800128845636444e-010 3.5744863349708971e-010 5.4917113400686002e-009 9.1908120633712935e-012 -1.1800128845636446e-010 9.1908120633712951e-012 1.8528048756519967e-010</rotation_covariance>
        <location_covariance>1.4313961265799784e-006 4.9703967465063808e-007 -6.5702986968931801e-007 4.9703967465063808e-007 3.6792732553471126e-006 -5.4541722121253475e-007 -6.5702986968931801e-007 -5.4541722121253475e-007 1.3710983117329459e-006</location_covariance>
      </camera>
      <camera id="36" sensor_id="0" label="DSC00659.JPG">
        <transform>9.9993945586330968e-001 1.0194262023092740e-002 4.1426597244410097e-003 1.7297941198434238e+001 1.0193100568975896e-002 -9.9994800358314162e-001 3.0138161865118083e-004 1.0223341383042378e+001 4.1455166841685492e-003 -2.5913682456699214e-004 -9.9999137373255742e-001 3.5987581908972349e-001 0 0 0 1</transform>
        <rotation_covariance>1.2138698172602379e-008 2.1663116852931751e-010 -1.0169866783576654e-010 2.1663116852931748e-010 5.4806629645986770e-009 1.0839050135543396e-011 -1.0169866783576655e-010 1.0839050135543396e-011 1.7992465976122624e-010</rotation_covariance>
        <location_covariance>1.4147617395446267e-006 4.2742145817283235e-007 -6.3551599435943810e-007 4.2742145817283235e-007 3.6495058592892200e-006 -5.3620829661030415e-007 -6.3551599435943810e-007 -5.3620829661030415e-007 1.2389336479256817e-006</location_covariance>
      </camera>
      <camera id="37" sensor_id="0" label="DSC00660.JPG">
        <transform>9.9993909023127880e-001 1.0156214759274970e-002 4.3205473270482879e-003 1.6634993818784018e+001 1.0151684088415786e-002 -9.9994789862290612e-001 1.0692753636085378e-003 1.0178807557682017e+001 4.3311820108123599e-003 -1.0253494027401978e-003 -9.9999009471143840e-001 3.7232859673100788e-001 0 0 0 1</transform>
        <rotation_covariance>1.1602350536237015e-008 2.4752521947554932e-010 -8.0889865171208820e-011 2.4752521947554932e-010 5.3073705829981998e-009 1.1292328399651428e-011 -8.0889865171208794e-011 1.1292328399651428e-011 1.7362354940865061e-010</rotation_covariance>
        <location_covariance>1.3594546591659998e-006 4.1922578723759554e-007 -6.2151314606584468e-007 4.1922578723759554e-007 3.5090704733634228e-006 -5.3225721530234670e-007 -6.2151314606584468e-007 -5.3225721530234670e-007 1.1646948113075852e-006</location_covariance>
      </camera>
      <camera id="38" sensor_id="0" label="DSC00661.JPG">
        <transform>9.9993903765137049e-001 1.0279329337690379e-002 4.0319188009934311e-003 1.5367447118023632e+001 1.0277601756968804e-002 -9.9994708326746529e-001 4.4896215204319749e-004 1.0104583065887715e+001 4.0363204748456475e-003 -4.0749632650291761e-004 -9.9999177099802583e-001 4.0814685742238066e-001 0 0 0 1</transform>
        <rotation_covariance>1.1398879268358768e-008 3.6294981136530514e-010 -6.6289525659769016e-011 3.6294981136530503e-010 5.3010801707104218e-009 2.3196736212531283e-011 -6.6289525659769055e-011 2.3196736212531280e-011 1.7050796208602879e-010</rotation_covariance>
        <location_covariance>1.3491061098170232e-006 4.1845663892360863e-007 -5.9806580794312184e-007 4.1845663892360863e-007 3.4686544535271863e-006 -5.1679568928724370e-007 -5.9806580794312184e-007 -5.1679568928724370e-007 1.0343465654393550e-006</location_covariance>
      </camera>
      <camera id="39" sensor_id="0" label="DSC00662.JPG">
        <transform>9.9994117962268692e-001 1.0174550465586692e-002 3.7571022893929345e-003 1.4798715188345341e+001 1.0175370505455385e-002 -9.9994820973352350e-001 -1.9921294617488003e-004 1.0076864923144147e+001 3.7548808058899328e-003 2.3743113621568811e-004 -9.9999292222324709e-001 4.1279607116138445e-001 0 0 0 1</transform>
        <rotation_covariance>1.1587184281704127e-008 2.2283997491699245e-010 -5.6412513096721898e-011 2.2283997491699245e-010 5.2193290089269788e-009 2.5274266631764658e-011 -5.6412513096721911e-011 2.5274266631764658e-011 1.6888394487630500e-010</rotation_covariance>
        <location_covariance>1.3235278096331907e-006 3.6552195837316864e-007 -5.8568021234631785e-007 3.6552195837316864e-007 3.5196223666027387e-006 -5.2065512145507162e-007 -5.8568021234631785e-007 -5.2065512145507162e-007 9.7951864914971699e-007</location_covariance>
      </camera>
      <camera id="40" sensor_id="0" label="DSC00663.JPG">
        <transform>9.9993797808723994e-001 1.0132367537772122e-002 4.6233220612446214e-003 1.3657545340105392e+001 1.0138646407730423e-002 -9.9994770920667175e-001 -1.3366754836186088e-003 1.0019158845594374e+001 4.6095366167874744e-003 1.3834668080563940e-003 -9.9998841902882529e-001 4.1685921913385132e-001 0 0 0 1</transform>
        <rotation_covariance>1.1291945422412026e-008 -2.8240130493085040e-011 -2.0664018895931673e-011 -2.8240130493085050e-011 5.1607546183619565e-009 3.9230031575824925e-011 -2.0664018895931677e-011 3.9230031575824925e-011 1.6413274032169063e-010</rotation_covariance>
        <location_covariance>1.3046094371292511e-006 2.6871491694512076e-007 -5.6234298248730045e-007 2.6871491694512076e-007 3.4379763167387538e-006 -5.0457254150353793e-007 -5.6234298248730045e-007 -5.0457254150353793e-007 8.7477917868543731e-007</location_covariance>
      </camera>
      <camera id="41" sensor_id="0" label="DSC00664.JPG">
        <transform>9.9993756498064834e-001 1.0190064898787654e-002 4.5857080074553341e-003 1.2310092664808804e+001 1.0187074807027678e-002 -9.9994788262850498e-001 6.7493232664795158e-004 9.8841887909493824e+000 4.5923466166183750e-003 -6.2817523671994304e-004 -9.9998925781651515e-001 4.1748199499792960e-001 0 0 0 1</transform>
