<?xml version="1.0" encoding="UTF-8"?>
<document version="1.5.0">
  <chunk label="SonyA9" enabled="true">
    <sensors next_id="1">
      <sensor id="0" label="SonyA9" type="frame">
        <resolution width="6000" height="4000"/>
        <property name="pixel_width" value="0.006"/>
        <property name="pixel_height" value="0.006"/>
        <property name="focal_length" value="55"/>
        <property name="fixed" value="true"/>
        <property name="layer_index" value="0"/>
        <calibration type="frame" class="initial">
          <resolution width="6000" height="4000"/>
          <f>9227.77018581081</f>
          <cx>-37.8304617831239</cx>
          <cy>31.7622333680372</cy>
          <k1>-0.017282082281574</k1>
        </calibration>
      </sensor>
    </sensors>
    <cameras next_id="574" next_group_id="0">
      <camera id="0" sensor_id="0" label="DSC00620.JPG">
        <transform>9.9540421346109664e-001 9.5737746376181015e-002 2.1761761657853144e-003 -1.3081519388119116e+001 9.5629924946015937e-002 -9.9496495802628249e-001 2.9994162008251772e-002 1.5259874224514547e+001 5.0367925025604741e-003 -2.9648207678845219e-002 -9.9954770496596024e-001 7.6856361289308006e-001 0 0 0 1</transform>
        <rotation_covariance>9.1231761946039269e-009 1.0202506945994657e-010 -2.5670043293170108e-011 1.0202506945994646e-010 3.5372466943993360e-009 -1.0797315077904577e-010 -2.5670043293170115e-011 -1.0797315077904577e-010 1.3604217360748680e-010</rotation_covariance>
        <location_covariance>2.7241228738991299e-006 -7.9938330258427752e-007 4.9146962753269480e-007 -7.9938330258427752e-007 6.3622371062529990e-006 -1.0420721167257806e-006 4.9146962753269480e-007 -1.0420721167257806e-006 4.0918888567628916e-007</location_covariance>
      </camera>
      <camera id="1" sensor_id="0" label="DSC00621.JPG">
        <transform>9.9762554540749715e-001 6.8827481881193503e-002 2.4594487773773877e-003 -1.2836647694413672e+001 6.8735614660351219e-002 -9.9726485653755625e-001 2.7170226211629397e-002 1.5548522939594015e+001 4.3227800844215791e-003 -2.6936660019783159e-002 -9.9962779569163662e-001 7.7300247345004913e-001 0 0 0 1</transform>
        <rotation_covariance>9.3100260632536051e-009 5.8921626797342938e-011 -1.8227614619913453e-011 5.8921626797342977e-011 3.6201400155183569e-009 -1.0958821296116341e-010 -1.8227614619913463e-011 -1.0958821296116342e-010 1.3749142477952010e-010</rotation_covariance>
        <location_covariance>2.7501094785449090e-006 -7.3576026419110363e-007 4.8058611093775136e-007 -7.3576026419110363e-007 6.5173735529164704e-006 -1.0936945188035556e-006 4.8058611093775136e-007 -1.0936945188035556e-006 4.2417063031961976e-007</location_covariance>
      </camera>
      <camera id="2" sensor_id="0" label="DSC00622.JPG">
        <transform>9.9910462641974684e-001 4.1923306340184457e-002 5.6905054401806057e-003 -1.1114761997136887e+001 4.1780278818034186e-002 -9.9885562871620648e-001 2.3277484482634676e-002 1.5713707923374882e+001 6.6598625019589752e-003 -2.3018891534107890e-002 -9.9971284720363374e-001 8.2199232375043074e-001 0 0 0 1</transform>
        <rotation_covariance>9.8542137171207134e-009 -3.1398131491188981e-010 1.0879545577983995e-011 -3.1398131491188976e-010 3.6192681681725458e-009 -8.3246869344786553e-011 1.0879545577984013e-011 -8.3246869344786566e-011 1.2200368183310738e-010</rotation_covariance>
        <location_covariance>2.6440853248400559e-006 -8.1371831827987091e-007 3.4450899443753588e-007 -8.1371831827987091e-007 6.8902391833189562e-006 -1.0778978019979120e-006 3.4450899443753588e-007 -1.0778978019979120e-006 3.9004255126722757e-007</location_covariance>
      </camera>
      <camera id="3" sensor_id="0" label="DSC00623.JPG">
        <transform>9.9976463794675396e-001 2.0952445995642572e-002 5.6270523362706064e-003 -9.5150448690417093e+000 2.0831262896991779e-002 -9.9956674288569258e-001 2.0793869361045610e-002 1.5811859705809928e+001 6.0602968006410922e-003 -2.0671756666705884e-002 -9.9976794871560104e-001 7.6413799009445216e-001 0 0 0 1</transform>
        <rotation_covariance>9.9508026658571798e-009 -3.5370183928673142e-010 2.0293097201887761e-011 -3.5370183928673137e-010 3.6229503833164386e-009 -7.2057882879829676e-011 2.0293097201887765e-011 -7.2057882879829689e-011 1.1770403182743838e-010</rotation_covariance>
        <location_covariance>2.5108829734487525e-006 -6.7124673523332988e-007 2.4182575319326162e-007 -6.7124673523332988e-007 6.9440008913543747e-006 -1.0546643150991599e-006 2.4182575319326162e-007 -1.0546643150991599e-006 3.7148586431311074e-007</location_covariance>
      </camera>
      <camera id="4" sensor_id="0" label="DSC00624.JPG">
        <transform>9.9975779575663248e-001 2.1027770826269731e-002 6.4948193136013677e-003 -6.8788930500433851e+000 2.0925246721327981e-002 -9.9966135748498386e-001 1.5469466730653952e-002 1.5903519508167854e+001 6.8179082928712300e-003 -1.5329814263621608e-002 -9.9985924655481029e-001 6.9392864983631097e-001 0 0 0 1</transform>
        <rotation_covariance>9.6350448301579672e-009 -1.4898561381036503e-010 3.3856210149664874e-011 -1.4898561381036503e-010 3.4389688775105889e-009 -5.7552122381791772e-011 3.3856210149664861e-011 -5.7552122381791772e-011 1.1029303009250015e-010</rotation_covariance>
        <location_covariance>2.2332465439935032e-006 -3.9498387083300155e-007 8.7387214568077888e-008 -3.9498387083300155e-007 6.7274709458629109e-006 -1.0330094075286807e-006 8.7387214568077888e-008 -1.0330094075286807e-006 3.5262020021106666e-007</location_covariance>
      </camera>
      <camera id="5" sensor_id="0" label="DSC00625.JPG">
        <transform>9.9975464576414796e-001 2.1165825840607565e-002 6.5311629506804815e-003 -4.9164519018674353e+000 2.1077912846754320e-002 -9.9969005893681362e-001 1.3247930137748044e-002 1.5900130433963481e+001 6.8095420571358161e-003 -1.3107016418510080e-002 -9.9989091217871218e-001 6.7990491693174271e-001 0 0 0 1</transform>
        <rotation_covariance>9.6880504727981259e-009 -9.2603517877165163e-011 4.7389091001525815e-011 -9.2603517877165176e-011 3.5934810605009092e-009 -5.8118077442573284e-011 4.7389091001525808e-011 -5.8118077442573284e-011 1.1293906008976205e-010</rotation_covariance>
        <location_covariance>2.2441154569525711e-006 -2.5083976130239719e-007 -3.2514164593147343e-008 -2.5083976130239719e-007 6.7494172741428291e-006 -9.9456242853698337e-007 -3.2514164593147343e-008 -9.9456242853698337e-007 3.5203726656737724e-007</location_covariance>
      </camera>
      <camera id="6" sensor_id="0" label="DSC00626.JPG">
        <transform>9.9973992346662222e-001 2.1974439872545399e-002 6.0999523965472946e-003 -3.8928427124343985e+000 2.1897929414543934e-002 -9.9968407313588670e-001 1.2338338858967988e-002 1.5913741691836295e+001 6.3691533430988963e-003 -1.2201553619558238e-002 -9.9990527350092573e-001 6.6594063601787490e-001 0 0 0 1</transform>
        <rotation_covariance>9.6012632001365003e-009 -1.4016440677300549e-010 4.7109493420602366e-011 -1.4016440677300556e-010 3.6321655851818353e-009 -6.0571287715426693e-011 4.7109493420602346e-011 -6.0571287715426693e-011 1.1305500829465553e-010</rotation_covariance>
        <location_covariance>2.2320486056428226e-006 -2.2605950594609735e-007 -7.8580715528621423e-008 -2.2605950594609735e-007 6.6847601776050541e-006 -9.8549819286252807e-007 -7.8580715528621423e-008 -9.8549819286252807e-007 3.5804860369500051e-007</location_covariance>
      </camera>
      <camera id="7" sensor_id="0" label="DSC00627.JPG">
        <transform>9.9973372038059205e-001 2.2145106174511455e-002 6.4871107975484300e-003 -2.4493687296518751e+000 2.2070714572548143e-002 -9.9969228802583643e-001 1.1323109993511039e-002 1.5951787914807380e+001 6.7358661089102724e-003 -1.1176919709278265e-002 -9.9991484866141234e-001 6.3861723874804910e-001 0 0 0 1</transform>
        <rotation_covariance>9.5363716874477802e-009 -5.7448235241696289e-011 5.0227142913629034e-011 -5.7448235241696315e-011 3.6595642902669804e-009 -5.3448812253773848e-011 5.0227142913629034e-011 -5.3448812253773835e-011 1.1346123509134266e-010</rotation_covariance>
        <location_covariance>2.1998575106955895e-006 -9.9533067093882009e-008 -1.4842651676522516e-007 -9.9533067093882009e-008 6.6345292454108117e-006 -9.6661447752268443e-007 -1.4842651676522516e-007 -9.6661447752268443e-007 3.7430826906074951e-007</location_covariance>
      </camera>
      <camera id="8" sensor_id="0" label="DSC00628.JPG">
        <transform>9.9971139692576294e-001 2.2925765560315992e-002 7.1785883161654528e-003 -3.1278447459415321e-001 2.2858021173024944e-002 -9.9969470740970212e-001 9.3809831618897332e-003 1.6011568671637985e+001 7.3914629670384837e-003 -9.2141874575865056e-003 -9.9993023007843074e-001 5.9559462032205668e-001 0 0 0 1</transform>
        <rotation_covariance>9.2395005964045122e-009 2.1155745686939853e-011 3.8702242267692734e-011 2.1155745686939830e-011 3.6685403924736767e-009 -5.0600920921707245e-011 3.8702242267692740e-011 -5.0600920921707239e-011 1.1413094945297397e-010</rotation_covariance>
        <location_covariance>2.1436776569837934e-006 5.9807637675110811e-008 -2.3950918821544047e-007 5.9807637675110811e-008 6.4390661182213662e-006 -9.7162662105010311e-007 -2.3950918821544047e-007 -9.7162662105010311e-007 4.1182414561161321e-007</location_covariance>
      </camera>
      <camera id="9" sensor_id="0" label="DSC00629.JPG">
        <transform>9.9970827421462150e-001 2.3041559445731948e-002 7.2424446930891284e-003 1.3248087038970633e+000 2.2992278386185297e-002 -9.9971240966874075e-001 6.8156502941443958e-003 1.6038455913373124e+001 7.3974050474345642e-003 -6.6471416886294144e-003 -9.9995054573010533e-001 5.6579035942577161e-001 0 0 0 1</transform>
        <rotation_covariance>9.2715630340285907e-009 9.3518453843837919e-011 2.0625966819251145e-011 9.3518453843837894e-011 3.8354302570083472e-009 -5.1310426984487852e-011 2.0625966819251154e-011 -5.1310426984487852e-011 1.1788078402243024e-010</rotation_covariance>
        <location_covariance>2.2112798523614642e-006 1.8787668294000357e-007 -3.1099037227293083e-007 1.8787668294000357e-007 6.4479917797829116e-006 -9.7318031407822986e-007 -3.1099037227293083e-007 -9.7318031407822986e-007 4.5091186723700358e-007</location_covariance>
      </camera>
      <camera id="10" sensor_id="0" label="DSC00630.JPG">
        <transform>9.9969686826349047e-001 2.3692309264189099e-002 6.6967205331369935e-003 3.0018142262460170e+000 2.3645251589314440e-002 -9.9969575813028178e-001 7.0209154388321910e-003 1.5931586128868448e+001 6.8610248102555444e-003 -6.8604415347139807e-003 -9.9995292923242229e-001 5.3896044382068564e-001 0 0 0 1</transform>
        <rotation_covariance>9.2481631291730011e-009 1.0008624998722851e-010 1.2318644274756521e-011 1.0008624998722847e-010 4.0207800374768175e-009 -5.3708545748902645e-011 1.2318644274756514e-011 -5.3708545748902638e-011 1.2147049986368544e-010</rotation_covariance>
        <location_covariance>2.2995448254155667e-006 2.7842889235795521e-007 -3.8151449574524466e-007 2.7842889235795521e-007 6.4095008686231405e-006 -9.3512682411675561e-007 -3.8151449574524466e-007 -9.3512682411675561e-007 4.9004921580296170e-007</location_covariance>
      </camera>
      <camera id="11" sensor_id="0" label="DSC00631.JPG">
        <transform>9.9969214090794767e-001 2.3870999828910937e-002 6.7674791504426625e-003 4.0306550394838423e+000 2.3833264174969324e-002 -9.9970024657413337e-001 5.6029026747861791e-003 1.5855192801767430e+001 6.8991974641740622e-003 -5.4398866518647658e-003 -9.9996140360894192e-001 5.1071870776638251e-001 0 0 0 1</transform>
        <rotation_covariance>9.1830765008142334e-009 2.3185502747844511e-010 3.3165371990658666e-012 2.3185502747844506e-010 4.0867495393051586e-009 -4.6633553665964857e-011 3.3165371990658682e-012 -4.6633553665964850e-011 1.2303047926589781e-010</rotation_covariance>
        <location_covariance>2.3205838852794931e-006 4.1165525509405895e-007 -4.2372027551894027e-007 4.1165525509405895e-007 6.3528609136591413e-006 -9.1394713463531403e-007 -4.2372027551894027e-007 -9.1394713463531403e-007 5.1821419341194134e-007</location_covariance>
      </camera>
      <camera id="12" sensor_id="0" label="DSC00632.JPG">
        <transform>9.9969213099602916e-001 2.3899715913548787e-002 6.6668436212384092e-003 6.0103783024503725e+000 2.3881050509720947e-002 -9.9971070048334054e-001 2.8654433619988940e-003 1.5763428501695243e+001 6.7333981889192785e-003 -2.7053499515458952e-003 -9.9997367086862299e-001 4.4849941132856430e-001 0 0 0 1</transform>
        <rotation_covariance>8.6597965530874284e-009 3.5511352056607608e-010 -1.9326268627822179e-012 3.5511352056607608e-010 3.9053457602151829e-009 -3.5801527820190126e-011 -1.9326268627822162e-012 -3.5801527820190133e-011 1.2064880737910055e-010</rotation_covariance>
        <location_covariance>2.1879693408134885e-006 5.8896069409490393e-007 -5.1313243109193825e-007 5.8896069409490393e-007 5.9997544701425657e-006 -9.0525573480110542e-007 -5.1313243109193825e-007 -9.0525573480110542e-007 5.8463516528707075e-007</location_covariance>
      </camera>
      <camera id="13" sensor_id="0" label="DSC00633.JPG">
        <transform>9.9968149389140626e-001 2.4356923364263938e-002 6.6068945256835257e-003 7.5476835291503264e+000 2.4338182840640096e-002 -9.9969956978529839e-001 2.9022451834699388e-003 1.5635703803965749e+001 6.6755993784607453e-003 -2.7405209936754572e-003 -9.9997396261983817e-001 4.1618571001657495e-001 0 0 0 1</transform>
        <rotation_covariance>8.5025368793405915e-009 4.7759155889129614e-010 9.4570139956020558e-013 4.7759155889129614e-010 3.9182184319518836e-009 -3.4874237850302244e-011 9.4570139956019144e-013 -3.4874237850302251e-011 1.2180154426156590e-010</rotation_covariance>
        <location_covariance>2.1920347417848714e-006 7.3940452812764318e-007 -5.7969535554067894e-007 7.3940452812764318e-007 5.8803794571188954e-006 -8.8490729370122996e-007 -5.7969535554067894e-007 -8.8490729370122996e-007 6.4522055719665459e-007</location_covariance>
      </camera>
      <camera id="14" sensor_id="0" label="DSC00634.JPG">
        <transform>9.9967425992742742e-001 2.4764621610799138e-002 6.1715115671009228e-003 9.0859696677776558e+000 2.4754801166332236e-002 -9.9969217040085800e-001 1.6626059175957879e-003 1.5591145991404819e+001 6.2107855996062569e-003 -1.5092897984842291e-003 -9.9997957388465686e-001 3.7621047144147524e-001 0 0 0 1</transform>
        <rotation_covariance>8.3240240055627218e-009 2.1598168208593317e-010 1.0755834058659199e-011 2.1598168208593317e-010 4.0182381387403031e-009 -2.4647695785131275e-011 1.0755834058659207e-011 -2.4647695785131278e-011 1.2537472074385883e-010</rotation_covariance>
        <location_covariance>2.2690155484041718e-006 6.5777548645175633e-007 -6.2925059535232779e-007 6.5777548645175633e-007 5.7423875782000598e-006 -8.4554996385001098e-007 -6.2925059535232779e-007 -8.4554996385001098e-007 7.2154965234138457e-007</location_covariance>
      </camera>
      <camera id="15" sensor_id="0" label="DSC00635.JPG">
        <transform>9.9966698111003283e-001 2.4988436713156204e-002 6.4424303632388139e-003 1.1184635498086545e+001 2.4981376234343031e-002 -9.9968722725382619e-001 1.1740983754168096e-003 1.5732616734504953e+001 6.4697542295511926e-003 -1.0127666017114925e-003 -9.9997855806213143e-001 3.1996257468040085e-001 0 0 0 1</transform>
        <rotation_covariance>8.2447732212150561e-009 1.2723023165034371e-010 2.0364942158048570e-011 1.2723023165034369e-010 3.8063594165916821e-009 -2.2766454868552356e-011 2.0364942158048573e-011 -2.2766454868552352e-011 1.3184111749336464e-010</rotation_covariance>
        <location_covariance>2.1642007654152593e-006 7.0841005689768173e-007 -6.7588941095368771e-007 7.0841005689768173e-007 5.6866521663688681e-006 -8.4252564108066107e-007 -6.7588941095368771e-007 -8.4252564108066107e-007 8.5454543135828592e-007</location_covariance>
      </camera>
      <camera id="16" sensor_id="0" label="DSC00636.JPG">
        <transform>9.9967629544352832e-001 2.4687124493199177e-002 6.1522526410498594e-003 1.2123546551655487e+001 2.4683963696759462e-002 -9.9969513093061801e-001 5.8917724964270449e-004 1.5720447997079660e+001 6.1649221016230708e-003 -4.3712454943745880e-004 -9.9998090114642146e-001 3.2645654559530324e-001 0 0 0 1</transform>
        <rotation_covariance>8.2406936215766960e-009 1.3131366951539678e-010 1.2569023206991447e-011 1.3131366951539680e-010 3.8062888180335322e-009 -2.2518270968286426e-011 1.2569023206991437e-011 -2.2518270968286419e-011 1.3438163398562844e-010</rotation_covariance>
        <location_covariance>2.1861337948083368e-006 7.6237684542862415e-007 -6.8502976843080084e-007 7.6237684542862415e-007 5.6876787541293059e-006 -8.3984606654790370e-007 -6.8502976843080084e-007 -8.3984606654790370e-007 9.1579257718067705e-007</location_covariance>
      </camera>
      <camera id="17" sensor_id="0" label="DSC00637.JPG">
        <transform>9.9966627178513479e-001 2.5298100089801996e-002 5.2298362358871421e-003 1.3714540070261545e+001 2.5305924630627537e-002 -9.9967872328696095e-001 -1.4354044519661719e-003 1.5695691251414383e+001 5.1918430057963571e-003 1.5672712586166935e-003 -9.9998529410537085e-001 2.8432526536586844e-001 0 0 0 1</transform>
        <rotation_covariance>8.2623273266491454e-009 1.7772226983891763e-010 1.0288455481736797e-011 1.7772226983891760e-010 3.8992019502382004e-009 -1.9457353488507286e-011 1.0288455481736789e-011 -1.9457353488507282e-011 1.3780203629621171e-010</rotation_covariance>
        <location_covariance>2.2835019342572916e-006 8.7430173031086614e-007 -7.1676101936105278e-007 8.7430173031086614e-007 5.6833113210874114e-006 -8.4151904775786046e-007 -7.1676101936105278e-007 -8.4151904775786046e-007 1.0272504646927787e-006</location_covariance>
      </camera>
      <camera id="18" sensor_id="0" label="DSC00638.JPG">
        <transform>9.9965143416171387e-001 2.5910977300626772e-002 5.0627496240700084e-003 1.5596148874501850e+001 2.5922423129437041e-002 -9.9966151819993498e-001 -2.2083951864296132e-003 1.5673557612973095e+001 5.0038142979175844e-003 2.3388641532637285e-003 -9.9998474566212481e-001 2.2599382264250067e-001 0 0 0 1</transform>
        <rotation_covariance>8.4557459253034994e-009 1.7922262317618081e-010 3.9646270038847121e-012 1.7922262317618083e-010 4.1230592756959585e-009 -1.5550514485857987e-011 3.9646270038847258e-012 -1.5550514485857991e-011 1.4285956704905186e-010</rotation_covariance>
        <location_covariance>2.4828805021809324e-006 9.7479841099291904e-007 -7.4829719212885433e-007 9.7479841099291904e-007 5.7754296046417554e-006 -8.3831900560042438e-007 -7.4829719212885433e-007 -8.3831900560042438e-007 1.1753687916725393e-006</location_covariance>
      </camera>
      <camera id="19" sensor_id="0" label="DSC00639.JPG">
        <transform>9.9964644145914661e-001 2.6221887757417107e-002 4.4050744038541248e-003 1.6421947098452069e+001 2.6230741964361676e-002 -9.9965398481457257e-001 -1.9643880333095058e-003 1.5620122886900532e+001 4.3520402186959977e-003 2.0792418771640900e-003 -9.9998836818192594e-001 1.9098772146435697e-001 0 0 0 1</transform>
        <rotation_covariance>8.3735654337878281e-009 2.1391532557477550e-010 -6.3621594256713214e-012 2.1391532557477550e-010 4.1406465089516571e-009 -1.1195745559222594e-011 -6.3621594256713182e-012 -1.1195745559222594e-011 1.4337940096395122e-010</rotation_covariance>
        <location_covariance>2.5231810174902067e-006 1.0389241160039681e-006 -7.6038950806825223e-007 1.0389241160039681e-006 5.7113838725516048e-006 -8.2811233912380777e-007 -7.6038950806825223e-007 -8.2811233912380777e-007 1.2412280486081713e-006</location_covariance>
      </camera>
      <camera id="20" sensor_id="0" label="DSC00640.JPG">
        <transform>9.9964769576988100e-001 2.6140902456583227e-002 4.5975603011336949e-003 1.7977773543732024e+001 2.6150240292299998e-002 -9.9965605760582144e-001 -1.9827820459095299e-003 1.5697820003064095e+001 4.5441472931815573e-003 2.1023108100403378e-003 -9.9998746542876016e-001 1.7538491038468212e-001 0 0 0 1</transform>
        <rotation_covariance>8.6473412584057780e-009 2.3198707808523558e-010 4.7604994121850577e-013 2.3198707808523561e-010 4.2656755285610352e-009 -2.5641498975452479e-012 4.7604994121851738e-013 -2.5641498975452467e-012 1.4856416935752173e-010</rotation_covariance>
        <location_covariance>2.6702834502093107e-006 1.1322659162805578e-006 -7.8565715985765450e-007 1.1322659162805578e-006 5.8794680594220524e-006 -8.4322565073132932e-007 -7.8565715985765450e-007 -8.4322565073132932e-007 1.3909401078575425e-006</location_covariance>
      </camera>
      <camera id="21" sensor_id="0" label="DSC00641.JPG">
        <transform>9.9964471994461512e-001 2.6404649756030404e-002 3.6370809878866002e-003 1.9499539553034445e+001 2.6417891296557718e-002 -9.9964435187874701e-001 -3.6420840686615277e-003 1.5684009121892380e+001 3.5396195126513870e-003 3.7368741190066637e-003 -9.9998675334502529e-001 1.5658394743752765e-001 0 0 0 1</transform>
        <rotation_covariance>9.0688936039565314e-009 1.1120062337549627e-010 4.1494586095704740e-012 1.1120062337549629e-010 4.4489727700317173e-009 3.8115343477004764e-012 4.1494586095704756e-012 3.8115343477004772e-012 1.5749971507801546e-010</rotation_covariance>
        <location_covariance>2.8639743455518856e-006 1.1379035455209236e-006 -8.0451456828936297e-007 1.1379035455209236e-006 6.1239939551659688e-006 -8.4794095042031444e-007 -8.0451456828936297e-007 -8.4794095042031444e-007 1.5433966916101556e-006</location_covariance>
      </camera>
      <camera id="22" sensor_id="0" label="DSC00642.JPG">
        <transform>9.9963780199976404e-001 2.6671526377678591e-002 3.5908903863644385e-003 2.0566316508743537e+001 2.6684179641415381e-002 -9.9963770534376373e-001 -3.5231536894159100e-003 1.5659259167622102e+001 3.4956215394064565e-003 3.6176975743374574e-003 -9.9998734636709974e-001 1.1108879417517888e-001 0 0 0 1</transform>
        <rotation_covariance>9.0796662546675018e-009 9.1186896442315435e-011 1.0844234420398170e-011 9.1186896442315448e-011 4.4508836708403587e-009 2.8622689722772469e-012 1.0844234420398164e-011 2.8622689722772456e-012 1.6287470243031359e-010</rotation_covariance>
        <location_covariance>2.9256775414349874e-006 1.1796848829504566e-006 -8.1343519676171005e-007 1.1796848829504566e-006 6.1146238581477664e-006 -8.4349294556283950e-007 -8.1343519676171005e-007 -8.4349294556283950e-007 1.6528201967469358e-006</location_covariance>
      </camera>
      <camera id="23" sensor_id="0" label="DSC00643.JPG">
        <transform>9.9962865639529253e-001 2.7071427898578956e-002 3.1124114243473999e-003 2.1669908689322487e+001 2.7087492132793503e-002 -9.9961932973584100e-001 -5.2405523014041541e-003 1.5548189616730342e+001 2.9693573880921276e-003 5.3229136757929185e-003 -9.9998142458082784e-001 5.8950227561673341e-002 0 0 0 1</transform>
        <rotation_covariance>9.1181203059234201e-009 2.0043808588679310e-010 1.0166249923982899e-011 2.0043808588679310e-010 4.5472581725331275e-009 1.1107255493013863e-011 1.0166249923982902e-011 1.1107255493013867e-011 1.6927895407315468e-010</rotation_covariance>
        <location_covariance>3.0512338445059104e-006 1.2955250797645355e-006 -8.2465235057337668e-007 1.2955250797645355e-006 6.1118712807118972e-006 -8.1311102242596615e-007 -8.2465235057337668e-007 -8.1311102242596615e-007 1.7646261420000040e-006</location_covariance>
      </camera>
      <camera id="24" sensor_id="0" label="DSC00644.JPG">
        <transform>9.9962113490676408e-001 2.7269416649495132e-002 3.7370527569135703e-003 2.2456813209438703e+001 2.7293228767366996e-002 -9.9960649090785825e-001 -6.4763414309379902e-003 1.5518584352356010e+001 3.5589761398312761e-003 6.5758840070480953e-003 -9.9997204532844919e-001 5.5069193613676119e-002 0 0 0 1</transform>
        <rotation_covariance>9.2266608185662276e-009 3.1758446410231148e-010 1.9223448042093990e-011 3.1758446410231148e-010 4.6401134828214343e-009 1.4494603213585787e-011 1.9223448042093993e-011 1.4494603213585782e-011 1.7589094532894731e-010</rotation_covariance>
        <location_covariance>3.1631133433617678e-006 1.4037248845032763e-006 -8.2910490158302561e-007 1.4037248845032763e-006 6.1791104109320261e-006 -8.1170417825475248e-007 -8.2910490158302561e-007 -8.1170417825475248e-007 1.8549522049777560e-006</location_covariance>
      </camera>
      <camera id="25" sensor_id="0" label="DSC00645.JPG">
        <transform>9.9962418523693275e-001 2.7047458647881432e-002 4.4635490465356059e-003 2.3716667569623404e+001 2.7072275545129885e-002 -9.9961781291819107e-001 -5.5964268476265348e-003 1.5585285482410900e+001 4.3104740120139279e-003 5.7151620574937799e-003 -9.9997437803998179e-001 1.5171787363222257e-002 0 0 0 1</transform>
        <rotation_covariance>9.8525691961265255e-009 7.2966988217484375e-010 4.3288961922825246e-011 7.2966988217484395e-010 4.9785516206590894e-009 7.1974717598469626e-012 4.3288961922825246e-011 7.1974717598469667e-012 1.9175231988276295e-010</rotation_covariance>
        <location_covariance>3.4550343450350307e-006 1.7044692710928553e-006 -8.5477771719071181e-007 1.7044692710928553e-006 6.5521455564073441e-006 -8.2507446842811710e-007 -8.5477771719071181e-007 -8.2507446842811710e-007 2.0159311440036515e-006</location_covariance>
      </camera>
      <camera id="26" sensor_id="0" label="DSC00646.JPG">
        <transform>9.9965930412310688e-001 2.5966855330000753e-002 2.6453930475728330e-003 2.3966332296362690e+001 2.5978845325654386e-002 -9.9965189258333176e-001 -4.6036127235776223e-003 1.5664800551900285e+001 2.5249308210444797e-003 4.6707685485123428e-003 -9.9998590422341216e-001 -1.1781478817665714e-002 0 0 0 1</transform>
        <rotation_covariance>1.0519752893535668e-008 7.4599477339999798e-010 2.2571930127528017e-011 7.4599477339999808e-010 5.5262827641272085e-009 -1.0325726112859653e-011 2.2571930127528020e-011 -1.0325726112859663e-011 2.0230062732550994e-010</rotation_covariance>
        <location_covariance>3.7953579429602476e-006 1.7308307869531531e-006 -8.3965204405106802e-007 1.7308307869531531e-006 6.9378151166522637e-006 -8.6821319022011622e-007 -8.3965204405106802e-007 -8.6821319022011622e-007 2.0595263184582574e-006</location_covariance>
      </camera>
      <camera id="27" sensor_id="0" label="DSC00647.JPG">
        <transform>9.9963239132375592e-001 2.6933461363027371e-002 3.1098031055266559e-003 2.3756504872592007e+001 2.6954369333167923e-002 -9.9961292433398885e-001 -6.8893743041156955e-003 1.3182520021069706e+001 2.9230446797830867e-003 6.9706644918074096e-003 -9.9997143241511788e-001 -4.6558421593209519e-002 0 0 0 1</transform>
        <rotation_covariance>9.1805121618424723e-009 4.6411497419242413e-010 9.8645793340969301e-012 4.6411497419242418e-010 4.8681627221958986e-009 3.3457336119849036e-011 9.8645793340969349e-012 3.3457336119849036e-011 1.7107102820230747e-010</rotation_covariance>
        <location_covariance>3.3712647826826884e-006 1.4603425228976335e-006 -7.1581457113888430e-007 1.4603425228976335e-006 5.8869513142952078e-006 -4.8079520340561102e-007 -7.1581457113888430e-007 -4.8079520340561102e-007 1.8554936320102415e-006</location_covariance>
      </camera>
      <camera id="28" sensor_id="0" label="DSC00648.JPG">
        <transform>9.9966464703176483e-001 2.5636403093371795e-002 3.6562701335708381e-003 2.3235469760433105e+001 2.5655826163667194e-002 -9.9965642172608993e-001 -5.3681547713825325e-003 1.3220803237265612e+001 3.5173937390026271e-003 5.4601591757003094e-003 -9.9997890707907477e-001 -2.8219598066399829e-002 0 0 0 1</transform>
        <rotation_covariance>9.1820298270948555e-009 5.1302269759375019e-010 1.4773760750207560e-011 5.1302269759375019e-010 4.7224265201948945e-009 3.5304499843731026e-011 1.4773760750207557e-011 3.5304499843731026e-011 1.6609806207122095e-010</rotation_covariance>
        <location_covariance>3.2413951782858839e-006 1.4658257924727877e-006 -7.2141718238641035e-007 1.4658257924727877e-006 5.8952674349406440e-006 -4.7467917601111883e-007 -7.2141718238641035e-007 -4.7467917601111883e-007 1.7932337783088765e-006</location_covariance>
      </camera>
      <camera id="29" sensor_id="0" label="DSC00649.JPG">
        <transform>9.9981102629206020e-001 1.9259735841845739e-002 2.6408862376314083e-003 2.1213400215975636e+001 1.9267300891074902e-002 -9.9981024994415690e-001 -2.8697078205431117e-003 1.3245837391550099e+001 2.5851153147534033e-003 2.9200482709751023e-003 -9.9999239521953598e-001 2.5438158887810054e-002 0 0 0 1</transform>
        <rotation_covariance>8.9301810069493985e-009 3.7511133395278579e-010 -8.4903662137743498e-012 3.7511133395278579e-010 4.4704768322986826e-009 3.6804838392712002e-011 -8.4903662137743514e-012 3.6804838392712002e-011 1.5229783286862471e-010</rotation_covariance>
        <location_covariance>2.9460689578086314e-006 1.3039795493239492e-006 -7.1537093982836741e-007 1.3039795493239492e-006 5.7520293684348260e-006 -4.6593027168769458e-007 -7.1537093982836741e-007 -4.6593027168769458e-007 1.5611306802336980e-006</location_covariance>
      </camera>
      <camera id="30" sensor_id="0" label="DSC00650.JPG">
        <transform>9.9980992267380930e-001 1.9229115805628250e-002 3.2186376504180149e-003 1.9383947563775752e+001 1.9238393994773596e-002 -9.9981078580453253e-001 -2.8769402887367144e-003 1.3319736665298555e+001 3.1627076205064937e-003 2.9383148668641755e-003 -9.9999068174971029e-001 7.3897506326176102e-002 0 0 0 1</transform>
        <rotation_covariance>8.9078696064711672e-009 3.4504368230872539e-010 4.3240132725672959e-012 3.4504368230872533e-010 4.4050283267908757e-009 4.6118356358241621e-011 4.3240132725672870e-012 4.6118356358241634e-011 1.4301424501924293e-010</rotation_covariance>
        <location_covariance>2.7959993899212066e-006 1.1984688348777430e-006 -7.1317239678219388e-007 1.1984688348777430e-006 5.7517125191914503e-006 -4.6930897597587725e-007 -7.1317239678219388e-007 -4.6930897597587725e-007 1.3723696917231546e-006</location_covariance>
      </camera>
      <camera id="31" sensor_id="0" label="DSC00651.JPG">
        <transform>9.9980807995917509e-001 1.9326632019113488e-002 3.2069523141832713e-003 1.6618142607310066e+001 1.9339158031660763e-002 -9.9980528862111739e-001 -3.9219653071509483e-003 1.3419844544559293e+001 3.1305295037931304e-003 3.9832323610130768e-003 -9.9998716674014576e-001 1.4589417406990132e-001 0 0 0 1</transform>
        <rotation_covariance>8.2133723371156504e-009 1.4507452236313426e-010 -6.5676061845202688e-012 1.4507452236313431e-010 4.0470767308824575e-009 2.6217152447775366e-011 -6.5676061845202704e-012 2.6217152447775366e-011 1.3066630896645496e-010</rotation_covariance>
        <location_covariance>2.4518264013077236e-006 9.6139303623249991e-007 -6.8262410597102546e-007 9.6139303623249991e-007 5.3704905852712290e-006 -5.4377866008354146e-007 -6.8262410597102546e-007 -5.4377866008354146e-007 1.1163896460450443e-006</location_covariance>
      </camera>
      <camera id="32" sensor_id="0" label="DSC00652.JPG">
        <transform>9.9980548137233283e-001 1.9447455886351876e-002 3.2857080493627045e-003 1.5357254244654108e+001 1.9466722020776268e-002 -9.9979287747752599e-001 -5.9370766354021184e-003 1.3440037705270075e+001 3.1695664692625342e-003 5.9998837286410174e-003 -9.9997697735679880e-001 1.7869680013700434e-001 0 0 0 1</transform>
        <rotation_covariance>8.0151051865151194e-009 1.7499380391708175e-011 -5.2406405338314488e-012 1.7499380391708182e-011 3.9101781317756648e-009 3.0886702460967689e-011 -5.2406405338314472e-012 3.0886702460967689e-011 1.2639998884153082e-010</rotation_covariance>
        <location_covariance>2.3220712867744121e-006 8.2697032049115078e-007 -6.7042332277255003e-007 8.2697032049115078e-007 5.2625083126853315e-006 -5.5551132294470464e-007 -6.7042332277255003e-007 -5.5551132294470464e-007 1.0106451857063922e-006</location_covariance>
      </camera>
      <camera id="33" sensor_id="0" label="DSC00653.JPG">
        <transform>9.9979491446466484e-001 1.9932447021153293e-002 3.5814195986954693e-003 1.3787184712335460e+001 1.9955162611989818e-002 -9.9978024433684731e-001 -6.4229680742567598e-003 1.3412999399120327e+001 3.4526070905978481e-003 6.4931186268845469e-003 -9.9997295909178219e-001 2.1002727972672930e-001 0 0 0 1</transform>
        <rotation_covariance>7.8872966522552509e-009 -8.0401325513915596e-012 -1.9634742013204690e-012 -8.0401325513915531e-012 3.7782942412683198e-009 3.4624834416047457e-011 -1.9634742013204702e-012 3.4624834416047457e-011 1.2341564041319632e-010</rotation_covariance>
        <location_covariance>2.1889213756769628e-006 7.3519841765936512e-007 -6.5108535442690791e-007 7.3519841765936512e-007 5.1926320174294530e-006 -5.5038104253233300e-007 -6.5108535442690791e-007 -5.5038104253233300e-007 8.8743636097350983e-007</location_covariance>
      </camera>
      <camera id="34" sensor_id="0" label="DSC00654.JPG">
        <transform>9.9978851472220187e-001 2.0110036817973052e-002 4.3025862866201475e-003 1.2314997341601343e+001 2.0144009187162543e-002 -9.9976505145496619e-001 -8.0037980431960191e-003 1.3373813996499429e+001 4.1406187268999304e-003 8.0887766954296468e-003 -9.9995871263174152e-001 2.5343602640561724e-001 0 0 0 1</transform>
        <rotation_covariance>7.9770299470627376e-009 -2.2239399539150990e-011 6.4364872427417476e-012 -2.2239399539150990e-011 3.7315998554060072e-009 3.6586787378692118e-011 6.4364872427417476e-012 3.6586787378692131e-011 1.2219329940571538e-010</rotation_covariance>
        <location_covariance>2.1190713553082790e-006 6.5534830938058875e-007 -6.2911554101131920e-007 6.5534830938058875e-007 5.2575002320631438e-006 -5.6196562388081654e-007 -6.2911554101131920e-007 -5.6196562388081654e-007 7.8301917754157493e-007</location_covariance>
      </camera>
      <camera id="35" sensor_id="0" label="DSC00655.JPG">
        <transform>9.9979535401598096e-001 1.9686802559989058e-002 4.6561672032973175e-003 1.0720269848202637e+001 1.9719985883469689e-002 -9.9977967746563656e-001 -7.1915703058228848e-003 1.3377243885588415e+001 4.5135623200316510e-003 7.2819181313610983e-003 -9.9996330003831213e-001 2.8262458371383165e-001 0 0 0 1</transform>
        <rotation_covariance>8.3192506210237585e-009 -1.5415722302581413e-010 1.6648017513273882e-011 -1.5415722302581408e-010 4.1427216327938277e-009 3.6404602216082697e-011 1.6648017513273888e-011 3.6404602216082704e-011 1.2369762369846500e-010</rotation_covariance>
        <location_covariance>2.3458283290521055e-006 5.0432605124128870e-007 -6.4103620374562216e-007 5.0432605124128870e-007 5.4654787229600755e-006 -5.6230025378305058e-007 -6.4103620374562216e-007 -5.6230025378305058e-007 6.8563282321839961e-007</location_covariance>
      </camera>
      <camera id="36" sensor_id="0" label="DSC00656.JPG">
        <transform>9.9978918192756638e-001 1.9780018104950142e-002 5.5084103310143835e-003 9.3955529204059598e+000 1.9821199846692068e-002 -9.9977522418890752e-001 -7.5247016324335152e-003 1.3492661463566023e+001 5.3583334390905164e-003 7.6322985913483497e-003 -9.9995651719510681e-001 3.2093760789677939e-001 0 0 0 1</transform>
        <rotation_covariance>8.2606998663958858e-009 -5.1901078327105208e-012 6.6403346756529518e-012 -5.1901078327105305e-012 4.1670400330115653e-009 3.2628790685340613e-011 6.6403346756529493e-012 3.2628790685340606e-011 1.1883488266800238e-010</rotation_covariance>
        <location_covariance>2.3470411373326660e-006 5.3356586688017504e-007 -5.9770207902310646e-007 5.3356586688017504e-007 5.4595206201159239e-006 -5.8367098748854205e-007 -5.9770207902310646e-007 -5.8367098748854205e-007 6.1232928818007686e-007</location_covariance>
      </camera>
      <camera id="37" sensor_id="0" label="DSC00657.JPG">
        <transform>9.9979732248986530e-001 1.9387224713518881e-002 5.4267356673973191e-003 8.0020680239372997e+000 1.9423007227473432e-002 -9.9978943514041396e-001 -6.6205869719744605e-003 1.3597228464351209e+001 5.2972381802024382e-003 6.7246486539807963e-003 -9.9996335851277207e-001 3.5235560513845426e-001 0 0 0 1</transform>
        <rotation_covariance>7.6228928616171756e-009 1.3783143263871692e-010 -7.7629884897848144e-012 1.3783143263871695e-010 3.6963791008439278e-009 2.9881044692182132e-011 -7.7629884897848095e-012 2.9881044692182132e-011 1.1000837023448319e-010</rotation_covariance>
        <location_covariance>2.0433898185325952e-006 5.5636861359104545e-007 -5.3607276631063317e-007 5.5636861359104545e-007 5.1053166644226774e-006 -5.9139790980759128e-007 -5.3607276631063317e-007 -5.9139790980759128e-007 5.3900494754545226e-007</location_covariance>
      </camera>
      <camera id="38" sensor_id="0" label="DSC00658.JPG">
        <transform>9.9980013062287920e-001 1.9093982441501310e-002 5.9260982946446336e-003 6.3778223081243288e+000 1.9140464865231806e-002 -9.9978568282521563e-001 -7.8886641746336705e-003 1.3664992218208027e+001 5.7742022147632749e-003 8.0005157484353256e-003 -9.9995132398359377e-001 3.9566273934907242e-001 0 0 0 1</transform>
        <rotation_covariance>7.3885655082978793e-009 -1.5317708267091851e-011 1.8893521384523020e-012 -1.5317708267091880e-011 3.5821511349255449e-009 3.3427019550182252e-011 1.8893521384523028e-012 3.3427019550182252e-011 1.0619252342646557e-010</rotation_covariance>
        <location_covariance>1.9766356422927089e-006 3.9223421053503221e-007 -4.8845958334101874e-007 3.9223421053503221e-007 4.9852340998136711e-006 -6.0367299110008552e-007 -4.8845958334101874e-007 -6.0367299110008552e-007 4.6657536533654335e-007</location_covariance>
      </camera>
      <camera id="39" sensor_id="0" label="DSC00659.JPG">
        <transform>9.9979548129574503e-001 1.9327303128284713e-002 5.9540687262052243e-003 5.0461003878563728e+000 1.9374714238995693e-002 -9.9978019972808962e-001 -8.0107852185992666e-003 1.3663349617474070e+001 5.7979331460647800e-003 8.1245052433158646e-003 -9.9995018695222271e-001 4.2254339598867402e-001 0 0 0 1</transform>
        <rotation_covariance>7.4379630399245588e-009 3.2284871285962662e-011 1.7302918448401917e-012 3.2284871285962650e-011 3.5904805080518844e-009 3.2873169483051305e-011 1.7302918448401893e-012 3.2873169483051305e-011 1.0484937141146180e-010</rotation_covariance>
        <location_covariance>1.9859261182406171e-006 3.5789459667960077e-007 -4.3864382370770626e-007 3.5789459667960077e-007 5.0258085694708490e-006 -6.0837702627018981e-007 -4.3864382370770626e-007 -6.0837702627018981e-007 4.1326871380932731e-007</location_covariance>
      </camera>
      <camera id="40" sensor_id="0" label="DSC00660.JPG">
        <transform>9.9979061389437729e-001 1.9394242589152441e-002 6.5262334541825650e-003 2.9616792611746940e+000 1.9439984468337473e-002 -9.9978638021455357e-001 -7.0200385576555373e-003 1.3613391898653806e+001 6.3886909908199346e-003 7.1454385361066786e-003 -9.9995406261265352e-001 4.7277035184677751e-001 0 0 0 1</transform>
        <rotation_covariance>7.3103192885353460e-009 2.6979254665929280e-011 6.7542563019162291e-012 2.6979254665929293e-011 3.4833522090484868e-009 2.6434351334134623e-011 6.7542563019162291e-012 2.6434351334134626e-011 1.0083083580626797e-010</rotation_covariance>
        <location_covariance>1.9415866868366923e-006 2.5998138831400976e-007 -3.5249339248587215e-007 2.5998138831400976e-007 4.9634229121108206e-006 -6.1212121432341795e-007 -3.5249339248587215e-007 -6.1212121432341795e-007 3.4029517281800365e-007</location_covariance>
      </camera>
      <camera id="41" sensor_id="0" label="DSC00661.JPG">
        <transform>9.9979136659174839e-001 1.9274055224540457e-002 6.7626979679568334e-003 2.0823984550894790e+000 1.9319920304431904e-002 -9.9979033988521382e-001 -6.7835795594181096e-003 1.3640471700510069e+001 6.6305330128763199e-003 6.9128190638783503e-003 -9.9995412342994783e-001 4.8287056918977983e-001 0 0 0 1</transform>
