# Cameras (561)
# PhotoID, X, Y, Z, Omega, Phi, Kappa, r11, r12, r13, r21, r22, r23, r31, r32, r33
DSC00002.JPG	2693787.1676659640000000	1256209.6185707310000000	583.8507463101258300	1.5859385046192271	2.7842802124809074	148.1846572253179800	-0.8487484234964103	0.5258390146456574	0.0558519855407341	-0.5265610237484999	-0.8501347891446278	0.0020805179526669	0.0485757334611637	-0.0276436423523339	0.9984368919246756
DSC00003.JPG	2693786.6639546584000000	1256209.3695035474000000	583.7767188558676700	1.8788337977332303	2.6351789076795087	146.9170100225451600	-0.8369947724346813	0.5442967780334996	0.0563983008553254	-0.5452760103966561	-0.8382531661039446	-0.0023878866426920	0.0459763352489328	-0.0327512891206424	0.9984054936036830
DSC00004.JPG	2693784.5522220917000000	1256209.6439311537000000	583.8019595039639900	2.3266966904071125	2.5448468769050194	145.2626038295166800	-0.8209618513966803	0.5678649323979044	0.0595907467989677	-0.5692540366661593	-0.8221219631949029	-0.0080820400791903	0.0444013546034110	-0.0405573197497381	0.9981901740270236
DSC00005.JPG	2693782.7477032896000000	1256210.4838737156000000	583.7528077993775900	2.6132295458077279	2.3057397353869162	144.0925295081538600	-0.8093094073240654	0.5843823378930527	0.0592922117602272	-0.5860031384998130	-0.8101986590416712	-0.0133586883879610	0.0402318889084094	-0.0455567343619767	0.9981512806529548
DSC00006.JPG	2693781.0266865827000000	1256211.5947134267000000	583.7482775325449900	3.0185376823238523	2.1661979617408469	143.9612113829893500	-0.8080410374040317	0.5859070380254441	0.0615030459673926	-0.5879123845163959	-0.8086679965447540	-0.0203739906876200	0.0377982804273098	-0.0526214229809963	0.9978989306739402
DSC00007.JPG	2693779.2979775798000000	1256212.8367512482000000	583.7784319819497800	3.2848048034432082	1.9797920778509854	143.8974611996356700	-0.8074814807608379	0.5866646998072523	0.0616294428690613	-0.5888804309955362	-0.8078027255893129	-0.0259729574940708	0.0345470146148129	-0.0572650550557989	0.9977611022938608
DSC00008.JPG	2693777.6528547388000000	1256214.1579838460000000	583.8143539333324300	3.5023161073924474	1.8529176246445891	143.8550613038788400	-0.8071052749465639	0.5871332364859488	0.0620937820314295	-0.5895214971293016	-0.8071843729767176	-0.0302950894471404	0.0323338765980616	-0.0610569458433544	0.9976104298715121
DSC00009.JPG	2693776.0850120243000000	1256215.3899440723000000	583.8433475920435300	3.7273290516335269	1.6836212617071251	143.7785534157584400	-0.8063909144361580	0.5881168967480863	0.0620661652933226	-0.5906525873934487	-0.8061613276390318	-0.0351202907832224	0.0293805057860094	-0.0649802245200375	0.9974539369319688
DSC00010.JPG	2693774.5754402298000000	1256216.6852669290000000	583.8400095835330600	3.8997902915161569	1.5119824738961802	143.7672118906280300	-0.8063413570037117	0.5882512337884014	0.0614337198274387	-0.5908615696404671	-0.8058151917979185	-0.0392999006320298	0.0263860096910539	-0.0679879593318356	0.9973371625876960
DSC00011.JPG	2693773.0660549328000000	1256217.9285227265000000	583.8204967695643300	4.1098237987949071	1.3939706648815864	143.7497396363029300	-0.8062032550057365	0.5883867434338398	0.0619463620358489	-0.5911383169572697	-0.8053991006956341	-0.0434485767728952	0.0243269776807999	-0.0716472522151727	0.9971333257929621
DSC00012.JPG	2693771.4761134740000000	1256219.1355069645000000	583.8172628355738400	4.2787916190261113	1.2799798828880486	143.7338956956796200	-0.8060771850565726	0.5885438086578019	0.0620947423043285	-0.5913886921951055	-0.8050169994509703	-0.0469792011290054	0.0223380051713460	-0.0745909906458248	0.9969639901417902
DSC00013.JPG	2693769.9605923649000000	1256220.2880419337000000	583.7729657729376000	4.4166327355547725	1.1973587916444188	143.6836874902766100	-0.8055837598952698	0.5891872836160121	0.0623951169418389	-0.5921132907594998	-0.8043199802329132	-0.0497113699678682	0.0208963321890912	-0.0769916503480165	0.9968127352104467
DSC00014.JPG	2693768.4705604278000000	1256221.4267429113000000	583.8026094431480700	4.5876699389779665	1.0183445342848036	143.6846793708275800	-0.8056426853981726	0.5891858037451672	0.0616437517481106	-0.5921351202781570	-0.8040302249773014	-0.0539573596103688	0.0177725292964760	-0.0799717824492574	0.9966386763588370
DSC00015.JPG	2693766.9712234680000000	1256222.6358899269000000	583.8358892391343000	4.6336501854708736	1.0276296493903632	143.6570691910010600	-0.8053549182510345	0.5895129646736917	0.0622729486254202	-0.5925215668916221	-0.8037104306865193	-0.0544769343299243	0.0179345592966883	-0.0807713320883391	0.9965712937344269
DSC00016.JPG	2693765.4380524624000000	1256223.8185837027000000	583.8522825183821400	4.7202704363455572	0.8898247446895456	143.6296188857113200	-0.8051033537732373	0.5899624397585721	0.0612609942557156	-0.5929312073865884	-0.8032273201063265	-0.0570828830902187	0.0155297472667087	-0.0822811759087254	0.9964881509786806
DSC00017.JPG	2693763.9783520494000000	1256225.0736412085000000	583.8637869360051100	4.7606768160762680	0.8171876326151208	143.5946296931899200	-0.8047563133632197	0.5904941402413683	0.0606955224266710	-0.5934339623870393	-0.8027640263751965	-0.0583613762988935	0.0142621312452623	-0.0829854704059124	0.9964486957760809
DSC00018.JPG	2693762.4554492161000000	1256226.3040995300000000	583.8319216805142600	4.8425492574944036	0.7434011116999589	143.5731176272652500	-0.8045475593157322	0.5907956020294921	0.0605291782672522	-0.5937464853679577	-0.8023935346695009	-0.0602472126640066	0.0129744330240702	-0.0844107347627942	0.9963465722049278
DSC00019.JPG	2693761.0170148704000000	1256227.4612312710000000	583.8279892928284200	4.9045241939689159	0.6785586408211544	143.5377384971249600	-0.8041920720837089	0.5913029050271663	0.0602991351857123	-0.5942515116961488	-0.8019054823854784	-0.0617473737656526	0.0118428056030971	-0.0854896006924079	0.9962686766775821
DSC00020.JPG	2693759.4689516257000000	1256228.7078260272000000	583.8254720711013300	4.9337049294926434	0.5738346237365715	143.5524219587885300	-0.8043604058388403	0.5911930383488926	0.0591196154130017	-0.5940572653939981	-0.8019320506025049	-0.0632530762023981	0.0100151361139701	-0.0859987071081092	0.9962449093593163
DSC00021.JPG	2693757.9561569057000000	1256229.8491022373000000	583.8192312129383500	4.9482338784995648	0.5534886452483310	143.4965445428478600	-0.8037834801516026	0.5919844307607174	0.0590470217054826	-0.5948435092433813	-0.8013208407427989	-0.0636090378977226	0.0096600489852754	-0.0862516314521865	0.9962265503014056
DSC00022.JPG	2693756.3882176876000000	1256231.0774475869000000	583.8320659160652900	5.0564119959878564	0.5050098551155684	143.4311155567934000	-0.8031099509371688	0.5928463260990391	0.0595620712918052	-0.5957656591546038	-0.8004784752819943	-0.0655552437436886	0.0088139706023289	-0.0881331052504443	0.9960697112557612
DSC00023.JPG	2693755.2134981267000000	1256232.0615082423000000	583.8204351945502100	5.0097000403141667	0.4808001345910555	143.3612071523747900	-0.8023853574286403	0.5939006076197866	0.0588201194572221	-0.5967472847051095	-0.7997856308324362	-0.0650816634010039	0.0083914469069710	-0.0873213203221929	0.9961448542435968
DSC00024.JPG	2693754.0719780959000000	1256232.9557747769000000	583.8116250268120700	4.9556522060744603	0.4269442897944323	143.2790056616614200	-0.8015343548690015	0.5951678297773215	0.0576014961861853	-0.5979022937693078	-0.7989451554993927	-0.0648034382533185	0.0074515146201333	-0.0863822487679316	0.9962342003904815
DSC00025.JPG	2693753.0271674246000000	1256233.8076387858000000	583.8155588696847600	4.9704725373632570	0.4060131077889576	143.2411595315689400	-0.8011413693493951	0.5957058620918829	0.0575068012181411	-0.5984331976070746	-0.7985161285784583	-0.0651897261985577	0.0070862062309954	-0.0866401654513518	0.9962144685818485
DSC00026.JPG	2693751.9576927032000000	1256234.7046641114000000	583.7941772094845900	5.0190319600065640	0.3211053660524910	143.2179450192533100	-0.8009063677901086	0.5960842085824890	0.0568560138581921	-0.5987633770274428	-0.7981415562081352	-0.0667268655366677	0.0056043165459540	-0.0874852703730422	0.9961500484885842
DSC00027.JPG	2693750.8515967336000000	1256235.6366992998000000	583.7412038161999100	5.0448465583030844	0.3293029033684974	143.1839325102214700	-0.8005501325165921	0.5965221377113240	0.0572784824168634	-0.5992382271316471	-0.7977649716226695	-0.0669671351933360	0.0057473882579466	-0.0879340052095547	0.9961097219965373
DSC00028.JPG	2693750.0605208818000000	1256236.1106691873000000	583.7011707012419500	4.9130933669966188	0.3488680242372975	143.0440594885316700	-0.7990832463833801	0.5985750346824569	0.0563373162681141	-0.6011895634132354	-0.7964754866909287	-0.0647912644069587	0.0060888580539914	-0.0856430204706979	0.9963072813405782
DSC00029.JPG	2693751.9294688478000000	1256238.0644099452000000	583.7848563240148700	5.1491224256640136	0.4113461290661827	142.8379457825967600	-0.7969096185219772	0.6011202342981250	0.0599126349322433	-0.6040558896392624	-0.7941033537561762	-0.0672037628806060	0.0071792826435582	-0.0897459050350542	0.9959388186179730
DSC00030.JPG	2693753.4998180885000000	1256236.9195805290000000	583.8044128488329500	5.0818360154993503	0.5268970780283449	142.5534017155998200	-0.7938868131303670	0.6049850178477803	0.0611298300131048	-0.6079960215920977	-0.7912949111440932	-0.0647549328286557	0.0091959592153971	-0.0885747807063819	0.9960270792287354
DSC00031.JPG	2693757.2322670966000000	1256233.9379125251000000	583.8147733874712900	5.1466042360986783	0.5161459782348505	142.5018727714361800	-0.7933410461208642	0.6056402226362208	0.0617244300500352	-0.6087107971954854	-0.7906666088546016	-0.0657075263573471	0.0090083248992053	-0.0897008047205465	0.9959280173360907
DSC00032.JPG	2693759.0778912455000000	1256232.5107040098000000	583.8637503489396700	5.2256917434560339	0.4977010982751832	142.5240724796547900	-0.7935790967752276	0.6052713531755840	0.0622800625113001	-0.6084050980883752	-0.7907918859081148	-0.0670181303973924	0.0086864136148588	-0.0910756949294652	0.9958060875550151
DSC00033.JPG	2693760.5110068042000000	1256231.4126029999000000	583.8908980261600200	5.2225216994561672	0.5110700959169559	142.4962275981174300	-0.7932816979008353	0.6056421927986987	0.0624634459308177	-0.6087894431219388	-0.7905142749329813	-0.0668026576601803	0.0089197375997234	-0.0910204121566565	0.9958090795187523
DSC00034.JPG	2693761.9694563933000000	1256230.2173345839000000	583.8916966863974900	5.2520416728320551	0.5826604603179036	142.4714569776171800	-0.7930089688544364	0.6058609200408278	0.0637912288932045	-0.6091250802052233	-0.7902875241512523	-0.0664248886778497	0.0101691681766047	-0.0915323698926557	0.9957501761387894
DSC00035.JPG	2693763.7505793720000000	1256228.7036906995000000	583.8739055241770800	5.3448238991734032	0.5501086942532940	142.4550516240142300	-0.7928389799839433	0.6060250082698836	0.0643431516908232	-0.6093555378072005	-0.7899731973681797	-0.0680306988321644	0.0096010604475770	-0.0931452456724603	0.9956062388549496
DSC00036.JPG	2693765.1020070184000000	1256227.6255436323000000	583.8654479869219400	5.3687520358808918	0.5782582218243796	142.4274835693469200	-0.7925418605021416	0.6063416661785921	0.0650167917354645	-0.6097339945042645	-0.7896810765830785	-0.0680312665798852	0.0100923385633519	-0.0935605747222565	0.9955624357919316
DSC00037.JPG	2693767.3475953341000000	1256225.7626928780000000	583.7951594418633500	5.4870082004958034	0.5324862405363003	142.4022751593127800	-0.7922796544922119	0.6066140179049790	0.0656687319725227	-0.6100873542820552	-0.7892255888535994	-0.0701169740063804	0.0092935043349341	-0.0956159148879888	0.9953749181073980
DSC00038.JPG	2693769.3775790352000000	1256224.2014136491000000	583.8047592418138300	5.3678143996472247	0.6015001776394032	142.3817427933512900	-0.7920515328423410	0.6069429046573237	0.0653810355395869	-0.6103639586655812	-0.7892210405148129	-0.0677199170908861	0.0104979657161931	-0.0935438918093905	0.9955598088618154
DSC00039.JPG	2693770.8296048399000000	1256223.0379573016000000	583.8198921362469500	5.4240712801106383	0.5102552300806440	142.3507451617221000	-0.7917334364696023	0.6074244520121523	0.0647587883902325	-0.6108018151246046	-0.7887337779740723	-0.0694274450288568	0.0089055160727944	-0.0945228151320259	0.9954828623351556
DSC00040.JPG	2693772.2703703381000000	1256221.9314530971000000	583.8076000153614600	5.3976590140061855	0.5424642806955152	142.3606475565762000	-0.7918348997169753	0.6072760363413055	0.0649099936512185	-0.6106618174270049	-0.7889029652539177	-0.0687332245011335	0.0094676463260537	-0.0940634206223083	0.9955211884103100
DSC00041.JPG	2693774.6636576988000000	1256219.9447362993000000	583.8081870823297100	5.2802241995755033	0.5059134482325430	142.3353012467956700	-0.7915692997472635	0.6078032665694324	0.0631920315004550	-0.6110156130390124	-0.7887375344339277	-0.0674760875988580	0.0088297406636289	-0.0920233172767445	0.9957177033462831
DSC00042.JPG	2693776.0870237034000000	1256218.7571627866000000	583.8471961239001800	5.2142702333359683	0.4756907699189623	142.2974323530842200	-0.7911688591049900	0.6084347561078848	0.0621207207173871	-0.6115414201965647	-0.7883834287259747	-0.0668480418130907	0.0083022747772647	-0.0908774827458113	0.9958274726895758
DSC00043.JPG	2693778.1074064262000000	1256217.2968316835000000	583.8725711671575000	5.2041448894245743	0.4050282379785091	142.2831851539400800	-0.7910242664688645	0.6087302364644971	0.0610582432704391	-0.6117439324176570	-0.7881754763318823	-0.0674446414416432	0.0070690174406315	-0.0907023578684043	0.9958529566504968
DSC00044.JPG	2693779.5475178361000000	1256216.0938364193000000	583.8486299787064100	5.1663553689844663	0.4162518197873841	142.2574980057537700	-0.7907488165119350	0.6091097445289982	0.0608410084136732	-0.6120976477657673	-0.7879575787354951	-0.0667781679361672	0.0072649008657505	-0.0900453954020666	0.9959111647041098
DSC00045.JPG	2693781.8387950193000000	1256214.2889916794000000	583.8720763185998500	5.1665615919362411	0.3145314949987335	142.2532682272507100	-0.7907125796074773	0.6092941066787108	0.0594500464009982	-0.6121629529244511	-0.7878145017426145	-0.0678588970648094	0.0054895826166721	-0.0900499995037648	0.9959221164689871
DSC00046.JPG	2693782.5987065118000000	1256213.7408657938000000	583.8517194515596900	5.1187893362267500	0.4032007503818029	142.2454759705225600	-0.7906216541347183	0.6093414423789239	0.0601698147982424	-0.6122645497816939	-0.7878724684426194	-0.0662502418920391	0.0070371225583787	-0.0892187203994035	0.9959871981287670
DSC00047.JPG	2693784.2726205774000000	1256212.4221091149000000	583.8410548479809000	5.2019581808041364	0.4063529963827454	142.2279018194412600	-0.7904335117707345	0.6094911200782333	0.0611182298137354	-0.6125067877540036	-0.7875916154514773	-0.0673415341806551	0.0070921382569803	-0.0906643359668669	0.9958562545662056
DSC00048.JPG	2693785.3979429957000000	1256211.5758782383000000	583.8363809645153400	5.1788264204877779	0.4651643020409498	142.2121150464295500	-0.7902585476878999	0.6096595163303588	0.0616984761079560	-0.6127197702038978	-0.7875075382873791	-0.0663804213743426	0.0081185594469719	-0.0902615714929968	0.9958850022488144
DSC00049.JPG	2693786.8171861582000000	1256210.3932507210000000	583.8084460186756800	5.1998557533925736	0.4198102464751359	142.2166742103832700	-0.7903121322337073	0.6096308635412080	0.0612939137452669	-0.6126606308838410	-0.7874876767594551	-0.0671573548988530	0.0073270054746235	-0.0906276402098037	0.9958578943909504
DSC00050.JPG	2693787.5143352747000000	1256209.7979908590000000	583.8340887639581100	5.3237844418993303	0.4662084021893596	142.2553737489089700	-0.7907208128743694	0.6089055130503489	0.0632034197190939	-0.6121228543917811	-0.7877980642572418	-0.0684092178277258	0.0081367818303757	-0.0927808500146132	0.9956533064536124
DSC00051.JPG	2693789.0682669505000000	1256212.4556001571000000	583.8575743758523200	5.4309357043164130	0.3962389002172682	142.2068014515028800	-0.7902088667546277	0.6095451065013977	0.0634406024763881	-0.6127985975226983	-0.7870815445715634	-0.0705728068667831	0.0069156183079502	-0.0946435699614201	0.9954872017702573
DSC00052.JPG	2693788.5810920969000000	1256212.7680405302000000	583.8893369427942200	5.4125578830403906	0.3077517380752911	142.2589365734228900	-0.7907736459568455	0.6089641595077062	0.0619652587761104	-0.6120851170195426	-0.7875693098047027	-0.0713189440255337	0.0053712552806848	-0.0943251540619857	0.9955269533909628
DSC00053.JPG	2693787.0936143566000000	1256213.9928303717000000	583.9065948971828000	5.5801076644966905	0.2712126660838393	142.2841827352411300	-0.7910458202370916	0.6084824133522955	0.0632112563266463	-0.6117385911640211	-0.7875876202143581	-0.0740380751083012	0.0047335363192054	-0.0972362747437925	0.9952500693332628
DSC00054.JPG	2693785.1922751088000000	1256215.4847828872000000	583.8841753470371700	5.5846596690148385	0.2443581530740930	142.3022017190403400	-0.7912398357053263	0.6082657624597793	0.0628671982215835	-0.6114910739502845	-0.7877451656442354	-0.0744057825929160	0.0042648413963536	-0.0973155497511069	0.9952444397757286
DSC00055.JPG	2693783.3359374274000000	1256216.9429747160000000	583.8816146620197300	5.4929113834261782	0.3201513676127021	142.2997354498692200	-0.7912083575239733	0.6082993773166878	0.0629380849752115	-0.6115211467876638	-0.7879145494070946	-0.0723363661246249	0.0055876663928279	-0.0957211073313784	0.9953925093125511
DSC00056.JPG	2693781.5902354699000000	1256218.1950237972000000	583.9024556543505500	5.5159432511682782	0.2470172557729445	142.3179544184732200	-0.7914077694978544	0.6081205655895059	0.0621540029726998	-0.6112733885035967	-0.7880037882050778	-0.0734498079083808	0.0043112510669120	-0.0961218366530030	0.9953602391258615
DSC00057.JPG	2693779.9615775011000000	1256219.3321895008000000	583.9012057308016200	5.4538128332341431	0.2002130514220659	142.2985175894863500	-0.7912028801142721	0.6085163469079316	0.0608757590893676	-0.6115437775648549	-0.7878291275449201	-0.0730717039182551	0.0034943698413366	-0.0950427342706211	0.9954670602494972
DSC00058.JPG	2693778.4555887375000000	1256220.4576918688000000	583.9394247278886500	5.4338862896953826	0.1803603955858019	142.3100381297960300	-0.7913267386823290	0.6084050194295554	0.0603765267244809	-0.6113853805198118	-0.7879567758216065	-0.0730207910355907	0.0031478775443589	-0.0946966301921097	0.9955011999476567
DSC00059.JPG	2693777.0291851293000000	1256221.5160589481000000	583.9577896972327800	5.5016118341850682	0.0796898848004194	142.3281646392760300	-0.7915232774831474	0.6082172750586624	0.0596879177267221	-0.6111374368646061	-0.7879593817229950	-0.0750402959567404	0.0013908504218767	-0.0958736620502794	0.9953925388811055
DSC00060.JPG	2693775.6789073832000000	1256222.6759761448000000	583.9321000348697900	5.5224641816590925	0.0993501138071862	142.3193414220546100	-0.7914287321805118	0.6082907069949868	0.0601911759536791	-0.6112589918951201	-0.7878585363059784	-0.0751090646803905	0.0017339857292343	-0.0962358693696937	0.9953570468631597
DSC00061.JPG	2693774.2188984659000000	1256223.9110192091000000	583.9183431178828400	5.5073904184859170	0.0717931666824286	142.3201216172785500	-0.7914376241085737	0.6083323253611982	0.0596512285373393	-0.6112486540428428	-0.7878583374370016	-0.0751952329726887	0.0012530268111500	-0.0959740696836466	0.9953830458030563
DSC00062.JPG	2693772.7323230449000000	1256225.1512733165000000	583.9207412430556600	5.4477792609393196	0.1166948164341752	142.3431728570621700	-0.7916824571055988	0.6080181037329132	0.0596059782595216	-0.6109294058517538	-0.7882263044231600	-0.0739226222548355	0.0020367073586804	-0.0949382881056999	0.9954810763016517
DSC00063.JPG	2693771.2351832278000000	1256226.3585556054000000	583.9129426529866600	5.4153959666900118	0.1185164376003229	142.3452082033422500	-0.7917041072872113	0.6080213176859687	0.0592847682291043	-0.6109012422723623	-0.7882913918711747	-0.0734598781096890	0.0020685005787768	-0.0943756257792481	0.9955345109859985
DSC00064.JPG	2693768.8161860090000000	1256228.1987850410000000	583.8712854643612200	5.3699307271299235	0.1404714419799289	142.3456849777462600	-0.7917085050896862	0.6080332183155356	0.0591037087965420	-0.6108941251975852	-0.7883764025190614	-0.0726017613435107	0.0024516867114807	-0.0935855404213461	0.9956082240802925
DSC00065.JPG	2693766.8514935449000000	1256229.7190545723000000	583.8540898026757300	5.2876986628133169	0.1901258857722422	142.3532902620501900	-0.7917876068526316	0.6079495157674112	0.0589047698641911	-0.6107875034817409	-0.7886092842470465	-0.0709508448850571	0.0033183166101776	-0.0921562970042279	0.9957390248942457
DSC00066.JPG	2693765.3444008268000000	1256230.8042679690000000	583.8468922560967900	5.3925984957245188	0.0826917830680818	142.3405811957098000	-0.7916556395872144	0.6081550373784813	0.0585559460766938	-0.6109658463108316	-0.7882355510343743	-0.0735217704304356	0.0014432433778481	-0.0939796073449701	0.9955730763996371
DSC00067.JPG	2693763.7986542527000000	1256232.0255573469000000	583.8336134646895100	5.2644868783623666	0.0693843953527313	142.3153512896822400	-0.7913867710619352	0.6086484191872446	0.0570445475837275	-0.6113145770398651	-0.7881170141432267	-0.0718753081143751	0.0012109858524280	-0.0917533314862944	0.9957810299832146
DSC00068.JPG	2693762.2665390987000000	1256233.2968592597000000	583.8266544238059600	5.2915839680573233	0.0169732447682824	142.3211836521689400	-0.7914495406715637	0.6086079158365139	0.0566041460663968	-0.6112344368679049	-0.7880933187397260	-0.0728106046162203	0.0002962390016206	-0.0922243229248097	0.9957382118325652
DSC00069.JPG	2693760.8166454323000000	1256234.5190419669000000	583.8179415689783100	5.3051862731772470	-0.0212667258199266	142.3193147609747500	-0.7914295830285930	0.6086690047006184	0.0562250640190485	-0.6112602369995683	-0.7880184386114038	-0.0734020644919251	-0.0003711743781538	-0.0924607112518822	0.9957162643566577
DSC00070.JPG	2693759.3560896851000000	1256235.7782468465000000	583.8430941642884600	5.2561733991656432	0.0318724261823555	142.2886093674911800	-0.7911018208839450	0.6090719177589042	0.0564739585260077	-0.6116842318942515	-0.7878065808223523	-0.0721331523291100	0.0005562787487912	-0.0916088980966674	0.9957949087756315
DSC00071.JPG	2693758.2211345453000000	1256236.6023463148000000	583.8340679264098300	5.2806790265129129	0.0630084991449621	142.2892346144137700	-0.7911081399509298	0.6089995445386573	0.0571617499302431	-0.6116753236408138	-0.7878128958539458	-0.0721397225883653	0.0010997055451643	-0.0920347536419150	0.9957551881711618
DSC00072.JPG	2693757.2857371438000000	1256237.2456041337000000	583.8399526404019800	5.2012894562673040	0.0924994027130915	142.2954283300107400	-0.7911737052435772	0.6089560690900238	0.0567157301775731	-0.6115893735050297	-0.7880064718115795	-0.0707406431889864	0.0016144184321817	-0.0906548746703269	0.9958810608459391
DSC00073.JPG	2693756.2329896260000000	1256238.0187517342000000	583.8604771364397300	5.2950310372869005	0.0222578279376635	142.3035693445027600	-0.7912615679132818	0.6088400258830734	0.0567358266540076	-0.6114777021548956	-0.7879070024352236	-0.0727844439486148	0.0003884723720838	-0.0922842261507289	0.9957326301236580
DSC00074.JPG	2693755.2560881376000000	1256238.9644683364000000	583.8789100075335900	5.2322856633646380	-0.0068387901249940	142.2942097040487100	-0.7911617225345095	0.6090671470848237	0.0556806890957863	-0.6116069935420624	-0.7878584343943270	-0.0722216920610362	-0.0001193594042506	-0.0911937371515910	0.9958331627625481
DSC00075.JPG	2693754.1031197049000000	1256240.0869767515000000	583.8516585382880100	5.3102704965221310	0.0219256441817197	142.2911253399184700	-0.7911287448803146	0.6089964443668595	0.0569090482491247	-0.6116495422905129	-0.7877550386908976	-0.0729851795428942	0.0003826746722519	-0.0925490668004005	0.9957080514862127
DSC00076.JPG	2693753.8300199788000000	1256240.1919782714000000	583.8333877662244000	5.0394152199864664	0.1901228544649936	142.2870039439712900	-0.7910804483457912	0.6091113598091369	0.0563478091542691	-0.6117031251931048	-0.7882051698753188	-0.0674677464482734	0.0033182637041767	-0.0878405460666317	0.9961290215593087
DSC00077.JPG	2693755.3821005523000000	1256242.9698660099000000	583.7960929423433100	5.0065654809342339	0.1634395199873998	142.2291205663313500	-0.7904632041268592	0.6099717090053786	0.0556995254428383	-0.6125028864077651	-0.7876030355097847	-0.0672433833022179	0.0028525538830763	-0.0872695403266835	0.9961806514219764
DSC00078.JPG	2693755.7925768215000000	1256242.4818728138000000	583.7909820325201100	5.0045322963323127	0.2321708242122209	142.0994194689784800	-0.7890713824736961	0.6116724590452803	0.0567728474409166	-0.6142881519037385	-0.7862868827369884	-0.0663551389602879	0.0040521342202903	-0.0872338287664227	0.9961796220195490
DSC00079.JPG	2693757.1709138788000000	1256241.1726630307000000	583.7772084567473000	4.7950916294608676	0.2478872756644353	142.0677013560690800	-0.7887302941998948	0.6122931302996125	0.0547872758881959	-0.6147241698241794	-0.7861994348122868	-0.0632822545016706	0.0043264356369598	-0.0835916938980353	0.9964906977317634
DSC00080.JPG	2693758.7268883288000000	1256239.6801851287000000	583.7981170527602900	4.7091426195849895	0.2767488340068230	142.0276476486133100	-0.7882985488413050	0.6128915510806088	0.0543078678342110	-0.6152739775524357	-0.7858906398570050	-0.0617562525737419	0.0048301595726512	-0.0820965821405055	0.9966126733888899
DSC00081.JPG	2693760.6198970210000000	1256238.2370503044000000	583.8089603774997200	4.6874791966796776	0.2653351954713146	142.0095639073438200	-0.7881050589811235	0.6131728909739910	0.0539390561926890	-0.6155233303886679	-0.7857104264184701	-0.0615642393321721	0.0046309562298449	-0.0817198359757555	0.9966445819109705
DSC00082.JPG	2693762.4869494047000000	1256236.9528657666000000	583.8355767800798000	4.6941516865028987	0.2442589970002527	142.0264936965698400	-0.7882881892776372	0.6129581487152106	0.0537032454234010	-0.6152914403204287	-0.7858658735597099	-0.0618972716898424	0.0042631108121242	-0.0818360354480582	0.9966366886625977
DSC00083.JPG	2693764.1730004270000000	1256235.7674215448000000	583.8397770150134000	4.7318377803020262	0.2725785530972266	142.0080204890225300	-0.7880880102059564	0.6131438924134252	0.0545147261364345	-0.6155441946360115	-0.7856524304038004	-0.0620935024821890	0.0047573752763753	-0.0824913680133618	0.9965804240420160
DSC00084.JPG	2693765.7006246392000000	1256234.5069382677000000	583.8444127392704100	4.8374578392091232	0.2121883918482872	142.0010635280806900	-0.7880167775374500	0.6132077757577870	0.0548250131753802	-0.6156426262969399	-0.7854074682965972	-0.0641815038008320	0.0037033776069048	-0.0843287169006951	0.9964311077541607
DSC00085.JPG	2693767.2267104741000000	1256233.2610364482000000	583.8383434262733500	4.8506157715136178	0.2736617702801539	142.0108571942254500	-0.7881184137119119	0.6129894105520988	0.0557973881038380	-0.6155051202957176	-0.7855533522933904	-0.0637132450152330	0.0047762807679362	-0.0845571596708841	0.9964071827774123
DSC00086.JPG	2693768.6490234118000000	1256231.9983441955000000	583.8281213940165300	4.8934435384087998	0.3068744424145744	142.0067782591914600	-0.7880722790383644	0.6129644824903351	0.0567153084857511	-0.6155594178284141	-0.7854923078344023	-0.0639408903263692	0.0053559438031385	-0.0853016854366923	0.9963407731934076
DSC00087.JPG	2693770.1263767034000000	1256230.7469074642000000	583.8543288817091900	4.9076774369765115	0.3210346794398735	141.9659932313712100	-0.7876328372483188	0.6134926935145122	0.0571071684858582	-0.6161194033227051	-0.7850529083060207	-0.0639438191659895	0.0056030828511971	-0.0855490862871584	0.9963182018301157
DSC00088.JPG	2693771.6746490318000000	1256229.4496985176000000	583.8706537731549100	5.0441908946180840	0.2837161089193676	141.9505215277425800	-0.7874691433180698	0.6136119101673367	0.0580755716519210	-0.6163341856450572	-0.7846973768318172	-0.0661981751901770	0.0049517600052341	-0.0879229804661867	0.9961149680527812
DSC00089.JPG	2693773.0956327301000000	1256228.3711765180000000	583.8826986381777700	5.1052757294031306	0.3045247621484865	141.9572234021871100	-0.7875397621498724	0.6134324118391120	0.0590067719687564	-0.6162409224497673	-0.7847180319533548	-0.0668186787172095	0.0053149347298424	-0.0889847539329299	0.9960188075715809
DSC00090.JPG	2693774.4607702345000000	1256227.3770138316000000	583.8775307976825400	4.9839314778847026	0.4565403911375049	141.9494047527888900	-0.7874417858746464	0.6134815953331466	0.0597977093712172	-0.6163375244611018	-0.7849161164195326	-0.0635196514949469	0.0079680486763141	-0.0868735999736172	0.9961874762452680
DSC00091.JPG	2693775.9120143279000000	1256226.2640085050000000	583.8467707152564100	4.9995387145691828	0.4382607893620346	141.9519723545583900	-0.7874713669106924	0.6134520039158714	0.0597116838433435	-0.6163037715295794	-0.7849091397830400	-0.0639320223633207	0.0076490191673022	-0.0871451729968440	0.9961662568713761
DSC00092.JPG	2693777.4084595237000000	1256225.1041152650000000	583.8270312335113200	5.1075477997896934	0.3935681959660156	141.9357543580717300	-0.7873013440178805	0.6136151382088448	0.0602748361140837	-0.6165301375056803	-0.7845707711516002	-0.0658733223832689	0.0068690068325776	-0.0890234082448196	0.9960058481402661
DSC00093.JPG	2693778.9207358118000000	1256223.9378108783000000	583.8265342204715600	5.0653360431371706	0.4618096495634401	141.9275962962140300	-0.7872065524697480	0.6136883079744332	0.0607659806484772	-0.6166367487923429	-0.7845965505233832	-0.0645551930181983	0.0080600116316648	-0.0882888076841310	0.9960623086183978
DSC00094.JPG	2693780.3618657403000000	1256222.6618284080000000	583.8184046832999500	5.1063844285702036	0.4784106471291998	141.9213688219379000	-0.7871376542886491	0.6137095858321067	0.0614398686420065	-0.6167208403946035	-0.7844993026748961	-0.0649326506895865	0.0083497439444043	-0.0890021817731782	0.9959964324311995
DSC00095.JPG	2693781.8516027182000000	1256221.4679358695000000	583.8091838641236100	5.0722141007824835	0.5898469073108981	141.8898107258946200	-0.7867835836820030	0.6140428515087725	0.0626336088652122	-0.6171431064919333	-0.7843058431567135	-0.0632355161260165	0.0102945887723298	-0.0884065659394866	0.9960312748808623
DSC00096.JPG	2693783.3313550744000000	1256220.2721561997000000	583.7952921081470100	5.1148403366991877	0.5815487678739510	141.8892998109168100	-0.7867792453621489	0.6140132363118962	0.0629774936081055	-0.6171510360581733	-0.7842451371785827	-0.0639074604726972	0.0101497664845367	-0.0891476889523098	0.9959667021516189
DSC00097.JPG	2693784.7911478262000000	1256219.1071172757000000	583.8201199274951700	5.1815344845026408	0.5750586562590807	141.8726489746317200	-0.7866007600517734	0.6141754226516978	0.0636222798756920	-0.6173803632972773	-0.7839854485104781	-0.0648714385438358	0.0100364984379196	-0.0903070691276894	0.9958633952328365
DSC00098.JPG	2693786.2880819887000000	1256218.0340684166000000	583.8462895761998700	5.1754845139596224	0.5956245442459069	141.8938761832917800	-0.7868265506270156	0.6138661612985559	0.0638146945535906	-0.6170866344577793	-0.7842397659426407	-0.0645916023009474	0.0103954221638034	-0.0902015827289534	0.9958692733844279
DSC00099.JPG	2693787.4923446216000000	1256217.0914178768000000	583.8440658279028000	5.2226676544108921	0.6147202340006682	141.9116717320211200	-0.7870154036052661	0.6135459347516385	0.0645611372094583	-0.6168400520230499	-0.7843956292785187	-0.0650526478243384	0.0107286862308970	-0.0910213311180130	0.9957911490735718
DSC00100.JPG	2693788.5534754433000000	1256216.2761266064000000	583.8329276481817900	5.2499765108332657	0.6597677671202817	141.9052807557266100	-0.7869397125090751	0.6135459670145465	0.0654769824924659	-0.6169224398187853	-0.7843404777108319	-0.0649362631538142	0.0115148653561865	-0.0914951440489005	0.9957389449505829
DSC00101.JPG	2693789.6027076449000000	1256215.3852392882000000	583.8531215139464600	5.1642779679557052	0.7417651350461774	141.9016051148382500	-0.7868863598875808	0.6135921720505837	0.0656848766545197	-0.6169621226265205	-0.7844768352681532	-0.0628795210847004	0.0129458822430548	-0.0900041183830486	0.9958572502156317
DSC00102.JPG	2693790.6272979230000000	1256214.4338352913000000	583.8455094273148200	5.1814716363931712	0.7722109776731642	141.9070647229524400	-0.7869396203887479	0.6134599162268761	0.0662794466281028	-0.6168828077599172	-0.7845459971201791	-0.0627947441506464	0.0134772160572749	-0.0903023232570364	0.9958232047214644
DSC00103.JPG	2693791.7638409473000000	1256213.4857094530000000	583.8209799241497000	5.1544262432038330	0.7477706053077110	141.8991358761433600	-0.7868586982222398	0.6136298555756707	0.0656642168778692	-0.6169951933026846	-0.7844670007257170	-0.0626773979499859	0.0130506886172763	-0.0898327619445140	0.9958713543465518
DSC00104.JPG	2693792.2513104845000000	1256213.1893908191000000	583.8231919330492000	5.2559779103732458	0.7586818121070175	141.9818122604528100	-0.7877462151737622	0.6123663229292915	0.0668085849384026	-0.6158575919165561	-0.7852498885630023	-0.0640471622363809	0.0132411086451841	-0.0915974838838467	0.9957080766911530
DSC00105.JPG	2693796.1076523717000000	1256213.7397593767000000	583.8663302043459000	5.3121740321933064	0.7351798288364404	141.8746920261831400	-0.7865976377115397	0.6137972884756172	0.0672089652249273	-0.6173325869428595	-0.7840171200854500	-0.0649433022824837	0.0128309565139297	-0.0925745325286455	0.9956230825377848
DSC00106.JPG	2693795.5716598872000000	1256214.1161137708000000	583.8390119673420000	5.3194952454674196	0.6116819575292198	141.9054634572272800	-0.7869490080127363	0.6135247991258074	0.0655635542463059	-0.6169256754607710	-0.7842150665604346	-0.0664036168961063	0.0106756613397947	-0.0927041004338602	0.9956364698109985
DSC00107.JPG	2693794.0061240718000000	1256215.4903384626000000	583.8779895319655700	5.4179467128869234	0.6492825677531677	141.9367575803110000	-0.7872801609345106	0.6129340971110542	0.0670950132095367	-0.6164913111992930	-0.7844729269363945	-0.0673846430548029	0.0113318760453749	-0.0944140852971813	0.9954685173739994
DSC00108.JPG	2693792.1703482643000000	1256216.9637654519000000	583.8652838147660300	5.3851343150531461	0.6094715652127636	141.9389517412364500	-0.7873097784848309	0.6129937176361050	0.0661967887501604	-0.6164658669600901	-0.7844946621914074	-0.0673643812881439	0.0106370849066376	-0.0938446968765782	0.9955300222960795
DSC00109.JPG	2693790.4226017147000000	1256218.3015188708000000	583.8609533806869600	5.3652187848936981	0.5363524511484485	141.9640351336163900	-0.7875896347012413	0.6127671589182273	0.0649536470296264	-0.6161289957256383	-0.7847128058416595	-0.0679034091502541	0.0093609795044037	-0.0934998465206994	0.9955752863361588
DSC00110.JPG	2693788.5776950959000000	1256219.6906771353000000	583.8694375450895700	5.3186297694394300	0.4382968071955276	141.9490562380511300	-0.7874399948094742	0.6131498297873236	0.0631311397507738	-0.6163438467797967	-0.7845097499415166	-0.0682987172894321	0.0076496477786945	-0.0926916311134694	0.9956654781654262
DSC00111.JPG	2693786.9352337457000000	1256220.9744281247000000	583.8627780249300900	5.2926672138422264	0.3750829456638784	141.9554384510636900	-0.7875148121497873	0.6131711251284858	0.0619805772266794	-0.6162609556674139	-0.7845461979739881	-0.0686272377736862	0.0065463856112731	-0.0922411760182351	0.9957151752796591
DSC00112.JPG	2693785.3932885397000000	1256222.1181245991000000	583.9062638260426200	5.1915317990497245	0.3402915359080652	141.9554451781326300	-0.7875178698560839	0.6133227525267735	0.0604218990955975	-0.6162631993586586	-0.7846323242947479	-0.0676149745844196	0.0059391728015372	-0.0904837936030747	0.9958802183604361
DSC00113.JPG	2693784.1712387037000000	1256223.1393577280000000	583.9023804431362800	5.1052557889602008	0.2715881643557692	141.9623885799235300	-0.7875975889156119	0.6134019764435850	0.0585495792420258	-0.6161717045449261	-0.7847418332067703	-0.0671765266553558	0.0047400899268620	-0.0889846644674315	0.9960217171513401
DSC00114.JPG	2693782.7765687909000000	1256224.2931535668000000	583.8901712756303400	5.1576545501914328	0.2124835560074219	141.9830265723229800	-0.7878229165284058	0.6131385505342517	0.0582766680707917	-0.6158906550713051	-0.7848438334739070	-0.0685482169995760	0.0037085291579392	-0.0898959115129215	0.9959442614447586
DSC00115.JPG	2693781.3665545415000000	1256225.5528015804000000	583.8872560034112700	5.1687480526816243	0.1979913893675550	142.0171638189428300	-0.7881904429836742	0.6126774993795406	0.0581558882937273	-0.6154217126930685	-0.7851816894737556	-0.0688899852015482	0.0034555947577376	-0.0900888243300599	0.9959277396456523
DSC00116.JPG	2693779.9231857527000000	1256226.6615634663000000	583.8883098288058600	5.0365464549538199	0.2614605507450775	142.0315847019383300	-0.7883418132398576	0.6125357051266018	0.0575950991209338	-0.6152205795501867	-0.7855525977119783	-0.0664135131271884	0.0045633316366312	-0.0877902396227485	0.9961285307787118
DSC00117.JPG	2693778.3051184006000000	1256227.7959062462000000	583.8439353076224700	5.1438390127789182	0.1252927868897188	142.0163562338063900	-0.7881845899175098	0.6128034546635381	0.0568944476113463	-0.6154350252089132	-0.7851329177256846	-0.0693255454335409	0.0021867699173794	-0.0896561623982798	0.9959703763573201
DSC00118.JPG	2693776.5624730643000000	1256229.0639978244000000	583.8719162707310500	4.9473281673976341	0.2657391319489871	142.0364475991713400	-0.7883937555053237	0.6125528860429523	0.0566943390530468	-0.6151534566097529	-0.7857110156831629	-0.0651492490762987	0.0046380061756371	-0.0862389797863025	0.9962636836019531
DSC00119.JPG	2693775.2034597285000000	1256230.2061727140000000	583.8928424988133700	4.9804067011844513	0.1578520360096983	142.0405747052434700	-0.7884435519189856	0.6125923453964772	0.0555642312915159	-0.6151009471814544	-0.7856168397829800	-0.0667608105544065	0.0027550342741174	-0.0868147418993282	0.9962206634953431
DSC00120.JPG	2693773.8431445565000000	1256231.4516821704000000	583.9002416391874700	4.9746630312283422	0.1430646833022124	142.0535571211020500	-0.7885834393342611	0.6124375340799352	0.0552849532679180	-0.6149226979568783	-0.7857485521588986	-0.0668527360519251	0.0024969471723011	-0.0867149331446612	0.9962300364998716
DSC00121.JPG	2693772.4529486950000000	1256232.6996694466000000	583.9025446692340900	4.9029098624166290	0.2166092493867597	142.0510690352148200	-0.7885535583891075	0.6124539041699525	0.0555292789333688	-0.6149544642512617	-0.7858725227374704	-0.0650798348468082	0.0037805355864957	-0.0854669133245552	0.9963338367622834
DSC00122.JPG	2693770.9575757533000000	1256233.8619824536000000	583.9006740471423900	4.9600662769169013	0.1765067682140597	142.0558313810983000	-0.7886065633856294	0.6123806112378526	0.0555848465416778	-0.6148903950862413	-0.7858208984416728	-0.0662971915167470	0.0030806193847452	-0.0864609886149615	0.9962504741438923
DSC00123.JPG	2693769.5484356545000000	1256234.9617314974000000	583.9043999085201900	4.8554250318827217	0.2351860859665962	142.0692209323692300	-0.7887473344903617	0.6122290486257933	0.0552560797840913	-0.6147038256587166	-0.7861370650692526	-0.0642473473758992	0.0041047600280203	-0.0846410476250015	0.9964030529871206
DSC00124.JPG	2693768.0005133487000000	1256236.0604030378000000	583.8928321229243500	4.8911381670515688	0.2138489450021046	142.0657948141537800	-0.7887117265719669	0.6122665363882119	0.0553489005044305	-0.6147518864226702	-0.7860407377160167	-0.0649621181199354	0.0037323595265382	-0.0852622253406660	0.9963515556380301
DSC00125.JPG	2693766.5371580552000000	1256237.1539769627000000	583.8675579647941700	4.8877373703192495	0.1517460036816687	142.0696141500162400	-0.7887554317688866	0.6122902647561362	0.0544564095395375	-0.6147014352447506	-0.7860286352940769	-0.0655830008902845	0.0026484642947637	-0.0852033812861459	0.9963600601460735
