<?xml version="1.0" encoding="UTF-8"?>
<document version="1.5.0">
  <chunk label="SonyA9" enabled="true">
    <sensors next_id="1">
      <sensor id="0" label="SonyA9" type="frame">
        <resolution width="6000" height="4000"/>
        <property name="pixel_width" value="0.006"/>
        <property name="pixel_height" value="0.006"/>
        <property name="focal_length" value="55"/>
        <property name="fixed" value="true"/>
        <property name="layer_index" value="0"/>
        <calibration type="frame" class="initial">
          <resolution width="6000" height="4000"/>
          <f>9227.77018581081</f>
          <cx>-37.8304617831239</cx>
          <cy>31.7622333680372</cy>
          <k1>-0.017282082281574</k1>
        </calibration>
      </sensor>
    </sensors>
    <cameras next_id="561" next_group_id="0">
      <camera id="0" sensor_id="0" label="DSC00002.JPG">
        <transform>9.9315091361555807e-001 1.1681116084950850e-001 -2.5328808838715007e-003 -1.7589212914911318e+001 1.1667619065045544e-001 -9.9039448092866722e-001 7.4198643392815899e-002 1.5235420449319328e+001 6.1586784199374805e-003 -7.3985977367511613e-002 -9.9724026484749095e-001 2.0028672775112089e+000 0 0 0 1</transform>
        <rotation_covariance>7.7426363165943020e-009 3.7653790292375112e-010 1.6492101693918028e-010 3.7653790292375112e-010 3.3085902598949555e-009 -1.4464501859841993e-010 1.6492101693918030e-010 -1.4464501859841988e-010 1.5233262474163529e-010</rotation_covariance>
        <location_covariance>1.9991686387069026e-006 -1.2203175367459193e-006 5.9685104572392659e-007 -1.2203175367459193e-006 3.4916113810198585e-006 -7.6601504119118697e-007 5.9685104572392659e-007 -7.6601504119118697e-007 4.8957845310550676e-007</location_covariance>
      </camera>
      <camera id="1" sensor_id="0" label="DSC00003.JPG">
        <transform>9.9547028713424168e-001 9.5063039870215318e-002 -1.3877620493099169e-003 -1.7461599574618628e+001 9.4933967893494939e-002 -9.9311727677131567e-001 6.8597494985770655e-002 1.5514686769123292e+001 5.1428759336119645e-003 -6.8418513788007770e-002 -9.9764345224041417e-001 1.9733925804137689e+000 0 0 0 1</transform>
        <rotation_covariance>8.5356947005569223e-009 3.1706379362523026e-010 1.8447041744141714e-010 3.1706379362523041e-010 3.4403347569684132e-009 -1.3464506601327793e-010 1.8447041744141717e-010 -1.3464506601327791e-010 1.5368517447806594e-010</rotation_covariance>
        <location_covariance>2.0167661698111385e-006 -1.2363108064973754e-006 5.9973694740766620e-007 -1.2363108064973754e-006 3.7555310092076756e-006 -7.9306019232344757e-007 5.9973694740766620e-007 -7.9306019232344757e-007 5.0718260087203543e-007</location_covariance>
      </camera>
      <camera id="2" sensor_id="0" label="DSC00004.JPG">
        <transform>9.9777504722350208e-001 6.6632685170213438e-002 2.2450846633563387e-003 -1.6470075983208531e+001 6.6368811666545249e-002 -9.9589664938802147e-001 6.1522715932270863e-002 1.6114797281945570e+001 6.3352960553604912e-003 -6.1236827193441909e-002 -9.9810315850575859e-001 1.9691566698849170e+000 0 0 0 1</transform>
        <rotation_covariance>9.6852411155213191e-009 6.2914781298625804e-011 2.4339325984819842e-010 6.2914781298625726e-011 3.7757696009481049e-009 -1.2043138902903596e-010 2.4339325984819842e-010 -1.2043138902903594e-010 1.5193780192714757e-010</rotation_covariance>
        <location_covariance>1.9727867246975228e-006 -1.2337850145811677e-006 5.5004450182127308e-007 -1.2337850145811677e-006 4.1933341694903168e-006 -8.6000379592950635e-007 5.5004450182127308e-007 -8.6000379592950635e-007 5.1631541234711171e-007</location_covariance>
      </camera>
      <camera id="3" sensor_id="0" label="DSC00005.JPG">
        <transform>9.9891882098835494e-001 4.6441297908896777e-002 2.0964073487577200e-003 -1.5420250789295494e+001 4.6255807340626294e-002 -9.9741295568981214e-001 5.5025413304942046e-002 1.6373593632062722e+001 4.6464354619092669e-003 -5.4868949968538035e-002 -9.9848275346490001e-001 1.8984575552514495e+000 0 0 0 1</transform>
        <rotation_covariance>9.8856058193234355e-009 2.0588652617282954e-011 2.5940152593322152e-010 2.0588652617283009e-011 3.8410107052067500e-009 -1.0507130528393033e-010 2.5940152593322147e-010 -1.0507130528393034e-010 1.4732395907731466e-010</rotation_covariance>
        <location_covariance>1.8326071556288504e-006 -1.1226774356069383e-006 4.9022519558183011e-007 -1.1226774356069383e-006 4.2855518562265914e-006 -8.9250554309336995e-007 4.9022519558183011e-007 -8.9250554309336995e-007 5.0504240876457675e-007</location_covariance>
      </camera>
      <camera id="4" sensor_id="0" label="DSC00006.JPG">
        <transform>9.9900308812404459e-001 4.4403512127187704e-002 4.5997857986780988e-003 -1.4312905926164877e+001 4.4132293405580579e-002 -9.9787240466186322e-001 4.7989631100004135e-002 1.6487654051249876e+001 6.7209074823847007e-003 -4.7738790570367728e-002 -9.9883724263640261e-001 1.8392817232081708e+000 0 0 0 1</transform>
        <rotation_covariance>9.8380492264038294e-009 8.4938433455454679e-011 2.9093069927099023e-010 8.4938433455454731e-011 3.7806624485663463e-009 -8.1706429278429868e-011 2.9093069927099023e-010 -8.1706429278429842e-011 1.4246333122038641e-010</rotation_covariance>
        <location_covariance>1.6656134173763061e-006 -9.9167441419116402e-007 4.2393758351985709e-007 -9.9167441419116402e-007 4.2860845312409244e-006 -9.0511177352802060e-007 4.2393758351985709e-007 -9.0511177352802060e-007 4.8444353140622410e-007</location_covariance>
      </camera>
      <camera id="5" sensor_id="0" label="DSC00007.JPG">
        <transform>9.9904407198511391e-001 4.3432813196475746e-002 4.9530767451648932e-003 -1.3156826466765633e+001 4.3184905918732398e-002 -9.9816968908267534e-001 4.2335985844025627e-002 1.6547500720086358e+001 6.7827820393760773e-003 -4.2081617535871273e-002 -9.9909115266494630e-001 1.7926626577644453e+000 0 0 0 1</transform>
        <rotation_covariance>9.6211673798912536e-009 2.3110358703221346e-010 2.8891495606514991e-010 2.3110358703221346e-010 3.6850311022910409e-009 -6.0646473105153014e-011 2.8891495606514997e-010 -6.0646473105153001e-011 1.3608809761607474e-010</rotation_covariance>
        <location_covariance>1.5006979868153960e-006 -8.2948179577097287e-007 3.5768769576701398e-007 -8.2948179577097287e-007 4.2353679937698237e-006 -9.1050679425251257e-007 3.5768769576701398e-007 -9.1050679425251257e-007 4.6259189704618417e-007</location_covariance>
      </camera>
      <camera id="6" sensor_id="0" label="DSC00008.JPG">
        <transform>9.9906814385019427e-001 4.2797294999272734e-002 5.5888714846712246e-003 -1.2009321610468499e+001 4.2554918778644174e-002 -9.9837149513576717e-001 3.7992585962472084e-002 1.6545194493933863e+001 7.2057498894940114e-003 -3.7719348365501476e-002 -9.9926239193087418e-001 1.7456040669352366e+000 0 0 0 1</transform>
        <rotation_covariance>9.5426946496699525e-009 1.8223768263822731e-010 2.9820496382852537e-010 1.8223768263822733e-010 3.6304121921081725e-009 -5.4364976784472060e-011 2.9820496382852542e-010 -5.4364976784472053e-011 1.3249670209301429e-010</rotation_covariance>
        <location_covariance>1.3705683483604816e-006 -7.1961107004795804e-007 2.9074122147934881e-007 -7.1961107004795804e-007 4.2051243276451838e-006 -9.0625911633996656e-007 2.9074122147934881e-007 -9.0625911633996656e-007 4.4103547519655901e-007</location_covariance>
      </camera>
      <camera id="7" sensor_id="0" label="DSC00009.JPG">
        <transform>9.9911973551168298e-001 4.1556472075564614e-002 5.7283278273655737e-003 -1.0925087815021479e+001 4.1345044771011759e-002 -9.9859701734230422e-001 3.3084501325194804e-002 1.6554711407901955e+001 7.0951662382206220e-003 -3.2818540243079092e-002 -9.9943614204828790e-001 1.6992061334713842e+000 0 0 0 1</transform>
        <rotation_covariance>9.2916912771850176e-009 1.9148698253555228e-010 2.8927080708533188e-010 1.9148698253555235e-010 3.5923259016923070e-009 -4.0121157380000235e-011 2.8927080708533188e-010 -4.0121157380000222e-011 1.2904181054860552e-010</rotation_covariance>
        <location_covariance>1.2649263374366752e-006 -5.9787535698769282e-007 2.2948991639846316e-007 -5.9787535698769282e-007 4.1314195557090969e-006 -9.0374213816654022e-007 2.2948991639846316e-007 -9.0374213816654022e-007 4.2637659679883621e-007</location_covariance>
      </camera>
      <camera id="8" sensor_id="0" label="DSC00010.JPG">
        <transform>9.9912797584986024e-001 4.1419491031339517e-002 5.2643743089727871e-003 -9.8452167525644434e+000 4.1250970112335153e-002 -9.9873174649011542e-001 2.8866174280550973e-002 1.6518740611100103e+001 6.4533199945004498e-003 -2.8623841732176622e-002 -9.9956942247426706e-001 1.6324075575765122e+000 0 0 0 1</transform>
        <rotation_covariance>9.0932643426035046e-009 2.1388563232195230e-010 2.6756501304832448e-010 2.1388563232195220e-010 3.6326914924551875e-009 -2.8060605354616747e-011 2.6756501304832459e-010 -2.8060605354616754e-011 1.2666640176639863e-010</rotation_covariance>
        <location_covariance>1.1928310443443202e-006 -4.7290736203612323e-007 1.7380803832500580e-007 -4.7290736203612323e-007 4.0561769133015664e-006 -8.9482096700010665e-007 1.7380803832500580e-007 -8.9482096700010665e-007 4.1404988142792276e-007</location_covariance>
      </camera>
      <camera id="9" sensor_id="0" label="DSC00011.JPG">
        <transform>9.9913390212350883e-001 4.1184305699529744e-002 5.9412617766633315e-003 -8.7835434656734996e+000 4.1025709553230247e-002 -9.9885227951760969e-001 2.4718714734566952e-002 1.6505344497254050e+001 6.9524659729588876e-003 -2.4453561428196650e-002 -9.9967679104317131e-001 1.5593121964546457e+000 0 0 0 1</transform>
        <rotation_covariance>9.0535679145407904e-009 2.1104880556090253e-010 2.6036075254036436e-010 2.1104880556090250e-010 3.6785421562329332e-009 -1.7005219554104253e-011 2.6036075254036436e-010 -1.7005219554104231e-011 1.2596525493522042e-010</rotation_covariance>
        <location_covariance>1.1375273331075453e-006 -3.5957636204175145e-007 1.1654843759251222e-007 -3.5957636204175145e-007 4.0268620162827885e-006 -8.9044430844710177e-007 1.1654843759251222e-007 -8.9044430844710177e-007 4.0777268008331160e-007</location_covariance>
      </camera>
      <camera id="10" sensor_id="0" label="DSC00012.JPG">
        <transform>9.9914158649322871e-001 4.0955154628311681e-002 6.2261905821548490e-003 -7.6993735937790770e+000 4.0815038355657425e-002 -9.9894233075745309e-001 2.1174335051979968e-002 1.6534099161848246e+001 7.0868034980833871e-003 -2.0902036509354158e-002 -9.9975641137526150e-001 1.4965766715384308e+000 0 0 0 1</transform>
        <rotation_covariance>9.1342107215727366e-009 3.6470453651846050e-010 2.4871294340644032e-010 3.6470453651846050e-010 3.7148683624731920e-009 -2.3892769363213168e-012 2.4871294340644032e-010 -2.3892769363213193e-012 1.2638469641885105e-010</rotation_covariance>
        <location_covariance>1.0902619802258591e-006 -2.0467871892852835e-007 6.0439316093621940e-008 -2.0467871892852835e-007 4.0461094787944601e-006 -8.9197860747128850e-007 6.0439316093621940e-008 -8.9197860747128850e-007 4.0896588864061769e-007</location_covariance>
      </camera>
      <camera id="11" sensor_id="0" label="DSC00013.JPG">
        <transform>9.9917332411542015e-001 4.0113662146174532e-002 6.6001882824617709e-003 -6.6665538990148567e+000 3.9986428704526296e-002 -9.9903087499632226e-001 1.8395551732429086e-002 1.6562110198255901e+001 7.3317048221553920e-003 -1.8116426615235243e-002 -9.9980900235549763e-001 1.4143372261409339e+000 0 0 0 1</transform>
        <rotation_covariance>9.2790467452032598e-009 4.2996582836737145e-010 2.4174474772780320e-010 4.2996582836737134e-010 3.7712686861848190e-009 3.7525041752645253e-012 2.4174474772780315e-010 3.7525041752645253e-012 1.2705763447159913e-010</rotation_covariance>
        <location_covariance>1.0644627419234688e-006 -7.8398114622920736e-008 1.1388246565881275e-008 -7.8398114622920736e-008 4.0722387135974529e-006 -8.9749473016542165e-007 1.1388246565881275e-008 -8.9749473016542165e-007 4.1500834137905886e-007</location_covariance>
      </camera>
      <camera id="12" sensor_id="0" label="DSC00014.JPG">
        <transform>9.9917504665025980e-001 4.0161787106615908e-002 6.0213792319648443e-003 -5.6469271081798658e+000 4.0073594269818318e-002 -9.9909703996216415e-001 1.4114240367079213e-002 1.6584689215037894e+001 6.5827952839399651e-003 -1.3861298468922876e-002 -9.9988225867399272e-001 1.3728975545161262e+000 0 0 0 1</transform>
        <rotation_covariance>9.5023095591283069e-009 3.8399492710983091e-010 2.4534874274314268e-010 3.8399492710983107e-010 3.9394273808738682e-009 1.2541918042256869e-011 2.4534874274314268e-010 1.2541918042256864e-011 1.3028776819429483e-010</rotation_covariance>
        <location_covariance>1.0903568123203546e-006 1.5021780629118928e-008 -4.1672744771956556e-008 1.5021780629118928e-008 4.1307078581686659e-006 -9.0408106236549183e-007 -4.1672744771956556e-008 -9.0408106236549183e-007 4.2285749930347030e-007</location_covariance>
      </camera>
      <camera id="13" sensor_id="0" label="DSC00015.JPG">
        <transform>9.9918987772313417e-001 3.9691135058896092e-002 6.6484624812461176e-003 -4.5994033478415970e+000 3.9598074336980253e-002 -9.9912328886647217e-001 1.3588456624906072e-002 1.6580450443076970e+001 7.1819749673090660e-003 -1.3314182001927003e-002 -9.9988556934940731e-001 1.3300630010724832e+000 0 0 0 1</transform>
        <rotation_covariance>9.3756491904335451e-009 5.3902539137551118e-010 2.5167329989133627e-010 5.3902539137551098e-010 3.9137708324014372e-009 1.7950216350883743e-011 2.5167329989133632e-010 1.7950216350883743e-011 1.3051383896219029e-010</rotation_covariance>
        <location_covariance>1.0715296594628670e-006 1.6687519052292624e-007 -9.4550286807173206e-008 1.6687519052292624e-007 4.0929312975304058e-006 -9.0980345967128251e-007 -9.4550286807173206e-008 -9.0980345967128251e-007 4.3156879349965040e-007</location_covariance>
      </camera>
      <camera id="14" sensor_id="0" label="DSC00016.JPG">
        <transform>9.9921421745524908e-001 3.9221373379840913e-002 5.7123992763704282e-003 -3.5469710454545309e+000 3.9157424657561196e-002 -9.9917352994373121e-001 1.0906564719058891e-002 1.6599514550795654e+001 6.1354485965566651e-003 -1.0674311686601079e-002 -9.9992420479781186e-001 1.2792510728457192e+000 0 0 0 1</transform>
        <rotation_covariance>9.0637389860106856e-009 4.6345428922221341e-010 2.4649534681502035e-010 4.6345428922221352e-010 3.7714661970762251e-009 3.1144712336625623e-011 2.4649534681502035e-010 3.1144712336625611e-011 1.2934170341178842e-010</rotation_covariance>
        <location_covariance>1.0388796941999518e-006 2.5642151280543870e-007 -1.4913661006282598e-007 2.5642151280543870e-007 4.0009195618555221e-006 -9.1151831637213062e-007 -1.4913661006282598e-007 -9.1151831637213062e-007 4.4610800494264875e-007</location_covariance>
      </camera>
      <camera id="15" sensor_id="0" label="DSC00017.JPG">
        <transform>9.9924085040387500e-001 3.8614503855021062e-002 5.1616834629426888e-003 -2.5014575200773046e+000 3.8563919244255160e-002 -9.9921036058443291e-001 9.5644881332064193e-003 1.6563135964226007e+001 5.5269355581206705e-003 -9.3581725116736233e-003 -9.9994093705107312e-001 1.2225235845243507e+000 0 0 0 1</transform>
        <rotation_covariance>9.0661047273014173e-009 4.5119868696118199e-010 2.5801879230265110e-010 4.5119868696118194e-010 3.8288505933126760e-009 3.7788973442609768e-011 2.5801879230265110e-010 3.7788973442609774e-011 1.3256107356891794e-010</rotation_covariance>
        <location_covariance>1.0715974788550687e-006 3.6092822353926168e-007 -2.0713578186255484e-007 3.6092822353926168e-007 3.9829693470527292e-006 -9.0540109951608797e-007 -2.0713578186255484e-007 -9.0540109951608797e-007 4.6087632275919021e-007</location_covariance>
      </camera>
      <camera id="16" sensor_id="0" label="DSC00018.JPG">
        <transform>9.9925549325423912e-001 3.8249018925391336e-002 5.0469547721649381e-003 -1.4387533240860331e+000 3.8209835013087272e-002 -9.9924049708816720e-001 7.6444415927631416e-003 1.6560194234126431e+001 5.3355139864752358e-003 -7.4459069452668192e-003 -9.9995804449999925e-001 1.1433057371655444e+000 0 0 0 1</transform>
        <rotation_covariance>8.7755176011476126e-009 4.8512823394787285e-010 2.4506090428267448e-010 4.8512823394787295e-010 3.5982454736285133e-009 3.9101915392840558e-011 2.4506090428267448e-010 3.9101915392840564e-011 1.3264565124077892e-010</rotation_covariance>
        <location_covariance>1.0371422937141220e-006 4.7787570777742874e-007 -2.4422188370557252e-007 4.7787570777742874e-007 3.8864950985066762e-006 -9.0945481788605346e-007 -2.4422188370557252e-007 -9.0945481788605346e-007 4.8327558956374157e-007</location_covariance>
      </camera>
      <camera id="17" sensor_id="0" label="DSC00019.JPG">
        <transform>9.9927973813804116e-001 3.7637793296167905e-002 4.8375058205165780e-003 -4.3588776672324053e-001 3.7608080207941590e-002 -9.9927398976761417e-001 6.0930843574706888e-003 1.6558634842184674e+001 5.0633239913742524e-003 -5.9067664342819307e-003 -9.9996973597226890e-001 1.0829071820821328e+000 0 0 0 1</transform>
        <rotation_covariance>8.6180994312020518e-009 4.6432845354508503e-010 2.3901998903003708e-010 4.6432845354508503e-010 3.5830070940115324e-009 4.2935197193788832e-011 2.3901998903003708e-010 4.2935197193788832e-011 1.3288694374384738e-010</rotation_covariance>
        <location_covariance>1.0759410292945420e-006 5.7566921138497654e-007 -2.8851205727218062e-007 5.7566921138497654e-007 3.8313195819181378e-006 -9.1227254780147547e-007 -2.8851205727218062e-007 -9.1227254780147547e-007 5.0795549866857949e-007</location_covariance>
      </camera>
      <camera id="18" sensor_id="0" label="DSC00020.JPG">
        <transform>9.9927484994911797e-001 3.7893056676528050e-002 3.7269981052479167e-003 6.4389477490000602e-001 3.7875964513955099e-002 -9.9927206924111323e-001 4.5544425258653397e-003 1.6556355969465056e+001 3.8968668574513986e-003 -4.4099762236580221e-003 -9.9998268311926386e-001 1.0187742921526879e+000 0 0 0 1</transform>
        <rotation_covariance>8.6790072161193167e-009 5.3741055265050886e-010 2.2199878693110391e-010 5.3741055265050876e-010 3.7393259045049705e-009 5.0638827703971266e-011 2.2199878693110391e-010 5.0638827703971266e-011 1.3565866839679247e-010</rotation_covariance>
        <location_covariance>1.1754045779620509e-006 7.0419008297384774e-007 -3.3312574255960336e-007 7.0419008297384774e-007 3.8365920729401150e-006 -9.1629165089300684e-007 -3.3312574255960336e-007 -9.1629165089300684e-007 5.3998972085796041e-007</location_covariance>
      </camera>
      <camera id="19" sensor_id="0" label="DSC00021.JPG">
        <transform>9.9931173174258636e-001 3.6919488411484118e-002 3.6075167453374531e-003 1.6729432878987185e+000 3.6904507164567453e-002 -9.9931024295426085e-001 4.1346919639133305e-003 1.6586854944720773e+001 3.7576791472914896e-003 -3.9987125591057823e-003 -9.9998494495932067e-001 9.5770395120571605e-001 0 0 0 1</transform>
        <rotation_covariance>8.8044370230194349e-009 5.1103705718964566e-010 2.2332251282354424e-010 5.1103705718964555e-010 3.8538467578493750e-009 5.0918562802626035e-011 2.2332251282354424e-010 5.0918562802626035e-011 1.4027143694713886e-010</rotation_covariance>
        <location_covariance>1.2747438293540904e-006 8.0330037773247554e-007 -3.8319579570433276e-007 8.0330037773247554e-007 3.8647730943444822e-006 -9.3022971169073885e-007 -3.8319579570433276e-007 -9.3022971169073885e-007 5.7779870436028267e-007</location_covariance>
      </camera>
      <camera id="20" sensor_id="0" label="DSC00022.JPG">
        <transform>9.9935089543231914e-001 3.5787934603938983e-002 4.1245042617661064e-003 2.7554873646403095e+000 3.5779371892007257e-002 -9.9935744018774719e-001 2.1314990984569720e-003 1.6598512578516512e+001 4.1981359714259626e-003 -1.9825433608042587e-003 -9.9998922253001710e-001 9.0271314428970473e-001 0 0 0 1</transform>
        <rotation_covariance>9.1047356586864887e-009 5.0373205222999508e-010 2.2884749249545499e-010 5.0373205222999498e-010 4.0390887440840745e-009 6.0751390901538125e-011 2.2884749249545494e-010 6.0751390901538112e-011 1.4806788291795522e-010</rotation_covariance>
        <location_covariance>1.4083404750515166e-006 9.1049498334232987e-007 -4.2709327355719956e-007 9.1049498334232987e-007 3.9390650310511921e-006 -9.4210663608379409e-007 -4.2709327355719956e-007 -9.4210663608379409e-007 6.2139389288925295e-007</location_covariance>
      </camera>
      <camera id="21" sensor_id="0" label="DSC00023.JPG">
        <transform>9.9939711904277329e-001 3.4563061702899266e-002 3.2853028362262913e-003 3.5874428666411395e+000 3.4554915841186300e-002 -9.9939966182556805e-001 2.5047423318002911e-003 1.6580984340154238e+001 3.3699021072830120e-003 -2.3897089073270797e-003 -9.9999146648915238e-001 8.4696774952361176e-001 0 0 0 1</transform>
        <rotation_covariance>9.3862900322632536e-009 5.5575424176443150e-010 2.2598143225934150e-010 5.5575424176443139e-010 4.1708917563966224e-009 6.9383989635198590e-011 2.2598143225934147e-010 6.9383989635198590e-011 1.5470621362617948e-010</rotation_covariance>
        <location_covariance>1.5152801743760888e-006 1.0060812617792281e-006 -4.6195138761491832e-007 1.0060812617792281e-006 4.0009850681193562e-006 -9.4269032064661757e-007 -4.6195138761491832e-007 -9.4269032064661757e-007 6.5598107835329333e-007</location_covariance>
      </camera>
      <camera id="22" sensor_id="0" label="DSC00024.JPG">
        <transform>9.9944938180648091e-001 3.3122258618296409e-002 1.9619354385728449e-003 4.3750004496112700e+000 3.3116999379654573e-002 -9.9944795508642637e-001 2.6550754506540646e-003 1.6590125547895813e+001 2.0487944578208750e-003 -2.5886401031036299e-003 -9.9999455067699550e-001 7.9709098787775423e-001 0 0 0 1</transform>
        <rotation_covariance>9.6475390527649662e-009 5.3922412503671141e-010 2.2498835039385053e-010 5.3922412503671141e-010 4.3170306671851187e-009 6.2742760483830889e-011 2.2498835039385055e-010 6.2742760483830876e-011 1.6205942408464153e-010</rotation_covariance>
        <location_covariance>1.6320353111208763e-006 1.0817210015953170e-006 -4.9432793785705365e-007 1.0817210015953170e-006 4.0630972756761386e-006 -9.5278115357094577e-007 -4.9432793785705365e-007 -9.5278115357094577e-007 6.9401275161259406e-007</location_covariance>
      </camera>
      <camera id="23" sensor_id="0" label="DSC00025.JPG">
        <transform>9.9947124327583325e-001 3.2463157466053008e-002 1.8377355614256766e-003 5.1074962472825227e+000 3.2459045155070365e-002 -9.9947058979121972e-001 2.2249786544150840e-003 1.6583929804683208e+001 1.9089924778753029e-003 -2.1641510404190405e-003 -9.9999583609032772e-001 7.5636001489862248e-001 0 0 0 1</transform>
        <rotation_covariance>9.7625011181275797e-009 5.0797659190164350e-010 2.3170419145659587e-010 5.0797659190164340e-010 4.4348792141341411e-009 5.8621625669397799e-011 2.3170419145659590e-010 5.8621625669397812e-011 1.6993756795552175e-010</rotation_covariance>
        <location_covariance>1.7439587490093116e-006 1.1464874722345244e-006 -5.2571125591646282e-007 1.1464874722345244e-006 4.0866836944616674e-006 -9.5620739235347550e-007 -5.2571125591646282e-007 -9.5620739235347550e-007 7.2969000655908424e-007</location_covariance>
      </camera>
      <camera id="24" sensor_id="0" label="DSC00026.JPG">
        <transform>9.9948517676360549e-001 3.2061201085276082e-002 1.2086417142262095e-003 5.8649578868716166e+000 3.2060447389731579e-002 -9.9948572816403158e-001 6.3789465098103499e-004 1.6567878726946098e+001 1.2284718125091315e-003 -5.9881665390035396e-004 -9.9999906613737444e-001 6.9970386770048387e-001 0 0 0 1</transform>
        <rotation_covariance>9.5480944661420674e-009 6.0700075403321263e-010 2.4137628441507876e-010 6.0700075403321263e-010 4.2851455264076667e-009 5.7337487211243029e-011 2.4137628441507871e-010 5.7337487211243022e-011 1.7324386123805409e-010</rotation_covariance>
        <location_covariance>1.7915008130692481e-006 1.2465700320813084e-006 -5.6836059626606483e-007 1.2465700320813084e-006 4.0167912346223799e-006 -9.6007270474786721e-007 -5.6836059626606483e-007 -9.6007270474786721e-007 7.6658872062678739e-007</location_covariance>
      </camera>
      <camera id="25" sensor_id="0" label="DSC00027.JPG">
        <transform>9.9950341232514806e-001 3.1470053333192381e-002 1.6014036314947590e-003 6.6488388857625420e+000 3.1469490941761734e-002 -9.9950464249778004e-001 3.7518695506646543e-004 1.6550558820770320e+001 1.6124175176776754e-003 -3.2460528477338554e-004 -9.9999864736966404e-001 6.2417428692732202e-001 0 0 0 1</transform>
        <rotation_covariance>1.0226476015300834e-008 8.1490674034596900e-010 2.8509985330541717e-010 8.1490674034596910e-010 4.7449024612774529e-009 5.9718196302725067e-011 2.8509985330541717e-010 5.9718196302725067e-011 1.8876237287153409e-010</rotation_covariance>
        <location_covariance>2.0082329591922260e-006 1.3738804321609274e-006 -6.0853242077418573e-007 1.3738804321609274e-006 4.1785563040336755e-006 -9.6980961954453320e-007 -6.0853242077418573e-007 -9.6980961954453320e-007 8.1178621926584880e-007</location_covariance>
      </camera>
      <camera id="26" sensor_id="0" label="DSC00028.JPG">
        <transform>9.9957878344860096e-001 2.9018413365702853e-002 4.3285696460799121e-004 7.1442531434188243e+000 2.9017301667158633e-002 -9.9957606433743396e-001 2.3849125022059343e-003 1.6619862832183760e+001 5.0187983793394835e-004 -2.3713475964656063e-003 -9.9999706240928776e-001 5.7813609740716110e-001 0 0 0 1</transform>
        <rotation_covariance>1.1034233564134635e-008 1.0479228732834535e-009 3.4832906441450858e-010 1.0479228732834533e-009 4.9567956468903389e-009 5.8816501850778292e-011 3.4832906441450864e-010 5.8816501850778279e-011 2.0100512054795836e-010</rotation_covariance>
        <location_covariance>2.1275144174899362e-006 1.4845787307970187e-006 -6.5694586017340674e-007 1.4845787307970187e-006 4.3953194915419340e-006 -9.9692664341849263e-007 -6.5694586017340674e-007 -9.9692664341849263e-007 8.4989975796924908e-007</location_covariance>
      </camera>
      <camera id="27" sensor_id="0" label="DSC00029.JPG">
        <transform>9.9966881099433613e-001 2.5444054392193733e-002 3.8559591876373314e-003 7.0129945407729339e+000 2.5444831445233716e-002 -9.9967621621669711e-001 -1.5258896150110646e-004 1.5154234507426139e+001 3.8508282087472141e-003 2.5065265730380391e-004 -9.9999255411995547e-001 5.3508803571370056e-001 0 0 0 1</transform>
        <rotation_covariance>9.1557253685549436e-009 6.7441434087848468e-010 2.9228389703087727e-010 6.7441434087848468e-010 4.4982942128589348e-009 7.8575913337867855e-011 2.9228389703087712e-010 7.8575913337867842e-011 1.7144232235627404e-010</rotation_covariance>
        <location_covariance>1.9876111442565261e-006 1.2891750409046669e-006 -5.8278351664330604e-007 1.2891750409046669e-006 3.6066789409237889e-006 -7.8238725496782974e-007 -5.8278351664330604e-007 -7.8238725496782974e-007 7.0665497312675888e-007</location_covariance>
      </camera>
      <camera id="28" sensor_id="0" label="DSC00030.JPG">
        <transform>9.9977924527963347e-001 2.0478776640132104e-002 4.6989802522488097e-003 5.9586906306384124e+000 2.0469453445939201e-002 -9.9978843071230061e-001 2.0236821538396747e-003 1.5105216848657118e+001 4.7394286271630328e-003 -1.9270498589348975e-003 -9.9998691206191759e-001 6.0368071549908209e-001 0 0 0 1</transform>
        <rotation_covariance>8.6551612480096724e-009 4.8015860891773771e-010 2.4080037588590930e-010 4.8015860891773781e-010 4.1114749249048759e-009 6.8326985477930362e-011 2.4080037588590935e-010 6.8326985477930362e-011 1.5292556843301544e-010</rotation_covariance>
        <location_covariance>1.7502952414716720e-006 1.1476364101615768e-006 -5.2508558503797754e-007 1.1476364101615768e-006 3.4709103355531777e-006 -7.5969088305237075e-007 -5.2508558503797754e-007 -7.5969088305237075e-007 6.4316537964714728e-007</location_covariance>
      </camera>
      <camera id="29" sensor_id="0" label="DSC00031.JPG">
        <transform>9.9979436945175748e-001 1.9584827923586411e-002 5.2586431487637144e-003 3.3635148613062102e+000 1.9579707735129254e-002 -9.9980777537495380e-001 1.0233986480375247e-003 1.5100419920782397e+001 5.2776753944752371e-003 -9.2022551007632470e-004 -9.9998564956075298e-001 7.5950191117228261e-001 0 0 0 1</transform>
        <rotation_covariance>8.7532100781286628e-009 5.1107396826788264e-010 2.2818290074069464e-010 5.1107396826788253e-010 3.9981458945636497e-009 8.9675358792834862e-011 2.2818290074069464e-010 8.9675358792834862e-011 1.3892123360814353e-010</rotation_covariance>
        <location_covariance>1.4405712055845873e-006 9.2155460832842832e-007 -4.1130354912956385e-007 9.2155460832842832e-007 3.5158735166732401e-006 -7.4620243198184912e-007 -4.1130354912956385e-007 -7.4620243198184912e-007 5.2204755451996204e-007</location_covariance>
      </camera>
      <camera id="30" sensor_id="0" label="DSC00032.JPG">
        <transform>9.9978320950969279e-001 1.9977208492296034e-002 5.8689967928023060e-003 2.0975822416196079e+000 1.9979053750313704e-002 -9.9980036602578404e-001 -2.5594130263640794e-004 1.5076498681312419e+001 5.8627121488833405e-003 3.7314281937973547e-004 -9.9998274453647229e-001 8.5808631625036136e-001 0 0 0 1</transform>
        <rotation_covariance>8.1070465824301653e-009 2.7269892143410562e-010 2.1683740059220631e-010 2.7269892143410562e-010 3.6078688017195752e-009 7.7097537963078197e-011 2.1683740059220631e-010 7.7097537963078210e-011 1.2567403616186619e-010</rotation_covariance>
        <location_covariance>1.2363595154591371e-006 7.4481141814597212e-007 -3.6592288414678956e-007 7.4481141814597212e-007 3.3569864699458010e-006 -7.4250289408296571e-007 -3.6592288414678956e-007 -7.4250289408296571e-007 4.6831863746533876e-007</location_covariance>
      </camera>
      <camera id="31" sensor_id="0" label="DSC00033.JPG">
        <transform>9.9979190829884068e-001 1.9491927845356975e-002 6.0170465374505206e-003 1.1176733130595882e+000 1.9492684176659818e-002 -9.9980999733186682e-001 -6.7073403459760650e-005 1.5054025071840792e+001 6.0145958926135440e-003 1.8434783387191969e-004 -9.9998189516216973e-001 9.2825624993596478e-001 0 0 0 1</transform>
        <rotation_covariance>8.2666573541013150e-009 1.4014324723047810e-010 2.2891645933978351e-010 1.4014324723047812e-010 3.6188991737062797e-009 7.7494456349271413e-011 2.2891645933978354e-010 7.7494456349271400e-011 1.2416696941695605e-010</rotation_covariance>
        <location_covariance>1.1741238982654288e-006 6.2019207627778113e-007 -3.2557638056470398e-007 6.2019207627778113e-007 3.4057117607937801e-006 -7.2942264635627237e-007 -3.2557638056470398e-007 -7.2942264635627237e-007 4.3324876939859504e-007</location_covariance>
      </camera>
      <camera id="32" sensor_id="0" label="DSC00034.JPG">
        <transform>9.9979144889885530e-001 1.9066936676122765e-002 7.3150963435613132e-003 9.3300212977310865e-002 1.9065176498892739e-002 -9.9981819485720702e-001 3.1028622601154732e-004 1.5065056551056049e+001 7.3196826292488623e-003 -1.7075791258104134e-004 -9.9997319618474889e-001 9.8881327096481053e-001 0 0 0 1</transform>
        <rotation_covariance>8.2579922174310722e-009 8.9738209591758249e-011 2.3942291998778163e-010 8.9738209591758223e-011 3.5136629856525826e-009 6.9262204346577957e-011 2.3942291998778163e-010 6.9262204346577957e-011 1.2145813585847725e-010</rotation_covariance>
        <location_covariance>1.0848396137870446e-006 5.1411780823764334e-007 -2.8335100503840918e-007 5.1411780823764334e-007 3.4146655805778046e-006 -7.2982622376782121e-007 -2.8335100503840918e-007 -7.2982622376782121e-007 4.0325808211502755e-007</location_covariance>
      </camera>
      <camera id="33" sensor_id="0" label="DSC00035.JPG">
        <transform>9.9979248908723628e-001 1.8784264730764898e-002 7.8822689165473376e-003 -1.1765392364271245e+000 1.8795152198534063e-002 -9.9982249803124545e-001 -1.3094595809289508e-003 1.5102048186148735e+001 7.8562725628739932e-003 1.4573362977323668e-003 -9.9996807706662971e-001 1.0551543380827100e+000 0 0 0 1</transform>
        <rotation_covariance>8.0659009257417621e-009 5.4728908571957005e-011 2.4138762417870540e-010 5.4728908571956992e-011 3.3354987559922654e-009 6.4709182261770257e-011 2.4138762417870545e-010 6.4709182261770257e-011 1.1710284365060057e-010</rotation_covariance>
        <location_covariance>9.7623104344380537e-007 3.9011282142998241e-007 -2.3461378211321957e-007 3.9011282142998241e-007 3.3801356017200122e-006 -7.3718307817529276e-007 -2.3461378211321957e-007 -7.3718307817529276e-007 3.7309402956692060e-007</location_covariance>
      </camera>
      <camera id="34" sensor_id="0" label="DSC00036.JPG">
        <transform>9.9979605016944828e-001 1.8307046546024074e-002 8.5270224775808694e-003 -2.1160847153788502e+000 1.8319027451232574e-002 -9.9983130918046759e-001 -1.3290657294268715e-003 1.5100135954308842e+001 8.5012527789996122e-003 1.4850014255406430e-003 -9.9996276104260684e-001 1.1048846467377831e+000 0 0 0 1</transform>
        <rotation_covariance>8.2195281582357256e-009 -2.0812006951010143e-011 2.4691991983300332e-010 -2.0812006951010159e-011 3.4168533235975083e-009 6.7913374690943692e-011 2.4691991983300332e-010 6.7913374690943692e-011 1.1821146601482838e-010</rotation_covariance>
        <location_covariance>9.6677632062255955e-007 2.8375120310573725e-007 -1.9490729038957928e-007 2.8375120310573725e-007 3.4278204008253340e-006 -7.2956803348513224e-007 -1.9490729038957928e-007 -7.2956803348513224e-007 3.5381261905233011e-007</location_covariance>
      </camera>
      <camera id="35" sensor_id="0" label="DSC00037.JPG">
        <transform>9.9979809896178551e-001 1.7868334162420323e-002 9.1915149273541358e-003 -3.7031743450243870e+000 1.7900599788708348e-002 -9.9983385312483308e-001 -3.4401559200484605e-003 1.5129197900497347e+001 9.1285179303206496e-003 3.6039949791630884e-003 -9.9995183953057754e-001 1.1604196550510582e+000 0 0 0 1</transform>
        <rotation_covariance>8.3174434706308515e-009 8.2657355251922476e-011 2.4501391941821183e-010 8.2657355251922502e-011 3.5468744333163224e-009 7.9462443090974795e-011 2.4501391941821183e-010 7.9462443090974808e-011 1.1772183565531018e-010</rotation_covariance>
        <location_covariance>9.6890894828311484e-007 1.6590241265311575e-007 -1.2554281675611618e-007 1.6590241265311575e-007 3.4660175532320701e-006 -7.3599457863193989e-007 -1.2554281675611618e-007 -7.3599457863193989e-007 3.3102462132664745e-007</location_covariance>
      </camera>
      <camera id="36" sensor_id="0" label="DSC00038.JPG">
        <transform>9.9980764045128789e-001 1.7510918624521102e-002 8.8345811532403208e-003 -5.0940802164692922e+000 1.7520982982280518e-002 -9.9984593063233862e-001 -1.0630866791188824e-003 1.5100866743661573e+001 8.8146043905796244e-003 1.2176727302865454e-003 -9.9996040922756513e-001 1.2444465337310275e+000 0 0 0 1</transform>
        <rotation_covariance>8.3306308381340917e-009 -1.1595786456505905e-010 2.4286036364620721e-010 -1.1595786456505907e-010 3.6431574753499455e-009 6.5361151783257613e-011 2.4286036364620721e-010 6.5361151783257613e-011 1.1680935565580187e-010</rotation_covariance>
        <location_covariance>9.9734343755107528e-007 -1.6490405233732353e-008 -6.4520458058458752e-008 -1.6490405233732353e-008 3.4789680385976355e-006 -7.3268446892109759e-007 -6.4520458058458752e-008 -7.3268446892109759e-007 3.1336933984817818e-007</location_covariance>
      </camera>
      <camera id="37" sensor_id="0" label="DSC00039.JPG">
        <transform>9.9982243656503744e-001 1.6964606473795617e-002 8.2035034186761328e-003 -6.1045120218555500e+000 1.6988275369705801e-002 -9.9985170023096082e-001 -2.8241893031475487e-003 1.5100090160033865e+001 8.1543755808784306e-003 2.9630512054666914e-003 -9.9996236253493054e-001 1.3112474365645608e+000 0 0 0 1</transform>
        <rotation_covariance>8.0108227437207581e-009 -3.3780942967881872e-012 2.2708261689630080e-010 -3.3780942967881981e-012 3.4666780970510933e-009 6.0892546945679320e-011 2.2708261689630077e-010 6.0892546945679320e-011 1.1263263769546935e-010</rotation_covariance>
        <location_covariance>9.6435184810339399e-007 -8.0163415210853498e-008 -1.5171809433919316e-008 -8.0163415210853498e-008 3.4071572281651977e-006 -7.4172160689487120e-007 -1.5171809433919316e-008 -7.4172160689487120e-007 3.0545782462533587e-007</location_covariance>
      </camera>
      <camera id="38" sensor_id="0" label="DSC00040.JPG">
        <transform>9.9981820526647347e-001 1.7139017646361443e-002 8.3552673114772099e-003 -7.0917556744342667e+000 1.7157231689032174e-002 -9.9985057081297013e-001 -2.1131601327577668e-003 1.5079984712662867e+001 8.3178013018705161e-003 2.2561292284613444e-003 -9.9996286134156354e-001 1.3604508518967167e+000 0 0 0 1</transform>
        <rotation_covariance>7.8810653457962017e-009 7.5974945554987825e-011 2.2660455821427507e-010 7.5974945554987851e-011 3.3620063912938969e-009 6.3420112422344746e-011 2.2660455821427509e-010 6.3420112422344746e-011 1.1174002605841474e-010</rotation_covariance>
        <location_covariance>9.6167557324451750e-007 -1.5255709980379077e-007 3.0651780406477014e-008 -1.5255709980379077e-007 3.3769718642550065e-006 -7.3553671285803354e-007 3.0651780406477014e-008 -7.3553671285803354e-007 3.0047236398299284e-007</location_covariance>
      </camera>
      <camera id="39" sensor_id="0" label="DSC00041.JPG">
        <transform>9.9983912069001746e-001 1.6687146311479321e-002 6.5781369544547644e-003 -8.7813134543435609e+000 1.6693486419569310e-002 -9.9986023986099892e-001 -9.1008585608368586e-004 1.5108835050925400e+001 6.5620308572831654e-003 1.0197514820143921e-003 -9.9997794968586329e-001 1.4606286350344047e+000 0 0 0 1</transform>
        <rotation_covariance>7.7172060965186186e-009 1.4122511518779620e-010 2.2264860514077520e-010 1.4122511518779615e-010 3.2800239414312154e-009 5.7870953284625324e-011 2.2264860514077520e-010 5.7870953284625324e-011 1.0849829460673853e-010</rotation_covariance>
        <location_covariance>1.0145572860593760e-006 -2.9679889975584169e-007 1.0676483762228491e-007 -2.9679889975584169e-007 3.3554934651761534e-006 -7.4087073844350213e-007 1.0676483762228491e-007 -7.4087073844350213e-007 3.0243808226915047e-007</location_covariance>
      </camera>
      <camera id="40" sensor_id="0" label="DSC00042.JPG">
        <transform>9.9985683033948503e-001 1.6019972721056385e-002 5.4478709139845968e-003 -9.7869655452816655e+000 1.6022061634077166e-002 -9.9987158072242555e-001 -3.4000681160056297e-004 1.5127160953064202e+001 5.4417244024906903e-003 4.2724425649913071e-004 -9.9998510243796768e-001 1.5414505129001239e+000 0 0 0 1</transform>
        <rotation_covariance>7.6126791595368328e-009 5.7255951843553948e-011 2.1734656157699818e-010 5.7255951843553968e-011 3.2049833176014948e-009 5.2864433914663285e-011 2.1734656157699818e-010 5.2864433914663291e-011 1.0722635753628526e-010</rotation_covariance>
        <location_covariance>1.0587469119563230e-006 -4.1680639556873639e-007 1.5397093315867285e-007 -4.1680639556873639e-007 3.3459232563428396e-006 -7.4399023965595264e-007 1.5397093315867285e-007 -7.4399023965595264e-007 3.0785763673746167e-007</location_covariance>
      </camera>
      <camera id="41" sensor_id="0" label="DSC00043.JPG">
        <transform>9.9986612503368399e-001 1.5766946334129221e-002 4.3744043505102590e-003 -1.1139150846768736e+001 1.5771339843229953e-002 -9.9987515253118364e-001 -9.7169454642360509e-004 1.5058755833571089e+001 4.3585375614328915e-003 1.0405546784725342e-003 -9.9998996014774399e-001 1.6292125309375181e+000 0 0 0 1</transform>
