<?xml version="1.0" encoding="UTF-8"?>
<document version="1.4.0">
  <chunk label="SONY-A-9" enabled="1">
    <sensors next_id="1">
      <sensor id="0" label="SONY-A-9" type="frame">
        <resolution width="6000" height="4000"/>
        <property name="pixel_width" value="0.006"/>
        <property name="pixel_height" value="0.006"/>
        <property name="focal_length" value="55"/>
        <property name="fixed" value="1"/>
        <property name="layer_index" value="0"/>
        <calibration type="frame" class="initial">
          <resolution width="6000" height="4000"/>
          <f>9227.77018581081</f>
          <cx>-37.8304617831239</cx>
          <cy>31.7622333680372</cy>
          <k1>-0.017282082281574</k1>
        </calibration>
      </sensor>
    </sensors>
    <cameras next_id="554" next_group_id="0">
      <camera id="0" sensor_id="0" label="_DSC0570.JPG" enabled="1"/>
      <camera id="1" sensor_id="0" label="_DSC0571.JPG" enabled="1"/>
      <camera id="2" sensor_id="0" label="_DSC0572.JPG" enabled="1"/>
      <camera id="3" sensor_id="0" label="_DSC0573.JPG" enabled="1">
        <transform>-3.2060330722381791e-002 -9.9765251210193340e-001 -6.0511158398037619e-002 2.8216104596895697e+000 -9.9546171446714393e-001 2.6445311326273591e-002 9.1414553212221111e-002 2.1192930894928896e+001 -8.9599722232298729e-002 6.3167322292126016e-002 -9.9397272556662120e-001 -5.1873546704151696e+000 0.0000000000000000e+000 0.0000000000000000e+000 0.0000000000000000e+000 1.0000000000000000e+000</transform>
      </camera>
      <camera id="4" sensor_id="0" label="_DSC0574.JPG" enabled="1">
        <transform>-2.6706244763838649e-002 -9.9751478950532890e-001 -6.5199855895188646e-002 3.0043644381262196e+000 -9.9595437318439428e-001 2.0952886842047547e-002 8.7383425590124825e-002 2.0946986753862948e+001 -8.5800134181098248e-002 6.7269764761917983e-002 -9.9403878984845540e-001 -2.7865777915486492e+000 0.0000000000000000e+000 0.0000000000000000e+000 0.0000000000000000e+000 1.0000000000000000e+000</transform>
      </camera>
      <camera id="5" sensor_id="0" label="_DSC0575.JPG" enabled="1">
        <transform>-2.5882054039264246e-002 -9.9744399672183093e-001 -6.6600245362075025e-002 2.9840592867107985e+000 -9.9604400564635553e-001 2.0065621385771060e-002 8.6566215432845289e-002 2.1008860404079794e+001 -8.5008576594785404e-002 6.8577286633278806e-002 -9.9401745339976078e-001 -2.7378578324525851e+000 0.0000000000000000e+000 0.0000000000000000e+000 0.0000000000000000e+000 1.0000000000000000e+000</transform>
      </camera>
      <camera id="6" sensor_id="0" label="_DSC0576.JPG" enabled="1">
        <transform>-2.1067194398460276e-002 -9.9745956868052099e-001 -6.8048381081746032e-002 3.1127759095776963e+000 -9.9623071902835836e-001 1.5215230751121522e-002 8.5398192120386490e-002 2.0727207931776203e+001 -8.4145872058097967e-002 6.9590987928460829e-002 -9.9402040553236282e-001 2.2953613440398923e-001 0.0000000000000000e+000 0.0000000000000000e+000 0.0000000000000000e+000 1.0000000000000000e+000</transform>
      </camera>
      <camera id="7" sensor_id="0" label="_DSC0577.JPG" enabled="1">
        <transform>-1.7091397352286486e-002 -9.9756433876882855e-001 -6.7625987262710630e-002 2.9682393831879637e+000 -9.9623701234417628e-001 1.1242794687589708e-002 8.5938436122391104e-002 2.0407312364931723e+001 -8.4968814114920077e-002 6.8840319467030037e-002 -9.9400267154750721e-001 3.2002553741469666e+000 0.0000000000000000e+000 0.0000000000000000e+000 0.0000000000000000e+000 1.0000000000000000e+000</transform>
      </camera>
      <camera id="8" sensor_id="0" label="_DSC0578.JPG" enabled="1">
        <transform>-1.7571897602705833e-002 -9.9748997668522166e-001 -6.8592819064068583e-002 2.9304707609240541e+000 -9.9624391638872578e-001 1.1649590717795366e-002 8.5804114671508058e-002 2.0437469288792020e+001 -8.4789666074902487e-002 6.9842919817429516e-002 -9.9394802634659052e-001 3.2899837472631970e+000 0.0000000000000000e+000 0.0000000000000000e+000 0.0000000000000000e+000 1.0000000000000000e+000</transform>
      </camera>
      <camera id="9" sensor_id="0" label="_DSC0579.JPG" enabled="1">
        <transform>9.2137179314200135e-001 -3.8867895548921744e-001 -1.6396225496373394e-003 2.4140684945717371e+001 -3.8462376790882785e-001 -9.1235068291376953e-001 1.4028823381308400e-001 1.7250779445251119e+001 -5.6022994938779019e-002 -1.2862698374209566e-001 -9.9010934905771908e-001 2.8846177772702095e+000 0.0000000000000000e+000 0.0000000000000000e+000 0.0000000000000000e+000 1.0000000000000000e+000</transform>
      </camera>
      <camera id="10" sensor_id="0" label="_DSC0580.JPG" enabled="1">
        <transform>9.9605711912182171e-001 -8.8698790928466498e-002 -1.6552747700937249e-003 2.3077198758844485e+001 -8.7851821175157774e-002 -9.8879782599273880e-001 1.2066862404221547e-001 1.6850916823545532e+001 -1.2339893149635505e-002 -1.2004742312878534e-001 -9.9269146427134847e-001 2.8335824731339767e+000 0.0000000000000000e+000 0.0000000000000000e+000 0.0000000000000000e+000 1.0000000000000000e+000</transform>
      </camera>
      <camera id="11" sensor_id="0" label="_DSC0581.JPG" enabled="1">
        <transform>9.9931112231111152e-001 -3.7086970712480148e-002 -1.3555178632965160e-003 2.2030572772977067e+001 -3.6720428102575524e-002 -9.9340470200267550e-001 1.0862185875291884e-001 1.6852990334902934e+001 -5.3750335133520358e-003 -1.0849725638165746e-001 -9.9408221710901923e-001 2.8068299242205597e+000 0.0000000000000000e+000 0.0000000000000000e+000 0.0000000000000000e+000 1.0000000000000000e+000</transform>
      </camera>
      <camera id="12" sensor_id="0" label="_DSC0582.JPG" enabled="1">
        <transform>9.9999399165956093e-001 -3.0664438235086882e-003 -1.6166530408783491e-003 2.0498832577254326e+001 -2.9086064905668656e-003 -9.9594235253969654e-001 8.9946486457102223e-002 1.7163294387481209e+001 -1.8859090806155265e-003 -8.9941243820462632e-002 -9.9594528765739321e-001 2.7801290039400173e+000 0.0000000000000000e+000 0.0000000000000000e+000 0.0000000000000000e+000 1.0000000000000000e+000</transform>
      </camera>
      <camera id="13" sensor_id="0" label="_DSC0583.JPG" enabled="1">
        <transform>9.9998086286198951e-001 6.0567877533803018e-003 -1.2606474133193748e-003 1.9974785338289667e+001 6.1420574178479830e-003 -9.9635839890857769e-001 8.5042436789001974e-002 1.7268219037005927e+001 -7.4097264866188647e-004 -8.5048552288948698e-002 -9.9637653259853920e-001 2.7652561835003411e+000 0.0000000000000000e+000 0.0000000000000000e+000 0.0000000000000000e+000 1.0000000000000000e+000</transform>
      </camera>
      <camera id="14" sensor_id="0" label="_DSC0584.JPG" enabled="1">
        <transform>9.9974028451700625e-001 2.2728263248829966e-002 -1.6701986552286776e-003 1.8982780866389991e+001 2.2789540706695800e-002 -9.9699146185654819e-001 7.4085503437048297e-002 1.7470146773237172e+001 1.8661026172050533e-005 -7.4104325344981889e-002 -9.9725049441799285e-001 2.7394510434193653e+000 0.0000000000000000e+000 0.0000000000000000e+000 0.0000000000000000e+000 1.0000000000000000e+000</transform>
      </camera>
      <camera id="15" sensor_id="0" label="_DSC0585.JPG" enabled="1">
        <transform>9.9920106446371837e-001 3.9908259690164864e-002 -2.1362544500934154e-003 1.7932198211609560e+001 3.9962889033179870e-002 -9.9711149128921150e-001 6.4588245363428262e-002 1.7620213769689876e+001 4.4752060838992109e-004 -6.4622014418517018e-002 -9.9790971283869068e-001 2.7227173828156195e+000 0.0000000000000000e+000 0.0000000000000000e+000 0.0000000000000000e+000 1.0000000000000000e+000</transform>
      </camera>
      <camera id="16" sensor_id="0" label="_DSC0586.JPG" enabled="1">
        <transform>9.9840817818841543e-001 5.6343522753663146e-002 -2.5528748884893443e-003 1.6941277143995730e+001 5.6397762796390603e-002 -9.9681302602736777e-001 5.6418822158250601e-002 1.7771386398338652e+001 6.3409624734392497e-004 -5.6472989878965082e-002 -9.9840392594184013e-001 2.7172254928242534e+000 0.0000000000000000e+000 0.0000000000000000e+000 0.0000000000000000e+000 1.0000000000000000e+000</transform>
      </camera>
      <camera id="17" sensor_id="0" label="_DSC0587.JPG" enabled="1">
        <transform>9.9730258693484775e-001 7.3354721507954801e-002 -2.5758349231680389e-003 1.5902541067437920e+001 7.3392723450630998e-002 -9.9609856943130137e-001 4.9001511419690794e-002 1.7896123484407337e+001 1.0287067416014156e-003 -4.9058381642745647e-002 -9.9879538292536896e-001 2.7073225992598791e+000 0.0000000000000000e+000 0.0000000000000000e+000 0.0000000000000000e+000 1.0000000000000000e+000</transform>
      </camera>
      <camera id="18" sensor_id="0" label="_DSC0588.JPG" enabled="1">
        <transform>9.9749433716198332e-001 7.0697383031347219e-002 -2.6319882775281567e-003 1.4880823771685332e+001 7.0745708311461333e-002 -9.9663504741559761e-001 4.1395978287982457e-002 1.8017518558938519e+001 3.0345557121125863e-004 -4.1478455798504135e-002 -9.9913935245254348e-001 2.6990604134494824e+000 0.0000000000000000e+000 0.0000000000000000e+000 0.0000000000000000e+000 1.0000000000000000e+000</transform>
      </camera>
      <camera id="19" sensor_id="0" label="_DSC0589.JPG" enabled="1">
        <transform>9.9767783647133745e-001 6.8061890906671738e-002 -2.5521794764372034e-003 1.3831706742072825e+001 6.8109715288868708e-002 -9.9699683607812428e-001 3.6856146481680119e-002 1.8111362879448212e+001 -3.6015842034990263e-005 -3.6944388700019537e-002 -9.9931732239886695e-001 2.7019742490607759e+000 0.0000000000000000e+000 0.0000000000000000e+000 0.0000000000000000e+000 1.0000000000000000e+000</transform>
      </camera>
      <camera id="20" sensor_id="0" label="_DSC0590.JPG" enabled="1">
        <transform>9.9777998448785643e-001 6.6556352832044530e-002 -2.3139691246860774e-003 1.2778563346687083e+001 6.6596226554347104e-002 -9.9728329995833009e-001 3.1479552616665872e-002 1.8174564445895108e+001 -2.1251855371889525e-004 -3.1563769133608886e-002 -9.9950171751425443e-001 2.6952228791785142e+000 0.0000000000000000e+000 0.0000000000000000e+000 0.0000000000000000e+000 1.0000000000000000e+000</transform>
      </camera>
      <camera id="21" sensor_id="0" label="_DSC0591.JPG" enabled="1">
        <transform>9.9795600576994570e-001 6.3856474941524410e-002 -2.4821675482280580e-003 1.1728435957437918e+001 6.3899746389147499e-002 -9.9760920533991393e-001 2.6319115343568615e-002 1.8273358505822813e+001 -7.9558726588863484e-004 -2.6423929100493383e-002 -9.9965051043441899e-001 2.7019482440414246e+000 0.0000000000000000e+000 0.0000000000000000e+000 0.0000000000000000e+000 1.0000000000000000e+000</transform>
      </camera>
      <camera id="22" sensor_id="0" label="_DSC0592.JPG" enabled="1">
        <transform>9.9823206751943494e-001 5.9395927162093645e-002 -2.2052692416832569e-003 1.0704338520430658e+001 5.9430252560174882e-002 -9.9798686597105835e-001 2.2141825351551066e-002 1.8327901630336058e+001 -8.8569549331331981e-004 -2.2233739807329494e-002 -9.9975240752782035e-001 2.6936595718538530e+000 0.0000000000000000e+000 0.0000000000000000e+000 0.0000000000000000e+000 1.0000000000000000e+000</transform>
      </camera>
      <camera id="23" sensor_id="0" label="_DSC0593.JPG" enabled="1">
        <transform>9.9839300954341614e-001 5.6633059189595096e-002 -2.0236357548457386e-003 9.6397933081814475e+000 5.6661274428422566e-002 -9.9821395634486110e-001 1.8931385012374749e-002 1.8421619214088000e+001 -9.4787920509865127e-004 -1.9015624238178430e-002 -9.9981873735184867e-001 2.6806498746959777e+000 0.0000000000000000e+000 0.0000000000000000e+000 0.0000000000000000e+000 1.0000000000000000e+000</transform>
      </camera>
      <camera id="24" sensor_id="0" label="_DSC0594.JPG" enabled="1">
        <transform>9.9848807385165417e-001 5.4928264122445163e-002 -2.1100181300790855e-003 8.6154674359113859e+000 5.4954089112768341e-002 -9.9837288706768745e-001 1.5219279152328048e-002 1.8481968984988214e+001 -1.2706163072599215e-003 -1.5312222850568585e-002 -9.9988195371532451e-001 2.6837496715624702e+000 0.0000000000000000e+000 0.0000000000000000e+000 0.0000000000000000e+000 1.0000000000000000e+000</transform>
      </camera>
      <camera id="25" sensor_id="0" label="_DSC0595.JPG" enabled="1">
        <transform>9.9850677548363398e-001 5.4583646986482895e-002 -2.2010894869858317e-003 7.5860353557768878e+000 5.4605085101071135e-002 -9.9844440399712198e-001 1.1271947832408169e-002 1.8531322556635981e+001 -1.5824014596436812e-003 -1.1375306962309558e-002 -9.9993404702366928e-001 2.6692770509261874e+000 0.0000000000000000e+000 0.0000000000000000e+000 0.0000000000000000e+000 1.0000000000000000e+000</transform>
      </camera>
      <camera id="26" sensor_id="0" label="_DSC0596.JPG" enabled="1">
        <transform>9.9842279273105627e-001 5.6076036319051940e-002 -2.7212324162123351e-003 6.5058441623881791e+000 5.6099865197416242e-002 -9.9837846609207581e-001 9.6562709399361894e-003 1.8608005077724673e+001 -2.1753344456436367e-003 -9.7937017709391824e-003 -9.9994967439650262e-001 2.6719173329659149e+000 0.0000000000000000e+000 0.0000000000000000e+000 0.0000000000000000e+000 1.0000000000000000e+000</transform>
      </camera>
      <camera id="27" sensor_id="0" label="_DSC0597.JPG" enabled="1">
        <transform>9.9848713864948868e-001 5.4935622221469145e-002 -2.3476291654863672e-003 5.4299790965297108e+000 5.4950483364986459e-002 -9.9846578672819575e-001 6.8203453871061685e-003 1.8653485248164195e+001 -1.9693474840573990e-003 -6.9390305075780860e-003 -9.9997398542467186e-001 2.6625158983032065e+000 0.0000000000000000e+000 0.0000000000000000e+000 0.0000000000000000e+000 1.0000000000000000e+000</transform>
      </camera>
      <camera id="28" sensor_id="0" label="_DSC0598.JPG" enabled="1">
        <transform>9.9846373828394808e-001 5.5354915679151732e-002 -2.4488042384149021e-003 4.4033745292404678e+000 5.5366758792128636e-002 -9.9845323067198533e-001 5.0663775549682939e-003 1.8703809082303447e+001 -2.1645676007745933e-003 -5.1941766266889906e-003 -9.9998416746280161e-001 2.6492587809527013e+000 0.0000000000000000e+000 0.0000000000000000e+000 0.0000000000000000e+000 1.0000000000000000e+000</transform>
      </camera>
      <camera id="29" sensor_id="0" label="_DSC0599.JPG" enabled="1">
        <transform>9.9845328234622044e-001 5.5547653613102571e-002 -2.3454530769316359e-003 3.2966454249133492e+000 5.5557239290765559e-002 -9.9844649543917630e-001 4.2413332356084198e-003 1.8770033086660618e+001 -2.1062132954501084e-003 -4.3650799884576985e-003 -9.9998825490215060e-001 2.6423792754784561e+000 0.0000000000000000e+000 0.0000000000000000e+000 0.0000000000000000e+000 1.0000000000000000e+000</transform>
      </camera>
      <camera id="30" sensor_id="0" label="_DSC0600.JPG" enabled="1">
        <transform>9.9872519782648239e-001 5.0443184900555160e-002 -1.8612693362562705e-003 2.1990022106901006e+000 5.0445471910984474e-002 -9.9872609224032094e-001 1.2029306114908775e-003 1.8821117427380287e+001 -1.7982185995479886e-003 -1.2952897229536503e-003 -9.9999754431418575e-001 2.6268672828492834e+000 0.0000000000000000e+000 0.0000000000000000e+000 0.0000000000000000e+000 1.0000000000000000e+000</transform>
      </camera>
      <camera id="31" sensor_id="0" label="_DSC0601.JPG" enabled="1">
        <transform>9.9888796745101593e-001 4.7107726342921666e-002 -1.9210935371345810e-003 1.1181470114627126e+000 4.7107354014623196e-002 -9.9888980385989745e-001 -2.3862622795961440e-004 1.8879481643766511e+001 -1.9302018855498432e-003 1.4786323447807867e-004 -9.9999812622681694e-001 2.6280943180494951e+000 0.0000000000000000e+000 0.0000000000000000e+000 0.0000000000000000e+000 1.0000000000000000e+000</transform>
      </camera>
      <camera id="32" sensor_id="0" label="_DSC0602.JPG" enabled="1">
        <transform>9.9918061038830730e-001 4.0441389048769365e-002 -1.6130331231415055e-003 2.5931096082456234e-002 4.0436581256128763e-002 -9.9917787099777766e-001 -2.9094681068659979e-003 1.8950917827600350e+001 -1.7293699334641798e-003 2.8418585739709411e-003 -9.9999446654442981e-001 2.6267979695514296e+000 0.0000000000000000e+000 0.0000000000000000e+000 0.0000000000000000e+000 1.0000000000000000e+000</transform>
      </camera>
      <camera id="33" sensor_id="0" label="_DSC0603.JPG" enabled="1">
        <transform>9.9926996084761011e-001 3.8124109125682766e-002 -2.4693422178905982e-003 -1.0489168247644887e+000 3.8118222176495999e-002 -9.9927038129585666e-001 -2.3887659861317710e-003 1.9096290961350789e+001 -2.5586101147525011e-003 2.2928951581446420e-003 -9.9999409805562078e-001 2.6480397436740097e+000 0.0000000000000000e+000 0.0000000000000000e+000 0.0000000000000000e+000 1.0000000000000000e+000</transform>
      </camera>
      <camera id="34" sensor_id="0" label="_DSC0604.JPG" enabled="1">
        <transform>9.9891008978285756e-001 4.6640654940793960e-002 -1.8115840300843645e-003 -8.9881046846978130e-001 4.6629466852445733e-002 -9.9889546002976604e-001 -5.7924738220105068e-003 1.7207197610075664e+001 -2.0797478358996727e-003 5.7016873481281266e-003 -9.9998158253556013e-001 2.4664659475218480e+000 0.0000000000000000e+000 0.0000000000000000e+000 0.0000000000000000e+000 1.0000000000000000e+000</transform>
      </camera>
      <camera id="35" sensor_id="0" label="_DSC0605.JPG" enabled="1">
        <transform>9.9895868197763749e-001 4.5623999240035580e-002 -4.8937171384546036e-005 7.4062341572550358e-002 4.5623743637188706e-002 -9.9895570638169040e-001 -2.4435024014888137e-003 1.7159916948339884e+001 -1.6036841831732179e-004 2.4387252414388794e-003 -9.9999701344612379e-001 2.4877613810343311e+000 0.0000000000000000e+000 0.0000000000000000e+000 0.0000000000000000e+000 1.0000000000000000e+000</transform>
      </camera>
      <camera id="36" sensor_id="0" label="_DSC0606.JPG" enabled="1">
        <transform>9.9886596621466994e-001 4.7610728628850019e-002 -7.5804662947928224e-006 1.2487571899432897e+000 4.7609971213689040e-002 -9.9885094888256876e-001 -5.4838451312638221e-003 1.7114175741609895e+001 -2.6866161833876833e-004 5.4772653598293714e-003 -9.9998496357950950e-001 2.4694661871710282e+000 0.0000000000000000e+000 0.0000000000000000e+000 0.0000000000000000e+000 1.0000000000000000e+000</transform>
      </camera>
      <camera id="37" sensor_id="0" label="_DSC0607.JPG" enabled="1">
        <transform>9.9896192687030672e-001 4.5552147526622483e-002 -2.6555465649388978e-004 2.4490342059498258e+000 4.5551606398302191e-002 -9.9896040935039554e-001 -1.7753042061121585e-003 1.7015271487398120e+001 -3.4614750745749426e-004 1.7613648693289169e-003 -9.9999838888655224e-001 2.4554176069273228e+000 0.0000000000000000e+000 0.0000000000000000e+000 0.0000000000000000e+000 1.0000000000000000e+000</transform>
      </camera>
      <camera id="38" sensor_id="0" label="_DSC0608.JPG" enabled="1">
        <transform>9.9907257139658778e-001 4.3057725550668349e-002 1.7132837858111762e-004 3.5776127461136338e+000 4.3058054144249361e-002 -9.9906137441094667e-001 -4.7301303809959925e-003 1.7010577915453148e+001 -3.2501090382953406e-005 4.7331205893841807e-003 -9.9998879819384245e-001 2.4540703751641582e+000 0.0000000000000000e+000 0.0000000000000000e+000 0.0000000000000000e+000 1.0000000000000000e+000</transform>
      </camera>
      <camera id="39" sensor_id="0" label="_DSC0609.JPG" enabled="1">
        <transform>9.9906568127738871e-001 4.3217605204709984e-002 5.5624798928296168e-005 4.6458913066473224e+000 4.3217307687410660e-002 -9.9905209354760849e-001 -5.2133189421221674e-003 1.6972195673178085e+001 -1.6973508802439302e-004 5.2108519946779302e-003 -9.9998640901338731e-001 2.4504746454928341e+000 0.0000000000000000e+000 0.0000000000000000e+000 0.0000000000000000e+000 1.0000000000000000e+000</transform>
      </camera>
      <camera id="40" sensor_id="0" label="_DSC0610.JPG" enabled="1">
        <transform>9.9904104859860432e-001 4.3775144939575870e-002 -8.4846951643247027e-004 5.7997967137756987e+000 4.3768267480854751e-002 -9.9901786825454242e-001 -6.9020047720915918e-003 1.6879989760737267e+001 -1.1497724668572827e-003 6.8582500441983860e-003 -9.9997582092248893e-001 2.4360645675405226e+000 0.0000000000000000e+000 0.0000000000000000e+000 0.0000000000000000e+000 1.0000000000000000e+000</transform>
      </camera>
      <camera id="41" sensor_id="0" label="_DSC0611.JPG" enabled="1">
        <transform>9.9915339649784329e-001 4.1136684942883098e-002 -5.1324334547239855e-004 6.8400817100296161e+000 4.1131680771681778e-002 -9.9912552536258059e-001 -7.5079561695493039e-003 1.6791556767927091e+001 -8.2164695469568393e-004 7.4804893461179701e-003 -9.9997168318679130e-001 2.4135433703216398e+000 0.0000000000000000e+000 0.0000000000000000e+000 0.0000000000000000e+000 1.0000000000000000e+000</transform>
      </camera>
      <camera id="42" sensor_id="0" label="_DSC0612.JPG" enabled="1">
        <transform>9.9902756742030618e-001 4.4079545460771030e-002 -9.5561824881492904e-004 7.9127916166750438e+000 4.4069423177751851e-002 -9.9898948706566026e-001 -8.8255692773487968e-003 1.6750031800308737e+001 -1.3436796663922909e-003 8.7748734612457507e-003 -9.9996059728405962e-001 2.3871919191749154e+000 0.0000000000000000e+000 0.0000000000000000e+000 0.0000000000000000e+000 1.0000000000000000e+000</transform>
      </camera>
      <camera id="43" sensor_id="0" label="_DSC0613.JPG" enabled="1">
        <transform>9.9918066220684931e-001 4.0442785065294799e-002 -1.5444766247627651e-003 8.9542520890846173e+000 4.0426167543874660e-002 -9.9913647304272135e-001 -9.5933942619874767e-003 1.6688047706313917e+001 -1.9311265097465876e-003 9.5230967607037777e-003 -9.9995278957483269e-001 2.3639138160190027e+000 0.0000000000000000e+000 0.0000000000000000e+000 0.0000000000000000e+000 1.0000000000000000e+000</transform>
      </camera>
      <camera id="44" sensor_id="0" label="_DSC0614.JPG" enabled="1">
        <transform>9.9920911312317118e-001 3.9753513737076182e-002 -8.9799619229178587e-004 9.9631379756383058e+000 3.9742761541644772e-002 -9.9916138280060318e-001 -9.8510925805499628e-003 1.6649693398788369e+001 -1.2888586614660392e-003 9.8076126321700232e-003 -9.9995107359200730e-001 2.3605041631920796e+000 0.0000000000000000e+000 0.0000000000000000e+000 0.0000000000000000e+000 1.0000000000000000e+000</transform>
      </camera>
      <camera id="45" sensor_id="0" label="_DSC0615.JPG" enabled="1">
        <transform>9.9907464117931233e-001 4.2994587686575519e-002 -1.1518602736095029e-003 1.1034878321859763e+001 4.2977139756756502e-002 -9.9899983018326788e-001 -1.2341181148097444e-002 1.6602924154013888e+001 -1.6813122127585342e-003 1.2280257467305173e-002 -9.9992318128233226e-001 2.3788818916960923e+000 0.0000000000000000e+000 0.0000000000000000e+000 0.0000000000000000e+000 1.0000000000000000e+000</transform>
      </camera>
      <camera id="46" sensor_id="0" label="_DSC0616.JPG" enabled="1">
        <transform>9.9920180586236118e-001 3.9883270453182018e-002 -2.2529756665906004e-003 1.2065759898081845e+001 3.9846076102115283e-002 -9.9909824394922564e-001 -1.4662508545200268e-002 1.6586518477320539e+001 -2.8357328259813195e-003 1.4561032776969230e-002 -9.9988996141765907e-001 2.3881725146434296e+000 0.0000000000000000e+000 0.0000000000000000e+000 0.0000000000000000e+000 1.0000000000000000e+000</transform>
      </camera>
      <camera id="47" sensor_id="0" label="_DSC0617.JPG" enabled="1">
        <transform>9.9910799694734542e-001 4.2182260258465193e-002 -1.9665592669096876e-003 1.3097944899379003e+001 4.2150099293523632e-002 -9.9900988024497661e-001 -1.4234756845958929e-002 1.6476796263073481e+001 -2.5650663557223044e-003 1.4139168731031698e-002 -9.9989674684048557e-001 2.3902462528791952e+000 0.0000000000000000e+000 0.0000000000000000e+000 0.0000000000000000e+000 1.0000000000000000e+000</transform>
      </camera>
      <camera id="48" sensor_id="0" label="_DSC0618.JPG" enabled="1">
        <transform>9.9914441425135325e-001 4.1297973895698850e-002 -2.2173909061100798e-003 1.4188641791116998e+001 4.1254261092252137e-002 -9.9900297983067998e-001 -1.7062597432812670e-002 1.6479449817930217e+001 -2.9198308260265371e-003 1.6956522094230004e-002 -9.9985196451595537e-001 2.4035578141362310e+000 0.0000000000000000e+000 0.0000000000000000e+000 0.0000000000000000e+000 1.0000000000000000e+000</transform>
      </camera>
      <camera id="49" sensor_id="0" label="_DSC0619.JPG" enabled="1">
        <transform>9.9913993794461031e-001 4.1341218844401721e-002 -3.2074956741780301e-003 1.5279139019406877e+001 4.1275871650286018e-002 -9.9898023476192677e-001 -1.8297348838420342e-002 1.6409641775886712e+001 -3.9606594841897283e-003 1.8149219803203966e-002 -9.9982744461081152e-001 2.4046828793043291e+000 0.0000000000000000e+000 0.0000000000000000e+000 0.0000000000000000e+000 1.0000000000000000e+000</transform>
      </camera>
      <camera id="50" sensor_id="0" label="_DSC0620.JPG" enabled="1">
        <transform>9.9907618769331297e-001 4.2825911450320234e-002 -3.5654582660067185e-003 1.6342915156822144e+001 4.2755516472215926e-002 -9.9892502627817970e-001 -1.7909709275478504e-002 1.6317259741067616e+001 -4.3286251155971352e-003 1.7740721056017372e-002 -9.9983325100789744e-001 2.3956460096394232e+000 0.0000000000000000e+000 0.0000000000000000e+000 0.0000000000000000e+000 1.0000000000000000e+000</transform>
      </camera>
      <camera id="51" sensor_id="0" label="_DSC0621.JPG" enabled="1">
        <transform>9.9906193494233841e-001 4.3140267103874863e-002 -3.7639744257190683e-003 1.7397423954054027e+001 4.3060582364713176e-002 -9.9888864003037015e-001 -1.9164317485612783e-002 1.6289450835804089e+001 -4.5865450704084083e-003 1.8984261178248241e-002 -9.9980926252552449e-001 2.3992791425734636e+000 0.0000000000000000e+000 0.0000000000000000e+000 0.0000000000000000e+000 1.0000000000000000e+000</transform>
      </camera>
      <camera id="52" sensor_id="0" label="_DSC0622.JPG" enabled="1">
        <transform>9.9909030207523519e-001 4.2394021935187189e-002 -4.6168391105601454e-003 1.8482469314782200e+001 4.2300032023471372e-002 -9.9892725995934828e-001 -1.8842414944003443e-002 1.6205538322331719e+001 -5.4106921948329813e-003 1.8629981596007431e-002 -9.9981180638943512e-001 2.4070063736903311e+000 0.0000000000000000e+000 0.0000000000000000e+000 0.0000000000000000e+000 1.0000000000000000e+000</transform>
      </camera>
      <camera id="53" sensor_id="0" label="_DSC0623.JPG" enabled="1">
        <transform>9.9908370662485779e-001 4.2502367565812785e-002 -5.0295037564836659e-003 1.9559246906477028e+001 4.2399028017810481e-002 -9.9891769396713948e-001 -1.9124934052624311e-002 1.6179645019460931e+001 -5.8369152710022959e-003 1.8894163931565018e-002 -9.9980445137509077e-001 2.3900163948410471e+000 0.0000000000000000e+000 0.0000000000000000e+000 0.0000000000000000e+000 1.0000000000000000e+000</transform>
      </camera>
      <camera id="54" sensor_id="0" label="_DSC0624.JPG" enabled="1">
        <transform>9.9911403797453313e-001 4.1857625215113506e-002 -4.3678751784466934e-003 2.0635734123837739e+001 4.1765202746426408e-002 -9.9893803675219839e-001 -1.9454217260365399e-002 1.6130202166722935e+001 -5.1775439904739647e-003 1.9254556370238624e-002 -9.9980120778943449e-001 2.3683211922479708e+000 0.0000000000000000e+000 0.0000000000000000e+000 0.0000000000000000e+000 1.0000000000000000e+000</transform>
      </camera>
      <camera id="55" sensor_id="0" label="_DSC0625.JPG" enabled="1">
        <transform>9.9915059331424905e-001 4.1012943306763652e-002 -4.0037933388770977e-003 2.1687102408203245e+001 4.0932820721076887e-002 -9.9899285365571300e-001 -1.8378861026498453e-002 1.6025429336577826e+001 -4.7535321183752354e-003 1.8199363344121561e-002 -9.9982307790241975e-001 2.3564406738476409e+000 0.0000000000000000e+000 0.0000000000000000e+000 0.0000000000000000e+000 1.0000000000000000e+000</transform>
      </camera>
      <camera id="56" sensor_id="0" label="_DSC0626.JPG" enabled="1">
        <transform>9.9906472153874470e-001 4.3029214501021602e-002 -4.2624964675371706e-003 2.2743444216301899e+001 4.2935705441203446e-002 -9.9887715817525458e-001 -2.0023687822019881e-002 1.5983294990319633e+001 -5.1193139166207770e-003 1.9821946805310700e-002 -9.9979041956295545e-001 2.3505766159912311e+000 0.0000000000000000e+000 0.0000000000000000e+000 0.0000000000000000e+000 1.0000000000000000e+000</transform>
      </camera>
      <camera id="57" sensor_id="0" label="_DSC0627.JPG" enabled="1">
        <transform>9.9906811472056234e-001 4.2884315877820309e-002 -4.8823765107846020e-003 2.3773113615772189e+001 4.2796489626151124e-002 -9.9894154183195571e-001 -1.6859907415931168e-002 1.5890410768070772e+001 -5.6002343147828924e-003 1.6635247340702822e-002 -9.9984594109369329e-001 2.3460029585169888e+000 0.0000000000000000e+000 0.0000000000000000e+000 0.0000000000000000e+000 1.0000000000000000e+000</transform>
      </camera>
      <camera id="58" sensor_id="0" label="_DSC0628.JPG" enabled="1">
        <transform>9.9883170757674455e-001 4.8131396951460743e-002 -4.3114460247746572e-003 2.4909378602832678e+001 4.8053461852428848e-002 -9.9870596038711179e-001 -1.6651411088967800e-002 1.5814106367513403e+001 -5.1073225197548347e-003 1.6424777464475741e-002 -9.9985206002784310e-001 2.3599061084579374e+000 0.0000000000000000e+000 0.0000000000000000e+000 0.0000000000000000e+000 1.0000000000000000e+000</transform>
      </camera>
      <camera id="59" sensor_id="0" label="_DSC0629.JPG" enabled="1">
        <transform>9.9948710690756348e-001 3.1596050525862451e-002 -5.2165809411139283e-003 2.4661632255766467e+001 3.1530930456564285e-002 -9.9942921449912780e-001 -1.2126237264695913e-002 1.3524187746051403e+001 -5.5967445976525428e-003 1.1955534150490305e-002 -9.9991286703046534e-001 2.0983212172913008e+000 0.0000000000000000e+000 0.0000000000000000e+000 0.0000000000000000e+000 1.0000000000000000e+000</transform>
      </camera>
      <camera id="60" sensor_id="0" label="_DSC0630.JPG" enabled="1">
        <transform>9.9891630431415512e-001 4.5906808661712067e-002 -7.6669351012054361e-003 2.3464734604524114e+001 4.5823451849329899e-002 -9.9889208168423038e-001 -1.0715428556846865e-002 1.3606114285709634e+001 -8.1503518918684091e-003 1.0352490861705812e-002 -9.9991319508095156e-001 2.0944284697217821e+000 0.0000000000000000e+000 0.0000000000000000e+000 0.0000000000000000e+000 1.0000000000000000e+000</transform>
      </camera>
      <camera id="61" sensor_id="0" label="_DSC0631.JPG" enabled="1">
        <transform>9.9901152264520876e-001 4.3753250801795769e-002 -7.8505201341927157e-003 2.2150642200276529e+001 4.3652197482606077e-002 -9.9896717450421013e-001 -1.2612292337815956e-002 1.3790207050005485e+001 -8.3942407066849370e-003 1.2257132917209059e-002 -9.9988964361853860e-001 2.0885861198062057e+000 0.0000000000000000e+000 0.0000000000000000e+000 0.0000000000000000e+000 1.0000000000000000e+000</transform>
      </camera>
      <camera id="62" sensor_id="0" label="_DSC0632.JPG" enabled="1">
        <transform>9.9891168413361353e-001 4.6029845858170437e-002 -7.5299795232226753e-003 2.0948619164534183e+001 4.5930065902550957e-002 -9.9886101396798421e-001 -1.2926864315751007e-002 1.4124967663660765e+001 -8.1164245536078615e-003 1.2566943348467077e-002 -9.9988809153191838e-001 2.1164718704165737e+000 0.0000000000000000e+000 0.0000000000000000e+000 0.0000000000000000e+000 1.0000000000000000e+000</transform>
      </camera>
      <camera id="63" sensor_id="0" label="_DSC0633.JPG" enabled="1">
        <transform>9.9892954673763223e-001 4.5699813377819809e-002 -7.1615439523251322e-003 1.9830572674484809e+001 4.5584827266730271e-002 -9.9884065427608237e-001 -1.5471615571429717e-002 1.4358293496398979e+001 -7.8602911912350644e-003 1.5128596186037343e-002 -9.9985466013807667e-001 2.1304733274753920e+000 0.0000000000000000e+000 0.0000000000000000e+000 0.0000000000000000e+000 1.0000000000000000e+000</transform>
      </camera>
      <camera id="64" sensor_id="0" label="_DSC0634.JPG" enabled="1">
        <transform>9.9883180778641767e-001 4.7838893895991060e-002 -6.8161561693647925e-003 1.8785823229835458e+001 4.7733353786226444e-002 -9.9874918683693814e-001 -1.4885856672484953e-002 1.4488012832812956e+001 -7.5197533494126044e-003 1.4543109136733193e-002 -9.9986596666063254e-001 2.1420250962381995e+000 0.0000000000000000e+000 0.0000000000000000e+000 0.0000000000000000e+000 1.0000000000000000e+000</transform>
      </camera>
      <camera id="65" sensor_id="0" label="_DSC0635.JPG" enabled="1">
        <transform>9.9862894884193820e-001 5.1913442321456907e-002 -6.7243617676810861e-003 1.7729698260963758e+001 5.1809056359150743e-002 -9.9854637365244969e-001 -1.4864768572593057e-002 1.4566399390352814e+001 -7.4862683641602401e-003 1.4496005376626171e-002 -9.9986690194950478e-001 2.1407861684431255e+000 0.0000000000000000e+000 0.0000000000000000e+000 0.0000000000000000e+000 1.0000000000000000e+000</transform>
      </camera>
      <camera id="66" sensor_id="0" label="_DSC0636.JPG" enabled="1">
        <transform>9.9851169654778416e-001 5.4147755023280383e-002 -6.5124867144788030e-003 1.6649153102368462e+001 5.4046100236126035e-002 -9.9842748008194071e-001 -1.4885767245679455e-002 1.4573755955147737e+001 -7.3082765775568112e-003 1.4511638197141656e-002 -9.9986799201209620e-001 2.1312069142871293e+000 0.0000000000000000e+000 0.0000000000000000e+000 0.0000000000000000e+000 1.0000000000000000e+000</transform>
      </camera>
      <camera id="67" sensor_id="0" label="_DSC0637.JPG" enabled="1">
        <transform>9.9856848677197807e-001 5.3080619631824179e-002 -6.5897682374747215e-003 1.5591120939858859e+001 5.2975145160529431e-002 -9.9847917385629770e-001 -1.5263465218161795e-002 1.4596945238914101e+001 -7.3899405371670550e-003 1.4892521436842072e-002 -9.9986179124122465e-001 2.1214948936662936e+000 0.0000000000000000e+000 0.0000000000000000e+000 0.0000000000000000e+000 1.0000000000000000e+000</transform>
      </camera>
      <camera id="68" sensor_id="0" label="_DSC0638.JPG" enabled="1">
        <transform>9.9895095068860762e-001 4.5424043875395712e-002 -5.8012374828171464e-003 1.4543515651491640e+001 4.5331077149038848e-002 -9.9885544699966633e-001 -1.5260715697652858e-002 1.4624225830647914e+001 -6.4878010784706636e-003 1.4981730110465408e-002 -9.9986671921814829e-001 2.1121756845848001e+000 0.0000000000000000e+000 0.0000000000000000e+000 0.0000000000000000e+000 1.0000000000000000e+000</transform>
      </camera>
      <camera id="69" sensor_id="0" label="_DSC0639.JPG" enabled="1">
        <transform>9.9911701556582833e-001 4.1672171015872693e-002 -5.3497074365786565e-003 1.3505900394346240e+001 4.1587316617114657e-002 -9.9902079382632836e-001 -1.5097966724055147e-002 1.4706241608497724e+001 -5.9736340213462020e-003 1.4862155477476227e-002 -9.9987170778612511e-001 2.1134285728868334e+000 0.0000000000000000e+000 0.0000000000000000e+000 0.0000000000000000e+000 1.0000000000000000e+000</transform>
      </camera>
      <camera id="70" sensor_id="0" label="_DSC0640.JPG" enabled="1">
        <transform>9.9904820691677398e-001 4.3298090530424251e-002 -5.2873067620690141e-003 1.2465428675644954e+001 4.3210298128644208e-002 -9.9894229667385792e-001 -1.5721261132355460e-002 1.4794712595281490e+001 -5.9624149478816075e-003 1.5477831643263509e-002 -9.9986243370556338e-001 2.1148980706443861e+000 0.0000000000000000e+000 0.0000000000000000e+000 0.0000000000000000e+000 1.0000000000000000e+000</transform>
      </camera>
      <camera id="71" sensor_id="0" label="_DSC0641.JPG" enabled="1">
        <transform>9.9890928774577459e-001 4.6417976940186942e-002 -5.0602640256861850e-003 1.1465302883006181e+001 4.6338087389358767e-002 -9.9881464927672492e-001 -1.4902283291803264e-002 1.4885523536819287e+001 -5.7459996802584319e-003 1.4651546232165479e-002 -9.9987615017095055e-001 2.1138616623493434e+000 0.0000000000000000e+000 0.0000000000000000e+000 0.0000000000000000e+000 1.0000000000000000e+000</transform>
      </camera>
      <camera id="72" sensor_id="0" label="_DSC0642.JPG" enabled="1">
        <transform>9.9889837241606938e-001 4.6707684155310236e-002 -4.5203788973216200e-003 1.0389078940739600e+001 4.6622710621671157e-002 -9.9876163509746074e-001 -1.7364305679598124e-002 1.4985070334825965e+001 -5.3258275240079273e-003 1.7134424364255538e-002 -9.9983901057264724e-001 2.1208596407769851e+000 0.0000000000000000e+000 0.0000000000000000e+000 0.0000000000000000e+000 1.0000000000000000e+000</transform>
      </camera>
      <camera id="73" sensor_id="0" label="_DSC0643.JPG" enabled="1">
        <transform>9.9895862283511216e-001 4.5441105900099386e-002 -4.0958220118170723e-003 9.2626989273279285e+000 4.5360987548713698e-002 -9.9881035528578999e-001 -1.7895669377796783e-002 1.5054396827563105e+001 -4.9041484461599984e-003 1.7691242705076576e-002 -9.9983147042867582e-001 2.1115879396816921e+000 0.0000000000000000e+000 0.0000000000000000e+000 0.0000000000000000e+000 1.0000000000000000e+000</transform>
      </camera>
      <camera id="74" sensor_id="0" label="_DSC0644.JPG" enabled="1">
        <transform>9.9900751089806894e-001 4.4323290517132859e-002 -4.4089779969855086e-003 8.2220447218428667e+000 4.4242701218943810e-002 -9.9887703322396504e-001 -1.6948624915939549e-002 1.5132165558405092e+001 -5.1552456871937291e-003 1.6736738494216238e-002 -9.9984664075371121e-001 2.1111758280732382e+000 0.0000000000000000e+000 0.0000000000000000e+000 0.0000000000000000e+000 1.0000000000000000e+000</transform>
      </camera>
      <camera id="75" sensor_id="0" label="_DSC0645.JPG" enabled="1">
        <transform>9.9910884316636728e-001 4.2014857670415497e-002 -4.0337627221578983e-003 7.1649002647031024e+000 4.1936207541814645e-002 -9.9895948497146980e-001 -1.7924895607664169e-002 1.5232543821777208e+001 -4.7826774691370347e-003 1.7739761003760391e-002 -9.9983119919102126e-001 2.1070527533029364e+000 0.0000000000000000e+000 0.0000000000000000e+000 0.0000000000000000e+000 1.0000000000000000e+000</transform>
      </camera>
      <camera id="76" sensor_id="0" label="_DSC0646.JPG" enabled="1">
        <transform>9.9904822943020477e-001 4.3399646613591858e-002 -4.3710349103936678e-003 6.1463303814094745e+000 4.3322824003022259e-002 -9.9892721367607551e-001 -1.6357099307500601e-002 1.5282843713096296e+001 -5.0762380534893556e-003 1.6152165525638459e-002 -9.9985665940476520e-001 2.1100817074587992e+000 0.0000000000000000e+000 0.0000000000000000e+000 0.0000000000000000e+000 1.0000000000000000e+000</transform>
      </camera>
      <camera id="77" sensor_id="0" label="_DSC0647.JPG" enabled="1">
        <transform>9.9911872537989821e-001 4.1758498775063532e-002 -4.2426849164514330e-003 5.0573437786614468e+000 4.1680021330508465e-002 -9.9898376745491091e-001 -1.7152497878756296e-002 1.5338893036996399e+001 -4.9546359236201020e-003 1.6960546619888082e-002 -9.9984388353443410e-001 2.1058422585897443e+000 0.0000000000000000e+000 0.0000000000000000e+000 0.0000000000000000e+000 1.0000000000000000e+000</transform>
      </camera>
      <camera id="78" sensor_id="0" label="_DSC0648.JPG" enabled="1">
        <transform>9.9913779596691199e-001 4.1291119910523727e-002 -4.3252846052406254e-003 3.9941764985440344e+000 4.1218588447725371e-002 -9.9902686295678167e-001 -1.5695701867348921e-002 1.5366266903441680e+001 -4.9691686184533401e-003 1.5503886843834049e-002 -9.9986745964451451e-001 2.0939840088343624e+000 0.0000000000000000e+000 0.0000000000000000e+000 0.0000000000000000e+000 1.0000000000000000e+000</transform>
      </camera>
      <camera id="79" sensor_id="0" label="_DSC0649.JPG" enabled="1">
        <transform>9.9907980080323011e-001 4.2719014647058809e-002 -3.8258874215086796e-003 2.8967491909755920e+000 4.2654339787796744e-002 -9.9896753674775485e-001 -1.5635466778774955e-002 1.5452042989126085e+001 -4.4898690676748341e-003 1.5457888332737117e-002 -9.9987043898899608e-001 2.0912445281077385e+000 0.0000000000000000e+000 0.0000000000000000e+000 0.0000000000000000e+000 1.0000000000000000e+000</transform>
