<?xml version="1.0" encoding="UTF-8"?>
<document version="1.5.0">
  <chunk label="SonyA9" enabled="true">
    <sensors next_id="1">
      <sensor id="0" label="SonyA9" type="frame">
        <resolution width="6000" height="4000"/>
        <property name="pixel_width" value="0.006"/>
        <property name="pixel_height" value="0.006"/>
        <property name="focal_length" value="55"/>
        <property name="fixed" value="true"/>
        <property name="layer_index" value="0"/>
        <calibration type="frame" class="initial">
          <resolution width="6000" height="4000"/>
          <f>9227.77018581081</f>
          <cx>-37.8304617831239</cx>
          <cy>31.7622333680372</cy>
          <k1>-0.017282082281574</k1>
        </calibration>
      </sensor>
    </sensors>
    <cameras next_id="596" next_group_id="0">
      <camera id="0" sensor_id="0" label="DSC00618.JPG">
        <transform>9.7909134755147498e-001 2.0247886083913205e-001 1.9556177109171069e-002 -1.5518814586305213e+001 2.0212873248615212e-001 -9.7918435815923022e-001 1.8492383292531122e-002 3.5864579590613666e+001 2.2893419433964203e-002 -1.4152867185971221e-002 -9.9963772822810004e-001 1.6627967128844356e+000 0 0 0 1</transform>
        <rotation_covariance>1.9553402605537477e-008 9.8726125894572397e-010 5.5464629400754785e-010 9.8726125894572356e-010 6.2329791364828905e-009 -1.8782777634648509e-010 5.5464629400754785e-010 -1.8782777634648509e-010 3.3126654303714140e-010</rotation_covariance>
        <location_covariance>1.3567703858943525e-005 -1.9466877886477159e-005 -5.3046579638043563e-006 -1.9466877886477159e-005 4.3274496146284307e-005 7.0331467263285310e-006 -5.3046579638043563e-006 7.0331467263285310e-006 9.1603136567679867e-006</location_covariance>
      </camera>
      <camera id="1" sensor_id="0" label="DSC00619.JPG">
        <transform>9.8554355472993338e-001 1.6841324825497822e-001 1.8462923454679897e-002 -1.4815659919598806e+001 1.6818529578253927e-001 -9.8566588868213589e-001 1.3283906465908579e-002 3.5330006180299968e+001 2.0435459692066282e-002 -9.9866761568757709e-003 -9.9974129567929304e-001 1.6514891687112470e+000 0 0 0 1</transform>
        <rotation_covariance>1.8260298790117794e-008 5.7089127619042351e-010 4.9392870237268928e-010 5.7089127619042392e-010 5.8344494917616588e-009 -1.3636018059102593e-010 4.9392870237268928e-010 -1.3636018059102591e-010 3.0147380982428431e-010</rotation_covariance>
        <location_covariance>1.2279467193697990e-005 -1.7933924599049304e-005 -4.9747334696969990e-006 -1.7933924599049304e-005 4.1076180496536877e-005 6.7388948025294858e-006 -4.9747334696969990e-006 6.7388948025294858e-006 8.7376042018855902e-006</location_covariance>
      </camera>
      <camera id="2" sensor_id="0" label="DSC00620.JPG">
        <transform>9.9017459929185603e-001 1.3858387404477976e-001 1.8675459082817831e-002 -1.3108784425243877e+001 1.3841028698220245e-001 -9.9032148070685866e-001 1.0293556629239644e-002 3.4859181476142894e+001 1.9921229247155860e-002 -7.6075426594681920e-003 -9.9977260910667409e-001 1.6444926874690016e+000 0 0 0 1</transform>
        <rotation_covariance>1.7553193223893837e-008 6.1078228355186853e-010 4.3904624690495944e-010 6.1078228355186894e-010 5.3411645614033332e-009 -9.7252751963298448e-011 4.3904624690495949e-010 -9.7252751963298461e-011 2.7043118330853452e-010</rotation_covariance>
        <location_covariance>9.5926241561571215e-006 -1.4969314228136084e-005 -4.2198534034139472e-006 -1.4969314228136084e-005 3.9431853370060681e-005 6.4203060466493696e-006 -4.2198534034139472e-006 6.4203060466493696e-006 8.2723896702036341e-006</location_covariance>
      </camera>
      <camera id="3" sensor_id="0" label="DSC00621.JPG">
        <transform>9.9235997375926632e-001 1.2203324812453142e-001 1.8154030755884291e-002 -1.1153738329216019e+001 1.2190534089607810e-001 -9.9250951375746566e-001 7.9970595802447801e-003 3.4757725526744643e+001 1.8993955394283470e-002 -5.7228885272690346e-003 -9.9980321974145714e-001 1.5715901831051322e+000 0 0 0 1</transform>
        <rotation_covariance>1.7267354501027624e-008 7.0183110340045015e-010 3.9967029489568901e-010 7.0183110340044984e-010 5.1812647934860571e-009 -9.1680835436628615e-011 3.9967029489568895e-010 -9.1680835436628628e-011 2.5771927182754981e-010</rotation_covariance>
        <location_covariance>7.1688328346293804e-006 -1.2026161723628368e-005 -3.3713005811680515e-006 -1.2026161723628368e-005 3.9026635453926650e-005 6.1597428285125883e-006 -3.3713005811680515e-006 6.1597428285125883e-006 7.9707583179874205e-006</location_covariance>
      </camera>
      <camera id="4" sensor_id="0" label="DSC00622.JPG">
        <transform>9.9236354144716876e-001 1.2212598566315305e-001 1.7316039738804662e-002 -9.8201653447289878e+000 1.2202410494976479e-001 -9.9250365816146602e-001 6.8268841587148374e-003 3.4898933005413554e+001 1.8019972742524155e-002 -4.6617766903896364e-003 -9.9982675920403707e-001 1.5372410764147344e+000 0 0 0 1</transform>
        <rotation_covariance>1.6972818404250766e-008 7.4596896299779061e-010 3.8688583707685660e-010 7.4596896299779072e-010 5.1687292511734181e-009 -9.7188676784953043e-011 3.8688583707685670e-010 -9.7188676784953069e-011 2.5434944996504354e-010</rotation_covariance>
        <location_covariance>5.8502460715030701e-006 -1.0184267654954342e-005 -2.8373514413198084e-006 -1.0184267654954342e-005 3.9290956151611830e-005 6.0810190364045005e-006 -2.8373514413198084e-006 6.0810190364045005e-006 7.9122610162441679e-006</location_covariance>
      </camera>
      <camera id="5" sensor_id="0" label="DSC00623.JPG">
        <transform>9.9233658023218552e-001 1.2253680523391776e-001 1.5901034436663779e-002 -8.5292923497791282e+000 1.2244578978318403e-001 -9.9245338935216654e-001 6.5801616826135058e-003 3.4960473536312435e+001 1.6587347511382588e-002 -4.5827204215326467e-003 -9.9985191832394593e-001 1.5011103119757818e+000 0 0 0 1</transform>
        <rotation_covariance>1.6913661788019258e-008 8.4508815056687748e-010 3.7404856553858933e-010 8.4508815056687737e-010 5.1707047579192094e-009 -1.0421198011603121e-010 3.7404856553858927e-010 -1.0421198011603122e-010 2.5182793632479706e-010</rotation_covariance>
        <location_covariance>4.7859873866280938e-006 -8.3410722311034619e-006 -2.3347543858333378e-006 -8.3410722311034619e-006 3.9440319011972493e-005 5.9494869284678133e-006 -2.3347543858333378e-006 5.9494869284678133e-006 7.8236185369014000e-006</location_covariance>
      </camera>
      <camera id="6" sensor_id="0" label="DSC00624.JPG">
        <transform>9.9234650653657730e-001 1.2248780540767804e-001 1.5657218496955380e-002 -7.3167168923204819e+000 1.2240054240453357e-001 -9.9246002770967601e-001 6.4187707222711915e-003 3.5057110123395788e+001 1.6325384642530846e-002 -4.4531926659314453e-003 -9.9985681519473257e-001 1.4767958511092352e+000 0 0 0 1</transform>
        <rotation_covariance>1.6932148990216856e-008 7.2264206057522137e-010 3.8787433877562719e-010 7.2264206057522147e-010 5.1820135505778658e-009 -1.1690307871247345e-010 3.8787433877562724e-010 -1.1690307871247347e-010 2.5243492712083623e-010</rotation_covariance>
        <location_covariance>4.0067472928836546e-006 -6.7101476930407190e-006 -1.8776363492545754e-006 -6.7101476930407190e-006 3.9705679884259440e-005 5.8576225991245714e-006 -1.8776363492545754e-006 5.8576225991245714e-006 7.7806101831916140e-006</location_covariance>
      </camera>
      <camera id="7" sensor_id="0" label="DSC00625.JPG">
        <transform>9.9233623972492024e-001 1.2261108890698694e-001 1.5339758982800888e-002 -6.0097279833702721e+000 1.2257191328213418e-001 -9.9245356112732896e-001 3.4720426322541768e-003 3.5183614135424484e+001 1.5649709357187840e-002 -1.5652101220470123e-003 -9.9987631070763416e-001 1.4313802212764024e+000 0 0 0 1</transform>
        <rotation_covariance>1.7169038361001831e-008 6.2625416593738043e-010 4.0007188602229387e-010 6.2625416593738085e-010 5.3039724481894441e-009 -1.1615844899289637e-010 4.0007188602229398e-010 -1.1615844899289636e-010 2.5502279668780771e-010</rotation_covariance>
        <location_covariance>3.4151711193227902e-006 -4.9329200566786273e-006 -1.3958307260360022e-006 -4.9329200566786273e-006 4.0158849473324891e-005 5.7460869024037680e-006 -1.3958307260360022e-006 5.7460869024037680e-006 7.7429494480713801e-006</location_covariance>
      </camera>
      <camera id="8" sensor_id="0" label="DSC00626.JPG">
        <transform>9.9234448427021349e-001 1.2268453691583932e-001 1.4174940572382437e-002 -4.7199724212004242e+000 1.2266175525932264e-001 -9.9244546376681186e-001 2.4688550746557983e-003 3.5284709435357733e+001 1.4370745811771553e-002 -7.1123162449218973e-004 -9.9989648254926355e-001 1.3838215772345019e+000 0 0 0 1</transform>
        <rotation_covariance>1.6929409467846178e-008 4.4030707729613561e-010 3.9531629263993168e-010 4.4030707729613602e-010 5.1053150540021053e-009 -1.1280243291411511e-010 3.9531629263993168e-010 -1.1280243291411509e-010 2.5296897207532979e-010</rotation_covariance>
        <location_covariance>2.8956602942346610e-006 -3.1877214707346052e-006 -9.2522341810268081e-007 -3.1877214707346052e-006 4.0308379835316697e-005 5.6320354823569382e-006 -9.2522341810268081e-007 5.6320354823569382e-006 7.6989149934046350e-006</location_covariance>
      </camera>
      <camera id="9" sensor_id="0" label="DSC00627.JPG">
        <transform>9.9236642257196483e-001 1.2249948996886924e-001 1.4239322634431537e-002 -3.2814220330818071e+000 1.2253684214055134e-001 -9.9246237315373709e-001 -1.7776929639152631e-003 3.5399741908180900e+001 1.3914225452468780e-002 3.5089644368756600e-003 -9.9989703544846986e-001 1.3354070483245650e+000 0 0 0 1</transform>
        <rotation_covariance>1.6501781231464701e-008 4.6588249033817302e-010 3.6562237120891396e-010 4.6588249033817281e-010 5.0382559244807914e-009 -9.3240404715320235e-011 3.6562237120891396e-010 -9.3240404715320235e-011 2.4918306121378125e-010</rotation_covariance>
        <location_covariance>2.6050853831037542e-006 -1.0950500679961820e-006 -4.1031736631630080e-007 -1.0950500679961820e-006 4.0439741816547416e-005 5.5132126777377794e-006 -4.1031736631630080e-007 5.5132126777377794e-006 7.6690930282651472e-006</location_covariance>
      </camera>
      <camera id="10" sensor_id="0" label="DSC00628.JPG">
        <transform>9.9241635636862802e-001 1.2223288940876044e-001 1.2996013188755947e-002 -1.8247970836633687e+000 1.2225451902490149e-001 -9.9249839191524114e-001 -8.8012706492847815e-004 3.5455315155384682e+001 1.2790941716956482e-002 2.4622738365503694e-003 -9.9991516090993804e-001 1.3232752247427324e+000 0 0 0 1</transform>
        <rotation_covariance>1.6372771893874343e-008 6.2340256532696205e-010 3.3490648763889247e-010 6.2340256532696205e-010 5.1527848294143043e-009 -9.6018998774292259e-011 3.3490648763889247e-010 -9.6018998774292221e-011 2.4768753640244268e-010</rotation_covariance>
        <location_covariance>2.6514126129895341e-006 1.0940412155212488e-006 8.2265720014311436e-008 1.0940412155212488e-006 4.0552064427641540e-005 5.4105461822468484e-006 8.2265720014311436e-008 5.4105461822468484e-006 7.6513483574953871e-006</location_covariance>
      </camera>
      <camera id="11" sensor_id="0" label="DSC00629.JPG">
        <transform>9.9243527600123205e-001 1.2228031990482474e-001 1.0942865818989926e-002 -4.9670720347872316e-001 1.2229437277534375e-001 -9.9249367738246796e-001 -6.2188689546959506e-004 3.5468108491406554e+001 1.0784680609269582e-002 1.9554334044450377e-003 -9.9993993166807615e-001 1.2894160173398124e+000 0 0 0 1</transform>
        <rotation_covariance>1.6280337045452995e-008 5.9866992092446545e-010 2.9373864393630242e-010 5.9866992092446576e-010 5.1771545663646818e-009 -9.6992560306634739e-011 2.9373864393630242e-010 -9.6992560306634713e-011 2.4397509892468119e-010</rotation_covariance>
        <location_covariance>2.8949482229518819e-006 3.0069537709426947e-006 5.0941574021046881e-007 3.0069537709426947e-006 4.0534260473653268e-005 5.2580664140337645e-006 5.0941574021046881e-007 5.2580664140337645e-006 7.6081325809025467e-006</location_covariance>
      </camera>
      <camera id="12" sensor_id="0" label="DSC00630.JPG">
        <transform>9.9247575491504891e-001 1.2191337907115113e-001 1.1357988785822783e-002 7.5119946016180927e-001 1.2194126622144286e-001 -9.9253569773900685e-001 -1.7934062713457835e-003 3.5549098214555919e+001 1.1054569105861273e-002 3.1649197772954663e-003 -9.9993388770692582e-001 1.2443468433892166e+000 0 0 0 1</transform>
        <rotation_covariance>1.6131859406919343e-008 7.6627018760367658e-010 2.7262206997712799e-010 7.6627018760367638e-010 5.1433012232019267e-009 -9.3032152548820031e-011 2.7262206997712799e-010 -9.3032152548820018e-011 2.4148887763249528e-010</rotation_covariance>
        <location_covariance>3.2661350999582995e-006 4.9038567990257153e-006 9.0235029280887986e-007 4.9038567990257153e-006 4.0714530891008153e-005 5.1097695563380634e-006 9.0235029280887986e-007 5.1097695563380634e-006 7.6064379481853365e-006</location_covariance>
      </camera>
      <camera id="13" sensor_id="0" label="DSC00631.JPG">
        <transform>9.9247593597208539e-001 1.2202165337493945e-001 1.0111014982609867e-002 2.0801100801670307e+000 1.2203257120177172e-001 -9.9252598598832620e-001 -4.6765776523602050e-004 3.5575934602088701e+001 9.9783807412298677e-003 1.6980122340547526e-003 -9.9994877302401652e-001 1.2298562921008009e+000 0 0 0 1</transform>
        <rotation_covariance>1.6290947541191128e-008 8.6483122521619294e-010 2.4212206725047388e-010 8.6483122521619366e-010 5.2229104236507293e-009 -9.7497633540753502e-011 2.4212206725047388e-010 -9.7497633540753502e-011 2.4016751832210096e-010</rotation_covariance>
        <location_covariance>3.9405415896915014e-006 6.8682565311605432e-006 1.3125492759253535e-006 6.8682565311605432e-006 4.0869050950600629e-005 4.9618083059529540e-006 1.3125492759253535e-006 4.9618083059529540e-006 7.6123346378106496e-006</location_covariance>
      </camera>
      <camera id="14" sensor_id="0" label="DSC00632.JPG">
        <transform>9.9245601697918373e-001 1.2209741484433206e-001 1.1102956819960508e-002 3.4376627908752257e+000 1.2212294107998856e-001 -9.9251361211670208e-001 -1.6483400832990524e-003 3.5729973276681250e+001 1.0818577715599671e-002 2.9918307752358070e-003 -9.9993700167801769e-001 1.2400846322926538e+000 0 0 0 1</transform>
        <rotation_covariance>1.6375525569556188e-008 8.3503105600362703e-010 2.5325181164563853e-010 8.3503105600362610e-010 5.1973047293179813e-009 -8.5440467416535983e-011 2.5325181164563853e-010 -8.5440467416535996e-011 2.4181537901389224e-010</rotation_covariance>
        <location_covariance>4.8246439940369040e-006 8.8605833724930483e-006 1.7462517971082928e-006 8.8605833724930483e-006 4.1348477375425835e-005 4.9113789496458989e-006 1.7462517971082928e-006 4.9113789496458989e-006 7.7184202729761694e-006</location_covariance>
      </camera>
      <camera id="15" sensor_id="0" label="DSC00633.JPG">
        <transform>9.9248964640737902e-001 1.2186925723323982e-001 1.0591785287333219e-002 4.7925417420855370e+000 1.2188476621828309e-001 -9.9254391174175138e-001 -8.2887170105471711e-004 3.5796385153024573e+001 1.0411798022869255e-002 2.1136238550777398e-003 -9.9994356193543754e-001 1.2526592148944582e+000 0 0 0 1</transform>
        <rotation_covariance>1.6100081640501365e-008 8.9154484714038327e-010 2.4082913172766363e-010 8.9154484714038327e-010 5.0979254801564737e-009 -8.4487292792928044e-011 2.4082913172766363e-010 -8.4487292792928031e-011 2.4138471931828373e-010</rotation_covariance>
        <location_covariance>5.8875104177623999e-006 1.0892117396197179e-005 2.1590776658988281e-006 1.0892117396197179e-005 4.1420140628438324e-005 4.8433094809276446e-006 2.1590776658988281e-006 4.8433094809276446e-006 7.7864059135215650e-006</location_covariance>
      </camera>
      <camera id="16" sensor_id="0" label="DSC00634.JPG">
        <transform>9.9250015841885530e-001 1.2183642949966057e-001 9.9659412662393091e-003 6.1311802938832285e+000 1.2186176125494140e-001 -9.9254512143476126e-001 -1.9730838549373783e-003 3.5885895731664078e+001 9.6512528923221961e-003 3.1727531938662550e-003 -9.9994839214570430e-001 1.1897570598925036e+000 0 0 0 1</transform>
        <rotation_covariance>1.6110898866917881e-008 1.0722356449215632e-009 2.3052451630032079e-010 1.0722356449215632e-009 5.1198705333122927e-009 -7.7636694641933147e-011 2.3052451630032084e-010 -7.7636694641933147e-011 2.4229512846714587e-010</rotation_covariance>
        <location_covariance>7.1803597855923895e-006 1.2971439478155795e-005 2.5172248740789617e-006 1.2971439478155795e-005 4.1711546105199338e-005 4.6820330785772023e-006 2.5172248740789617e-006 4.6820330785772023e-006 7.8226648683746034e-006</location_covariance>
      </camera>
      <camera id="17" sensor_id="0" label="DSC00635.JPG">
        <transform>9.9253515988141561e-001 1.2154427640556958e-001 1.0047152443358090e-002 7.4650497120844195e+000 1.2158571667718934e-001 -9.9257433474670520e-001 -3.6198759964792648e-003 3.6018256732994381e+001 9.5325704438949284e-003 4.8144444313071109e-003 -9.9994297398679188e-001 1.1457949513673278e+000 0 0 0 1</transform>
        <rotation_covariance>1.5884020084373797e-008 1.1883453228553801e-009 2.2871135165786397e-010 1.1883453228553803e-009 5.0299545783086184e-009 -6.2243574071036040e-011 2.2871135165786392e-010 -6.2243574071036053e-011 2.4205337033147834e-010</rotation_covariance>
        <location_covariance>8.6434315586950350e-006 1.5066104818796068e-005 2.8707278256072586e-006 1.5066104818796068e-005 4.2015904326090862e-005 4.5645141362780069e-006 2.8707278256072586e-006 4.5645141362780069e-006 7.9092974578276514e-006</location_covariance>
      </camera>
      <camera id="18" sensor_id="0" label="DSC00636.JPG">
        <transform>9.9251533146606696e-001 1.2173940285181169e-001 9.6350712549217680e-003 8.7940056219237182e+000 1.2178858552978074e-001 -9.9254497505348260e-001 -4.6917939785220599e-003 3.6144162460962299e+001 8.9920653611058523e-003 5.8301191553788902e-003 -9.9994257458674884e-001 1.1658910929888044e+000 0 0 0 1</transform>
        <rotation_covariance>1.5801053697936667e-008 1.3279141957653151e-009 2.1603790425606150e-010 1.3279141957653149e-009 5.0942208173615153e-009 -5.9567460937204993e-011 2.1603790425606145e-010 -5.9567460937204980e-011 2.4288183266034719e-010</rotation_covariance>
        <location_covariance>1.0407011511470958e-005 1.7181582203696108e-005 3.2456164000963230e-006 1.7181582203696108e-005 4.2367026860441547e-005 4.5177838443983270e-006 3.2456164000963230e-006 4.5177838443983270e-006 8.0534412514395183e-006</location_covariance>
      </camera>
      <camera id="19" sensor_id="0" label="DSC00637.JPG">
        <transform>9.9245103356726516e-001 1.2233896875517231e-001 8.6094538263166345e-003 1.0062692569248158e+001 1.2237115998756826e-001 -9.9247887038716953e-001 -3.3152734887110344e-003 3.6273201622477423e+001 8.1391138684429581e-003 4.3437954520151954e-003 -9.9995744222767180e-001 1.1427920976252579e+000 0 0 0 1</transform>
        <rotation_covariance>1.6034873523506457e-008 1.3665546636755935e-009 1.9965932866773182e-010 1.3665546636755937e-009 5.3067261353790495e-009 -6.5381631264568190e-011 1.9965932866773182e-010 -6.5381631264568190e-011 2.4840586699968510e-010</rotation_covariance>
        <location_covariance>1.2361257344815400e-005 1.9174770121021143e-005 3.5707328155118596e-006 1.9174770121021143e-005 4.2863082243493719e-005 4.4275603125860780e-006 3.5707328155118596e-006 4.4275603125860780e-006 8.1797308929349309e-006</location_covariance>
      </camera>
      <camera id="20" sensor_id="0" label="DSC00638.JPG">
        <transform>9.9248987799164801e-001 1.2197562228293396e-001 9.2622703919695674e-003 1.1339276538469905e+001 1.2203880064204814e-001 -9.9250344472854868e-001 -6.5911561819770184e-003 3.6369914681306859e+001 8.3888748931763846e-003 7.6720121647325884e-003 -9.9993538141590477e-001 1.0986638694516582e+000 0 0 0 1</transform>
        <rotation_covariance>1.6036804381987441e-008 1.2984328908002338e-009 2.0099998277701548e-010 1.2984328908002336e-009 5.4663914822107446e-009 -5.5184649386749154e-011 2.0099998277701545e-010 -5.5184649386749154e-011 2.5026410927334094e-010</rotation_covariance>
        <location_covariance>1.4498651188457758e-005 2.1143546432036945e-005 3.8780430514276589e-006 2.1143546432036945e-005 4.3155896983096919e-005 4.2711637542970980e-006 3.8780430514276589e-006 4.2711637542970980e-006 8.2865912833397833e-006</location_covariance>
      </camera>
      <camera id="21" sensor_id="0" label="DSC00639.JPG">
        <transform>9.9244981211530570e-001 1.2236790399129940e-001 8.3346568658187580e-003 1.2426644590201263e+001 1.2242332349755167e-001 -9.9245670282811560e-001 -6.4979131541829625e-003 3.6464184768552663e+001 7.4766500592593375e-003 7.4692090827356734e-003 -9.9994415375038304e-001 1.0739651921098869e+000 0 0 0 1</transform>
        <rotation_covariance>1.6061792407856004e-008 1.3061729279670511e-009 1.8605373511976953e-010 1.3061729279670511e-009 5.5162516436500797e-009 -5.0744426904082373e-011 1.8605373511976951e-010 -5.0744426904082385e-011 2.5116241911920383e-010</rotation_covariance>
        <location_covariance>1.6437687237041548e-005 2.2864178323230097e-005 4.1242882797460548e-006 2.2864178323230097e-005 4.3459489620562178e-005 4.1682447256266440e-006 4.1242882797460548e-006 4.1682447256266440e-006 8.4016197111021634e-006</location_covariance>
      </camera>
      <camera id="22" sensor_id="0" label="DSC00640.JPG">
        <transform>9.9255227291365244e-001 1.2154554228207816e-001 8.1649669502533613e-003 1.3549907232880033e+001 1.2161376290225116e-001 -9.9254150176853551e-001 -8.4533981223698373e-003 3.6636084844883612e+001 7.0765956997851870e-003 9.3834118749950082e-003 -9.9993093430240765e-001 1.0372618476592028e+000 0 0 0 1</transform>
        <rotation_covariance>1.6091513730343415e-008 1.2591215724439999e-009 1.8878853371893067e-010 1.2591215724439999e-009 5.5529781926478738e-009 -4.1452712883836486e-011 1.8878853371893067e-010 -4.1452712883836498e-011 2.5352195632783033e-010</rotation_covariance>
        <location_covariance>1.8589625764073227e-005 2.4710260296684579e-005 4.3780820145958748e-006 2.4710260296684579e-005 4.4001308809125828e-005 4.0670984313994966e-006 4.3780820145958748e-006 4.0670984313994966e-006 8.5668928293520297e-006</location_covariance>
      </camera>
      <camera id="23" sensor_id="0" label="DSC00641.JPG">
        <transform>9.9252806700510388e-001 1.2174538721723392e-001 8.1299999039595693e-003 1.4712529215217414e+001 1.2181191126103987e-001 -9.9251883423217935e-001 -8.2596591532717190e-003 3.6698794214214018e+001 7.0636026250882455e-003 9.1882743603711754e-003 -9.9993283831077040e-001 9.9649490127393536e-001 0 0 0 1</transform>
        <rotation_covariance>1.6186724661275365e-008 1.2840291305422363e-009 1.9609171794348946e-010 1.2840291305422361e-009 5.5776647191165925e-009 -3.5348210319149429e-011 1.9609171794348946e-010 -3.5348210319149422e-011 2.5777160049481078e-010</rotation_covariance>
        <location_covariance>2.0969416812914518e-005 2.6549464038451534e-005 4.5921627445433016e-006 2.6549464038451534e-005 4.4248311047938803e-005 3.9307496938955019e-006 4.5921627445433016e-006 3.9307496938955019e-006 8.6786246215546309e-006</location_covariance>
      </camera>
      <camera id="24" sensor_id="0" label="DSC00642.JPG">
        <transform>9.9254386333261224e-001 1.2164171512378628e-001 7.7441915339714158e-003 1.5745962217870124e+001 1.2170337142481701e-001 -9.9253378636989908e-001 -8.0605395641039981e-003 3.6744065065339448e+001 6.7058738881856190e-003 8.9429332981450053e-003 -9.9993752564818805e-001 9.5173709363201953e-001 0 0 0 1</transform>
        <rotation_covariance>1.6257813913952371e-008 1.2748690465609038e-009 1.9734268449606971e-010 1.2748690465609042e-009 5.7103513431671091e-009 -3.5730604790126542e-011 1.9734268449606976e-010 -3.5730604790126542e-011 2.6403275520949480e-010</rotation_covariance>
        <location_covariance>2.3275000628483868e-005 2.8176856773757724e-005 4.7630075064444287e-006 2.8176856773757724e-005 4.4427151641466358e-005 3.7982612009442846e-006 4.7630075064444287e-006 3.7982612009442846e-006 8.7763780117434403e-006</location_covariance>
      </camera>
      <camera id="25" sensor_id="0" label="DSC00643.JPG">
        <transform>9.9258123526922526e-001 1.2130218550777729e-001 8.2626377419182696e-003 1.6640020542594261e+001 1.2136972030180869e-001 -9.9257324982952366e-001 -8.2301103709883690e-003 3.6795819821569381e+001 7.2029428206887803e-003 9.1718871501294905e-003 -9.9993199473805572e-001 9.2597590612317449e-001 0 0 0 1</transform>
        <rotation_covariance>1.6258041099144100e-008 1.3918947123593095e-009 2.2007042320687036e-010 1.3918947123593097e-009 5.7414108295703919e-009 -3.7046783608544332e-011 2.2007042320687039e-010 -3.7046783608544319e-011 2.6947811369937736e-010</rotation_covariance>
        <location_covariance>2.5331294812897631e-005 2.9659289665580376e-005 4.9101692953852510e-006 2.9659289665580376e-005 4.4606174147874757e-005 3.6972202586689557e-006 4.9101692953852510e-006 3.6972202586689557e-006 8.8841969125573962e-006</location_covariance>
      </camera>
      <camera id="26" sensor_id="0" label="DSC00644.JPG">
        <transform>9.9266988080050567e-001 1.2058041442444077e-001 8.1774940378771255e-003 1.6897224468228046e+001 1.2065832620389498e-001 -9.9264555967772627e-001 -9.8163725361326611e-003 3.6833107530016690e+001 6.9336908774382333e-003 1.0731100098488754e-002 -9.9991838037986502e-001 9.1164440790099555e-001 0 0 0 1</transform>
        <rotation_covariance>1.6598110611971484e-008 1.3870220811022525e-009 2.3239166230315451e-010 1.3870220811022529e-009 5.8711190910670474e-009 -3.0725519145352124e-011 2.3239166230315451e-010 -3.0725519145352124e-011 2.7326632626193009e-010</rotation_covariance>
        <location_covariance>2.5999854874829213e-005 3.0090492448588985e-005 4.9451782978280163e-006 3.0090492448588985e-005 4.4874016219372753e-005 3.6590165598236219e-006 4.9451782978280163e-006 3.6590165598236219e-006 8.9270554279258678e-006</location_covariance>
      </camera>
      <camera id="27" sensor_id="0" label="DSC00645.JPG">
        <transform>9.9266674837053137e-001 1.2075402309142690e-001 5.5850323822109913e-003 1.7034256487305317e+001 1.2079369330381269e-001 -9.9264994526665784e-001 -7.4141634811806020e-003 3.4603344803255816e+001 4.6486920203041562e-003 8.0344302434197483e-003 -9.9995691786854701e-001 9.0907022013801930e-001 0 0 0 1</transform>
        <rotation_covariance>1.6012221908508731e-008 1.2470089790462161e-009 1.8670960355567647e-010 1.2470089790462159e-009 5.6827608402948307e-009 -1.0068962330544093e-011 1.8670960355567647e-010 -1.0068962330544080e-011 2.5273987840546247e-010</rotation_covariance>
        <location_covariance>2.6211865666739508e-005 2.7572307457904063e-005 4.4699475679840867e-006 2.7572307457904063e-005 3.8037763270356053e-005 2.8168457291656869e-006 4.4699475679840867e-006 2.8168457291656869e-006 7.7009275259310104e-006</location_covariance>
      </camera>
      <camera id="28" sensor_id="0" label="DSC00646.JPG">
        <transform>9.9266436692178406e-001 1.2083813665375695e-001 3.9496042614200156e-003 1.6459670228393534e+001 1.2085766567582884e-001 -9.9265649148447654e-001 -5.1492291771619387e-003 3.4690491217519025e+001 3.2983770499219233e-003 5.5887962726611637e-003 -9.9997894281082700e-001 8.6884197666487228e-001 0 0 0 1</transform>
        <rotation_covariance>1.6363301743106480e-008 1.3853385579906138e-009 1.4943055535883411e-010 1.3853385579906134e-009 5.7295345731726025e-009 -2.2639920574568104e-011 1.4943055535883411e-010 -2.2639920574568104e-011 2.5073965192241122e-010</rotation_covariance>
        <location_covariance>2.4842901458050280e-005 2.6919774180168507e-005 4.3597651298207921e-006 2.6919774180168507e-005 3.8442559209485849e-005 2.8633589621258373e-006 4.3597651298207921e-006 2.8633589621258373e-006 7.6593418714404085e-006</location_covariance>
      </camera>
      <camera id="29" sensor_id="0" label="DSC00647.JPG">
        <transform>9.9272981943757554e-001 1.2033838517009245e-001 2.4856898625177284e-003 1.4698862286064639e+001 1.2035482601894658e-001 -9.9269773343493239e-001 -8.1194757895427742e-003 3.4735311735054054e+001 1.4904540876022985e-003 8.3596105054209464e-003 -9.9996394707949865e-001 9.1983853753435063e-001 0 0 0 1</transform>
        <rotation_covariance>1.6535251949799692e-008 1.3377772284809926e-009 1.2153619831574685e-010 1.3377772284809924e-009 5.5597034201306020e-009 -1.3197216886909488e-011 1.2153619831574688e-010 -1.3197216886909488e-011 2.4007324998279188e-010</rotation_covariance>
        <location_covariance>2.0868736947389916e-005 2.4458992426141800e-005 4.1209211439081531e-006 2.4458992426141800e-005 3.8615635212013823e-005 3.1011688774114570e-006 4.1209211439081531e-006 3.1011688774114570e-006 7.5368418787827491e-006</location_covariance>
      </camera>
      <camera id="30" sensor_id="0" label="DSC00648.JPG">
        <transform>9.9271415794848017e-001 1.2047518843002336e-001 2.0807646165223207e-003 1.2940766516549951e+001 1.2048665788536450e-001 -9.9269194149881856e-001 -6.7582952673882210e-003 3.4550630634059992e+001 1.2513513711732561e-003 6.9597597700233960e-003 -9.9997499761928521e-001 9.6127795297257035e-001 0 0 0 1</transform>
        <rotation_covariance>1.6724785901045158e-008 1.2809345828204756e-009 1.0720661039253725e-010 1.2809345828204753e-009 5.5856802544932238e-009 -2.0256633566680918e-011 1.0720661039253726e-010 -2.0256633566680927e-011 2.3718654471368616e-010</rotation_covariance>
        <location_covariance>1.7366507892874790e-005 2.1781881219341374e-005 3.8042516442325293e-006 2.1781881219341374e-005 3.8157991817044550e-005 3.2432853528049402e-006 3.8042516442325293e-006 3.2432853528049402e-006 7.3170655286088093e-006</location_covariance>
      </camera>
      <camera id="31" sensor_id="0" label="DSC00649.JPG">
        <transform>9.9264206503399022e-001 1.2106296748322848e-001 2.3427823650901971e-003 1.1493387671276929e+001 1.2107560100969336e-001 -9.9262308118327147e-001 -6.3338410439536183e-003 3.4421074310282755e+001 1.5587062574295685e-003 6.5708908363553715e-003 -9.9997719665421358e-001 9.9750595278579446e-001 0 0 0 1</transform>
        <rotation_covariance>1.7021082708079323e-008 1.4433745566846820e-009 1.1289079391937229e-010 1.4433745566846828e-009 5.4582765868830492e-009 -2.0659105465705092e-011 1.1289079391937231e-010 -2.0659105465705092e-011 2.3470381942206300e-010</rotation_covariance>
        <location_covariance>1.4686749368238335e-005 1.9705676877236219e-005 3.5171424594501753e-006 1.9705676877236219e-005 3.7931149531642507e-005 3.3739226900181612e-006 3.5171424594501753e-006 3.3739226900181612e-006 7.1663507832678974e-006</location_covariance>
      </camera>
      <camera id="32" sensor_id="0" label="DSC00650.JPG">
        <transform>9.9258605719142590e-001 1.2149894164276294e-001 3.3054876898482863e-003 1.0005383970281949e+001 1.2151849690852513e-001 -9.9256753643606943e-001 -6.5529018247395066e-003 3.4342799453810947e+001 2.4847491366376878e-003 6.9059968810006840e-003 -9.9997306625169036e-001 1.0238258771983324e+000 0 0 0 1</transform>
        <rotation_covariance>1.7417806165324280e-008 1.7730164890110582e-009 1.2911666675597971e-010 1.7730164890110580e-009 5.3963120829829172e-009 -1.5596375162868358e-011 1.2911666675597971e-010 -1.5596375162868367e-011 2.3274308661128663e-010</rotation_covariance>
        <location_covariance>1.2211055982360363e-005 1.7711960568063456e-005 3.1944810145167592e-006 1.7711960568063456e-005 3.7915696355952703e-005 3.5320674374330989e-006 3.1944810145167592e-006 3.5320674374330989e-006 7.0481831399539408e-006</location_covariance>
      </camera>
      <camera id="33" sensor_id="0" label="DSC00651.JPG">
        <transform>9.9259489970972614e-001 1.2142512881712315e-001 3.3620175465754755e-003 8.6724010034035164e+000 1.2144896091013115e-001 -9.9256428534159857e-001 -8.1418276922992864e-003 3.4309236310500623e+001 2.3483960670783398e-003 8.4898501792849013e-003 -9.9996120298731861e-001 1.0570945475902380e+000 0 0 0 1</transform>
        <rotation_covariance>1.6938657961958679e-008 1.6768250640092214e-009 1.2241095938757071e-010 1.6768250640092214e-009 5.1581963656209257e-009 -1.6695489683319194e-011 1.2241095938757073e-010 -1.6695489683319200e-011 2.2820188461041519e-010</rotation_covariance>
        <location_covariance>1.0178692617479113e-005 1.5831081247440990e-005 2.9022040148030744e-006 1.5831081247440990e-005 3.7603285280840061e-005 3.6748955294173428e-006 2.9022040148030744e-006 3.6748955294173428e-006 6.9806033339876978e-006</location_covariance>
      </camera>
      <camera id="34" sensor_id="0" label="DSC00652.JPG">
        <transform>9.9253571440434474e-001 1.2189933050013883e-001 3.6618104096309955e-003 7.3622060020801419e+000 1.2192946313413060e-001 -9.9249217832706194e-001 -9.6167551401846740e-003 3.4252059888015275e+001 2.4620421769030974e-003 9.9914555106601216e-003 -9.9994705318086596e-001 1.1263723036587654e+000 0 0 0 1</transform>
        <rotation_covariance>1.6977084888932862e-008 1.5359182188539877e-009 1.2474524959349630e-010 1.5359182188539879e-009 5.0780087096309296e-009 -9.7534786189256438e-012 1.2474524959349630e-010 -9.7534786189256373e-012 2.2612290711859376e-010</rotation_covariance>
        <location_covariance>8.4775851398590790e-006 1.3929782971675315e-005 2.6258368576604181e-006 1.3929782971675315e-005 3.7451319908552778e-005 3.8515160319366911e-006 2.6258368576604181e-006 3.8515160319366911e-006 6.9423325282532254e-006</location_covariance>
      </camera>
      <camera id="35" sensor_id="0" label="DSC00653.JPG">
        <transform>9.9255941919117108e-001 1.2170584591951365e-001 3.6723893994958954e-003 6.1048244129557725e+000 1.2173575864238716e-001 -9.9251725080168796e-001 -9.4821900857228938e-003 3.4155909338711787e+001 2.4908718651083976e-003 9.8586981937232848e-003 -9.9994829947716635e-001 1.1786088253882805e+000 0 0 0 1</transform>
        <rotation_covariance>1.7262626997617582e-008 1.4141850814947012e-009 1.1691672591786767e-010 1.4141850814947007e-009 5.0552928176862492e-009 -1.6031173738928707e-011 1.1691672591786761e-010 -1.6031173738928707e-011 2.2469191114037038e-010</rotation_covariance>
        <location_covariance>7.0631440990747102e-006 1.2095285724518789e-005 2.3249697665743087e-006 1.2095285724518789e-005 3.7311319721804589e-005 3.9844952662855586e-006 2.3249697665743087e-006 3.9844952662855586e-006 6.8872287363343798e-006</location_covariance>
      </camera>
      <camera id="36" sensor_id="0" label="DSC00654.JPG">
        <transform>9.9252329694149743e-001 1.2197400200292796e-001 4.4550941370579532e-003 4.6755414054434015e+000 1.2202295024081433e-001 -9.9243951721604529e-001 -1.3198646995454491e-002 3.4132197156105150e+001 2.8115196794743242e-003 1.3643588361299846e-002 -9.9990296921937349e-001 1.1992917058257582e+000 0 0 0 1</transform>
        <rotation_covariance>1.8244380547997507e-008 1.3411101453049710e-009 1.2531037020106447e-010 1.3411101453049714e-009 5.2587715889302432e-009 -2.5717597426001264e-012 1.2531037020106450e-010 -2.5717597426001200e-012 2.2631060449829097e-010</rotation_covariance>
        <location_covariance>5.7827218891060128e-006 1.0073902630423028e-005 1.9404135368290890e-006 1.0073902630423028e-005 3.7686716958496916e-005 4.1176260367582912e-006 1.9404135368290890e-006 4.1176260367582912e-006 6.8558498072160540e-006</location_covariance>
      </camera>
      <camera id="37" sensor_id="0" label="DSC00655.JPG">
        <transform>9.9247206666722920e-001 1.2240716936845207e-001 3.9600217779517978e-003 3.0014340019009795e+000 1.2243966478731104e-001 -9.9243144523673854e-001 -9.3997336180039991e-003 3.3964759080060460e+001 2.7794553512643133e-003 9.8138367890247304e-003 -9.9994798026468790e-001 1.2262647264031623e+000 0 0 0 1</transform>
        <rotation_covariance>1.7943433640893364e-008 9.9875420026665199e-010 1.2471419922750564e-010 9.9875420026665199e-010 5.1651881941184595e-009 -1.3493811674940651e-011 1.2471419922750564e-010 -1.3493811674940647e-011 2.2225064105690766e-010</rotation_covariance>
        <location_covariance>4.4659485799630401e-006 7.6087599259835307e-006 1.4750935594404356e-006 7.6087599259835307e-006 3.7058666764017313e-005 4.2400657340891865e-006 1.4750935594404356e-006 4.2400657340891865e-006 6.7628688947235035e-006</location_covariance>
      </camera>
      <camera id="38" sensor_id="0" label="DSC00656.JPG">
        <transform>9.9251801278917107e-001 1.2200067847660070e-001 4.8814690703554535e-003 1.7003514229179109e+000 1.2204873173787040e-001 -9.9246095556266423e-001 -1.1196372842165346e-002 3.3875022085923241e+001 3.4787023748934060e-003 1.1708378832807112e-002 -9.9992540346512571e-001 1.2579485819861200e+000 0 0 0 1</transform>
        <rotation_covariance>1.7535253552860290e-008 9.5191775896489462e-010 1.4832998340483642e-010 9.5191775896489421e-010 5.0536086601340638e-009 -5.6215358839890924e-012 1.4832998340483640e-010 -5.6215358839890730e-012 2.2015018863707558e-010</rotation_covariance>
        <location_covariance>3.6354457638724249e-006 5.8340448291295565e-006 1.1107097518101118e-006 5.8340448291295565e-006 3.6630038392946239e-005 4.3610286612763394e-006 1.1107097518101118e-006 4.3610286612763394e-006 6.7314075604081665e-006</location_covariance>
      </camera>
      <camera id="39" sensor_id="0" label="DSC00657.JPG">
        <transform>9.9249585085817682e-001 1.2215690490420512e-001 5.4476245766600095e-003 3.9836936047244820e-001 1.2221191427847468e-001 -9.9243998679752554e-001 -1.1274777768009803e-002 3.3747253075787924e+001 4.0291485073155157e-003 1.1855934781881834e-002 -9.9992159831296457e-001 1.3314255573647471e+000 0 0 0 1</transform>
        <rotation_covariance>1.7756325919472841e-008 9.6655103752654346e-010 1.6934350313538475e-010 9.6655103752654346e-010 5.1432782383821965e-009 -1.0354237596023910e-013 1.6934350313538477e-010 -1.0354237596023021e-013 2.2279693751195000e-010</rotation_covariance>
        <location_covariance>3.1120838415217375e-006 4.0649061797771166e-006 7.3917666793368517e-007 4.0649061797771166e-006 3.6400251422196055e-005 4.5293806587014561e-006 7.3917666793368517e-007 4.5293806587014561e-006 6.7267431290408816e-006</location_covariance>
      </camera>
      <camera id="40" sensor_id="0" label="DSC00658.JPG">
        <transform>9.9249795014310194e-001 1.2211377447909319e-001 6.0037525107483848e-003 -1.0145162710542261e+000 1.2218115204984184e-001 -9.9242844004752095e-001 -1.2552189793717670e-002 3.3671122937806274e+001 4.4254994649845928e-003 1.3191568038457318e-002 -9.9990319405789085e-001 1.3233986621164766e+000 0 0 0 1</transform>
        <rotation_covariance>1.7695038114867845e-008 7.7342712360777810e-010 2.0761199135922535e-010 7.7342712360777779e-010 5.1426884545240940e-009 9.8295106410546428e-012 2.0761199135922535e-010 9.8295106410546412e-012 2.2613687921875013e-010</rotation_covariance>
        <location_covariance>2.7297423776947946e-006 2.0876016097431379e-006 2.9623018635700680e-007 2.0876016097431379e-006 3.6151660856038709e-005 4.6237305432274629e-006 2.9623018635700680e-007 4.6237305432274629e-006 6.6990946806793875e-006</location_covariance>
      </camera>
      <camera id="41" sensor_id="0" label="DSC00659.JPG">
        <transform>9.9254991399719739e-001 1.2163423923959028e-001 7.0554991859637529e-003 -2.1747719652821056e+000 1.2171809558912390e-001 -9.9247941619665403e-001 -1.3012057181927324e-002 3.3557145946600592e+001 5.4197260367954969e-003 1.3773898161194696e-002 -9.9989044714865194e-001 1.3456754750979243e+000 0 0 0 1</transform>
