<?xml version="1.0" encoding="UTF-8"?>
<document version="1.5.0">
  <chunk label="SonyA9" enabled="true">
    <sensors next_id="1">
      <sensor id="0" label="SonyA9" type="frame">
        <resolution width="6000" height="4000"/>
        <property name="pixel_width" value="0.006"/>
        <property name="pixel_height" value="0.006"/>
        <property name="focal_length" value="55"/>
        <property name="fixed" value="true"/>
        <property name="layer_index" value="0"/>
        <calibration type="frame" class="initial">
          <resolution width="6000" height="4000"/>
          <f>9227.77018581081</f>
          <cx>-37.8304617831239</cx>
          <cy>31.7622333680372</cy>
          <k1>-0.017282082281574</k1>
        </calibration>
      </sensor>
    </sensors>
    <cameras next_id="603" next_group_id="0">
      <camera id="0" sensor_id="0" label="DSC00620.JPG">
        <transform>9.9618790317911377e-001 8.4021724271707413e-002 2.3452322060092946e-002 -1.3376409105537717e+000 8.3236492771954065e-002 -9.9599444095246459e-001 3.2661289974710045e-002 2.7345947461413438e+001 2.6102640299892791e-002 -3.0584692939390937e-002 -9.9919128735551810e-001 1.0958650773627361e+000 0 0 0 1</transform>
        <rotation_covariance>2.5107352688276187e-008 3.3784728214600146e-010 3.7284485685750949e-010 3.3784728214600218e-010 8.6427024653893896e-009 -2.3740304120344969e-010 3.7284485685750964e-010 -2.3740304120344974e-010 4.2256861198309519e-010</rotation_covariance>
        <location_covariance>4.1068238314660587e-006 -2.0508068481370709e-006 -7.0423409693204521e-008 -2.0508068481370709e-006 9.5822666416254959e-006 6.1890075797629548e-007 -7.0423409693204521e-008 6.1890075797629548e-007 5.6630852038768746e-006</location_covariance>
      </camera>
      <camera id="1" sensor_id="0" label="DSC00621.JPG">
        <transform>9.9825169421427007e-001 5.4831773964254753e-002 2.2068791590690928e-002 -7.3612537737466122e-001 5.4208947189359737e-002 -9.9813990065900993e-001 2.7894959348294199e-002 2.6987262345897474e+001 2.3557271551724376e-002 -2.6649864471600112e-002 -9.9936721963484654e-001 1.0410439998945793e+000 0 0 0 1</transform>
        <rotation_covariance>2.4254855237199998e-008 1.9023317930707687e-010 3.3211043587406245e-010 1.9023317930707672e-010 8.3605732553834916e-009 -1.8283957927988626e-010 3.3211043587406234e-010 -1.8283957927988629e-010 3.9887068142852067e-010</rotation_covariance>
        <location_covariance>3.8495009832817308e-006 -1.7239654041225996e-006 -2.4187435675078704e-008 -1.7239654041225996e-006 9.0301668413729942e-006 6.6539630330312974e-007 -2.4187435675078704e-008 6.6539630330312974e-007 5.4219911257084675e-006</location_covariance>
      </camera>
      <camera id="2" sensor_id="0" label="DSC00622.JPG">
        <transform>9.9921345518905591e-001 3.2222334133721553e-002 2.3112597260459011e-002 6.2270154757802665e-001 3.1702675471572100e-002 -9.9924386802570986e-001 2.2508500193525176e-002 2.6554700681304002e+001 2.3820397500746191e-002 -2.1758065079242335e-002 -9.9947945214842404e-001 9.9759191405569470e-001 0 0 0 1</transform>
        <rotation_covariance>2.4034019546119630e-008 1.9118966438375103e-010 3.9466321993923204e-010 1.9118966438375101e-010 8.2153443015050353e-009 -1.1186665775388718e-010 3.9466321993923204e-010 -1.1186665775388716e-010 3.7430528429238437e-010</rotation_covariance>
        <location_covariance>3.5997568005931317e-006 -1.2413476930929618e-006 1.3562122523843434e-007 -1.2413476930929618e-006 8.7132857362915538e-006 7.4982342871597310e-007 1.3562122523843434e-007 7.4982342871597310e-007 5.1663618870355336e-006</location_covariance>
      </camera>
      <camera id="3" sensor_id="0" label="DSC00623.JPG">
        <transform>9.9974426892034995e-001 7.1781761315322795e-003 2.1444592519791920e-002 2.4651612077382232e+000 6.7405151815494221e-003 -9.9976893207273010e-001 2.0411955252744925e-002 2.6253025733247402e+001 2.1586157972240384e-002 -2.0262187679948571e-002 -9.9956164468952091e-001 9.5275606272959767e-001 0 0 0 1</transform>
        <rotation_covariance>2.3336886885346149e-008 2.4437922218696098e-010 3.8863161170672136e-010 2.4437922218696098e-010 8.0398693297686082e-009 -9.3266789869717580e-011 3.8863161170672131e-010 -9.3266789869717619e-011 3.5647281734809159e-010</rotation_covariance>
        <location_covariance>3.4212668346738854e-006 -6.3557155826179094e-007 4.0121780224569637e-007 -6.3557155826179094e-007 8.2712546472914694e-006 8.4893311393286860e-007 4.0121780224569637e-007 8.4893311393286860e-007 5.0206705722933102e-006</location_covariance>
      </camera>
      <camera id="4" sensor_id="0" label="DSC00624.JPG">
        <transform>9.9977345613123114e-001 5.7396623434262575e-003 2.0496162850542524e-002 4.3022057711532007e+000 5.4172565568460715e-003 -9.9986126873469638e-001 1.5751082998973178e-002 2.6193212299536818e+001 2.0583725289893787e-002 -1.5636481715101010e-002 -9.9966584951810944e-001 8.9996264884048993e-001 0 0 0 1</transform>
        <rotation_covariance>2.2928268803349405e-008 3.1229190209855215e-010 3.9074928193819069e-010 3.1229190209855215e-010 7.9879210277539061e-009 -5.9495909379326015e-011 3.9074928193819069e-010 -5.9495909379325989e-011 3.4794790203596888e-010</rotation_covariance>
        <location_covariance>3.4618243303596193e-006 -1.7932215350234458e-007 6.9840737593591585e-007 -1.7932215350234458e-007 8.0939799818428978e-006 9.7654522977865997e-007 6.9840737593591585e-007 9.7654522977865997e-007 5.0244991986399272e-006</location_covariance>
      </camera>
      <camera id="5" sensor_id="0" label="DSC00625.JPG">
        <transform>9.9980414789916239e-001 7.5167342358422266e-003 1.8307499830884255e-002 5.9051035401231218e+000 7.2822978510861062e-003 -9.9989106252720106e-001 1.2838660998445845e-002 2.6168855315063670e+001 1.8402010260788804e-002 -1.2702825853040146e-002 -9.9974997085956907e-001 8.7462111087710059e-001 0 0 0 1</transform>
        <rotation_covariance>2.2806113734447408e-008 2.7980723206203957e-010 3.6156365098113336e-010 2.7980723206203962e-010 7.9348006204652529e-009 -4.3145934775902329e-011 3.6156365098113342e-010 -4.3145934775902322e-011 3.4147776776827569e-010</rotation_covariance>
        <location_covariance>3.6389349172229907e-006 1.8343266064829671e-007 9.5913019822995369e-007 1.8343266064829671e-007 8.0795092411552411e-006 1.0849727281336192e-006 9.5913019822995369e-007 1.0849727281336192e-006 5.0771961210480870e-006</location_covariance>
      </camera>
      <camera id="6" sensor_id="0" label="DSC00626.JPG">
        <transform>9.9983422570881020e-001 8.1641504180190901e-003 1.6274758038621474e-002 7.5778096973024995e+000 7.9918861884173305e-003 -9.9991164930098342e-001 1.0621833520558227e-002 2.6188768277769178e+001 1.6360038398949429e-002 -1.0490006679646528e-002 -9.9981113661703425e-001 8.5677682409910627e-001 0 0 0 1</transform>
        <rotation_covariance>2.3197363152722902e-008 1.4585262170194567e-010 3.3245183148080085e-010 1.4585262170194565e-010 8.1393489983649730e-009 -3.6837226096722410e-011 3.3245183148080085e-010 -3.6837226096722410e-011 3.3986755187765003e-010</rotation_covariance>
        <location_covariance>4.0862561938782478e-006 5.5016411645434053e-007 1.2519070841467454e-006 5.5016411645434053e-007 8.2884947565522684e-006 1.1986197462174519e-006 1.2519070841467454e-006 1.1986197462174519e-006 5.1874673241492484e-006</location_covariance>
      </camera>
      <camera id="7" sensor_id="0" label="DSC00627.JPG">
        <transform>9.9985065845151211e-001 8.8636465610963874e-003 1.4835651779314393e-002 8.8534287516851276e+000 8.7570400040976985e-003 -9.9993547925284199e-001 7.2354392925338355e-003 2.6134917147691219e+001 1.4898826948580305e-002 -7.1044423447075809e-003 -9.9986376664750032e-001 8.4472952177611982e-001 0 0 0 1</transform>
        <rotation_covariance>2.2578269066998584e-008 2.4558358461017107e-010 2.9634742288797698e-010 2.4558358461017107e-010 8.1130265315574695e-009 1.6339427864933812e-013 2.9634742288797693e-010 1.6339427864934943e-013 3.3572052712606150e-010</rotation_covariance>
        <location_covariance>4.4424440597553398e-006 9.0392337720410702e-007 1.4634765492503865e-006 9.0392337720410702e-007 7.9886005635728718e-006 1.2445969583336093e-006 1.4634765492503865e-006 1.2445969583336093e-006 5.2554322301529470e-006</location_covariance>
      </camera>
      <camera id="8" sensor_id="0" label="DSC00628.JPG">
        <transform>9.9984969246961475e-001 9.7101951301599779e-003 1.4363306685854517e-002 1.0382234589846760e+001 9.6832742690918620e-003 -9.9995122898263056e-001 1.9426413864487993e-003 2.6156079329506817e+001 1.4381469599705000e-002 -1.8032655547693672e-003 -9.9989495526554772e-001 8.1847308752853731e-001 0 0 0 1</transform>
        <rotation_covariance>2.2123585572474169e-008 5.0316856238829297e-010 2.4587709220265587e-010 5.0316856238829286e-010 8.1280260869461504e-009 6.2448732314438227e-011 2.4587709220265582e-010 6.2448732314438202e-011 3.3136077943444554e-010</rotation_covariance>
        <location_covariance>4.9974901599139557e-006 1.4043249781082225e-006 1.7604624821640069e-006 1.4043249781082225e-006 7.8033486117793666e-006 1.3060972308756643e-006 1.7604624821640069e-006 1.3060972308756643e-006 5.3922042741181127e-006</location_covariance>
      </camera>
      <camera id="9" sensor_id="0" label="DSC00629.JPG">
        <transform>9.9983959972317293e-001 1.1184274199100654e-002 1.3988811101889332e-002 1.2484068613622144e+001 1.1180907574330750e-002 -9.9993744086263725e-001 3.1885246441533031e-004 2.6025912772938927e+001 1.3991502107325146e-002 -1.6239371638677462e-004 -9.9990210095641940e-001 7.6633390218625019e-001 0 0 0 1</transform>
        <rotation_covariance>2.2759059414824722e-008 5.2177950727649121e-010 2.2837678043589874e-010 5.2177950727649131e-010 8.7756694461978726e-009 8.5141513283570585e-011 2.2837678043589874e-010 8.5141513283570598e-011 3.3543002656480161e-010</rotation_covariance>
        <location_covariance>6.1990116786510173e-006 1.8932097799410982e-006 2.1287118280005190e-006 1.8932097799410982e-006 7.9951714308273217e-006 1.3646307736346966e-006 2.1287118280005190e-006 1.3646307736346966e-006 5.5405991933854710e-006</location_covariance>
      </camera>
      <camera id="10" sensor_id="0" label="DSC00630.JPG">
        <transform>9.9983616927764629e-001 1.0833187360479347e-002 1.4500919136886340e-002 1.3241831764474624e+001 1.0819157097920683e-002 -9.9994092448936456e-001 1.0456438425048425e-003 2.5933257476553493e+001 1.4511390143341834e-002 -8.8858481171258255e-004 -9.9989430940131874e-001 7.2782160066200863e-001 0 0 0 1</transform>
        <rotation_covariance>2.2924480692305586e-008 6.2850085862573563e-010 2.3775056440262698e-010 6.2850085862573563e-010 8.8212972782653171e-009 9.1856977924353125e-011 2.3775056440262703e-010 9.1856977924353125e-011 3.3642098633523226e-010</rotation_covariance>
        <location_covariance>6.5924979732713311e-006 2.1058314451810502e-006 2.2500292835745921e-006 2.1058314451810502e-006 8.0194140464976142e-006 1.3826366446559244e-006 2.2500292835745921e-006 1.3826366446559244e-006 5.5725144179999382e-006</location_covariance>
      </camera>
      <camera id="11" sensor_id="0" label="DSC00631.JPG">
        <transform>9.9983902034554717e-001 1.1753159164982374e-002 1.3557162096047950e-002 1.4550596710589192e+001 1.1731987304078116e-002 -9.9992983272853131e-001 1.6401504163800259e-003 2.5787480285345392e+001 1.3575487775873038e-002 -1.4808339319425834e-003 -9.9990675228368830e-001 7.0377530113843101e-001 0 0 0 1</transform>
        <rotation_covariance>2.2599018523734261e-008 8.5538756820368467e-010 2.0595767346753657e-010 8.5538756820368446e-010 8.7903283672199855e-009 1.0778982720246959e-010 2.0595767346753657e-010 1.0778982720246957e-010 3.3589377006792622e-010</rotation_covariance>
        <location_covariance>7.2980506698400391e-006 2.4676978776922410e-006 2.4633240343336140e-006 2.4676978776922410e-006 7.8381782213921494e-006 1.3870898361843163e-006 2.4633240343336140e-006 1.3870898361843163e-006 5.6687405566059959e-006</location_covariance>
      </camera>
      <camera id="12" sensor_id="0" label="DSC00632.JPG">
        <transform>9.9985330687093177e-001 1.2285490773353613e-002 1.1934465037062726e-002 1.5942524629968084e+001 1.2317271800566267e-002 -9.9992077714263738e-001 -2.5931166296688474e-003 2.5702581379581574e+001 1.1901661844213370e-002 2.7397362869322583e-003 -9.9992541936407642e-001 6.8228282778717453e-001 0 0 0 1</transform>
        <rotation_covariance>2.1844423202588099e-008 1.8070209178839587e-009 1.3263231153836924e-010 1.8070209178839585e-009 8.8291813857335754e-009 1.4515772388359785e-010 1.3263231153836919e-010 1.4515772388359788e-010 3.3711027597464605e-010</rotation_covariance>
        <location_covariance>8.1644943670281019e-006 3.1918988712956303e-006 2.7717464966103306e-006 3.1918988712956303e-006 7.5920587837357783e-006 1.3847968424454947e-006 2.7717464966103306e-006 1.3847968424454947e-006 5.8238098151311171e-006</location_covariance>
      </camera>
      <camera id="13" sensor_id="0" label="DSC00633.JPG">
        <transform>9.9986131930170552e-001 1.2609179360641062e-002 1.0878913553490193e-002 1.7421464911341815e+001 1.2656014348340879e-002 -9.9991088990149102e-001 -4.2470645418891872e-003 2.5639696190106910e+001 1.0824392133866873e-002 4.3841592420401478e-003 -9.9993180351595612e-001 6.5798606970437934e-001 0 0 0 1</transform>
        <rotation_covariance>2.1478679906349735e-008 2.0341858868281223e-009 1.3273501866915789e-010 2.0341858868281223e-009 8.7462915664841203e-009 1.4671410452231451e-010 1.3273501866915784e-010 1.4671410452231451e-010 3.3400501194198094e-010</rotation_covariance>
        <location_covariance>9.1230108314380606e-006 3.6270200246444633e-006 3.0413105477213204e-006 3.6270200246444633e-006 7.4809107185243735e-006 1.3824120011460095e-006 3.0413105477213204e-006 1.3824120011460095e-006 6.0222264528330861e-006</location_covariance>
      </camera>
      <camera id="14" sensor_id="0" label="DSC00634.JPG">
        <transform>9.9986624563569104e-001 1.3246019306482937e-002 9.5934254007448670e-003 1.8765854885380861e+001 1.3302758645278294e-002 -9.9989425529532372e-001 -5.8749331771037099e-003 2.5604524351151824e+001 9.5145914685208187e-003 6.0017664018388412e-003 -9.9993672367267561e-001 6.2432807323268635e-001 0 0 0 1</transform>
        <rotation_covariance>2.1432092379158092e-008 2.1526996154362752e-009 1.0435831177249569e-010 2.1526996154362756e-009 9.0980773318870016e-009 1.6374175163912020e-010 1.0435831177249567e-010 1.6374175163912020e-010 3.4245679131195596e-010</rotation_covariance>
        <location_covariance>1.0258783408400401e-005 3.9978237375510687e-006 3.2982481770593967e-006 3.9978237375510687e-006 7.5159019997524156e-006 1.4012118149866285e-006 3.2982481770593967e-006 1.4012118149866285e-006 6.2343672287180748e-006</location_covariance>
      </camera>
      <camera id="15" sensor_id="0" label="DSC00635.JPG">
        <transform>9.9988070968477050e-001 1.3392392502830941e-002 7.6948179530535142e-003 1.9644863216562836e+001 1.3456647666217713e-002 -9.9987450455425209e-001 -8.3602497556135216e-003 2.5594186424844832e+001 7.5818885422956738e-003 8.4627989128347025e-003 -9.9993544591673178e-001 6.1196643427180819e-001 0 0 0 1</transform>
        <rotation_covariance>2.1672562315439521e-008 2.3106555213858707e-009 7.2605651763366716e-011 2.3106555213858707e-009 9.4036604728639284e-009 1.7771305402753841e-010 7.2605651763366729e-011 1.7771305402753841e-010 3.4713604890681970e-010</rotation_covariance>
        <location_covariance>1.1076175991756928e-005 4.2704331201068334e-006 3.4599561166208959e-006 4.2704331201068334e-006 7.6466107205469195e-006 1.4148201585225228e-006 3.4599561166208959e-006 1.4148201585225228e-006 6.3948659372572295e-006</location_covariance>
      </camera>
      <camera id="16" sensor_id="0" label="DSC00636.JPG">
        <transform>9.9988785013996173e-001 1.3776981019467968e-002 5.8721321915194474e-003 2.1282282716330172e+001 1.3800503108691771e-002 -9.9989683082690950e-001 -3.9841958096508093e-003 2.5457111376836426e+001 5.8166361784495668e-003 4.0647873612121056e-003 -9.9997482180666708e-001 5.6672184194237407e-001 0 0 0 1</transform>
        <rotation_covariance>2.1459320784395767e-008 2.0579100364884845e-009 5.5033625448703769e-011 2.0579100364884849e-009 9.3818919541447245e-009 1.3972044336225802e-010 5.5033625448703763e-011 1.3972044336225802e-010 3.4526399259513860e-010</rotation_covariance>
        <location_covariance>1.2444138716823467e-005 4.5087304444220651e-006 3.6976426800811095e-006 4.5087304444220651e-006 7.5402418429462182e-006 1.4078660363882716e-006 3.6976426800811095e-006 1.4078660363882716e-006 6.6477930424597450e-006</location_covariance>
      </camera>
      <camera id="17" sensor_id="0" label="DSC00637.JPG">
        <transform>9.9989976166524064e-001 1.3600321803256786e-002 3.9367332451171744e-003 2.2539450637551578e+001 1.3629512703391994e-002 -9.9987909328379110e-001 -7.4856661328026632e-003 2.5423588913639950e+001 3.8344497993100597e-003 7.5385715378691355e-003 -9.9996423282730718e-001 5.5895855973418451e-001 0 0 0 1</transform>
        <rotation_covariance>2.1565122194504183e-008 2.0976088673988415e-009 1.6416545550722139e-011 2.0976088673988419e-009 9.6946359823979836e-009 1.4487739741757547e-010 1.6416545550722149e-011 1.4487739741757547e-010 3.5151570191708109e-010</rotation_covariance>
        <location_covariance>1.3708755443240422e-005 4.8068522407206176e-006 3.9061013523688672e-006 4.8068522407206176e-006 7.6030733576198112e-006 1.3946395233499532e-006 3.9061013523688672e-006 1.3946395233499532e-006 6.9159991630846736e-006</location_covariance>
      </camera>
      <camera id="18" sensor_id="0" label="DSC00638.JPG">
        <transform>9.9989840418807074e-001 1.3463062433794871e-002 4.6826543811434784e-003 2.3521266689142578e+001 1.3499225295913330e-002 -9.9987862311085962e-001 -7.7788149702659711e-003 2.5336545237817525e+001 4.5773593435161465e-003 7.8412368817171712e-003 -9.9995878054328080e-001 5.1177569377468424e-001 0 0 0 1</transform>
        <rotation_covariance>2.1630538959577069e-008 1.9196447589918843e-009 5.0134604745384955e-011 1.9196447589918843e-009 9.9077877506278064e-009 1.5134913721578393e-010 5.0134604745384949e-011 1.5134913721578401e-010 3.5587937824213873e-010</rotation_covariance>
        <location_covariance>1.4719460629109867e-005 4.9369617705143010e-006 4.0415144969972511e-006 4.9369617705143010e-006 7.6118884924478230e-006 1.3714349374793178e-006 4.0415144969972511e-006 1.3714349374793178e-006 7.0894395850747932e-006</location_covariance>
      </camera>
      <camera id="19" sensor_id="0" label="DSC00639.JPG">
        <transform>9.9989381548247036e-001 1.4394832463712641e-002 2.2686027084889405e-003 2.5023633116442774e+001 1.4411094921723620e-002 -9.9986933814570400e-001 -7.3230443962120058e-003 2.5163825827714373e+001 2.1628922914445872e-003 7.3549598512476595e-003 -9.9997061279945731e-001 4.7872540183740586e-001 0 0 0 1</transform>
        <rotation_covariance>2.1682072312648257e-008 1.4751546861785431e-009 2.2317805779605759e-011 1.4751546861785428e-009 1.0144831198512081e-008 1.4859293573709588e-010 2.2317805779605759e-011 1.4859293573709593e-010 3.6175869624232760e-010</rotation_covariance>
        <location_covariance>1.6325980071784834e-005 5.0202969568186112e-006 4.2334329128668890e-006 5.0202969568186112e-006 7.5911353881786927e-006 1.3352137380042508e-006 4.2334329128668890e-006 1.3352137380042508e-006 7.3832287556768582e-006</location_covariance>
      </camera>
      <camera id="20" sensor_id="0" label="DSC00640.JPG">
        <transform>9.9989324937834922e-001 1.4585074597617587e-002 8.7489804435182238e-004 2.5947137404444963e+001 1.4590618216592355e-002 -9.9987106732606035e-001 -6.7054145511391853e-003 2.5081212830495382e+001 7.7698626997122410e-004 6.7174640473110061e-003 -9.9997713572316715e-001 4.5282920930993048e-001 0 0 0 1</transform>
        <rotation_covariance>2.1134852971029650e-008 1.2516160838467228e-009 1.1118942083408601e-011 1.2516160838467228e-009 1.0035337273854998e-008 1.3786012001223412e-010 1.1118942083408603e-011 1.3786012001223412e-010 3.6065731067469135e-010</rotation_covariance>
        <location_covariance>1.7256317824852945e-005 5.1071817185866812e-006 4.3491012230196176e-006 5.1071817185866812e-006 7.3565583798674565e-006 1.3111858538547067e-006 4.3491012230196176e-006 1.3111858538547067e-006 7.5860194511044216e-006</location_covariance>
      </camera>
      <camera id="21" sensor_id="0" label="DSC00641.JPG">
        <transform>9.9988364789108164e-001 1.5254096959301097e-002 -5.6621363294251004e-005 2.7017170229524016e+001 1.5253419584575786e-002 -9.9986306689785998e-001 -6.4172147059622809e-003 2.5041776547146124e+001 -1.5450242528872925e-004 6.4156043800860860e-003 -9.9997940786270134e-001 4.5343063426166380e-001 0 0 0 1</transform>
        <rotation_covariance>2.1455009540596056e-008 1.0332772267702380e-009 1.8850608647071458e-012 1.0332772267702380e-009 1.0178696064488760e-008 1.3843842583367672e-010 1.8850608647071442e-012 1.3843842583367675e-010 3.6877502897303250e-010</rotation_covariance>
        <location_covariance>1.8494191775029077e-005 5.2318023080308099e-006 4.5235003251245564e-006 5.2318023080308099e-006 7.5084524731323083e-006 1.3110645333499765e-006 4.5235003251245564e-006 1.3110645333499765e-006 7.8854659566364156e-006</location_covariance>
      </camera>
      <camera id="22" sensor_id="0" label="DSC00642.JPG">
        <transform>9.9988299579060969e-001 1.5255147792663935e-002 -1.1292451548578061e-003 2.7689725528729472e+001 1.5247999864362535e-002 -9.9986520382660438e-001 -6.0887336055421588e-003 2.5051535106781412e+001 -1.2219774679548109e-003 6.0708024681123494e-003 -9.9998082588040704e-001 4.2636839213713801e-001 0 0 0 1</transform>
        <rotation_covariance>2.1201575328938770e-008 1.0200772988725309e-009 -1.3482862866173334e-011 1.0200772988725311e-009 1.0163851392654323e-008 1.3109387611594681e-010 -1.3482862866173332e-011 1.3109387611594678e-010 3.7060227572248735e-010</rotation_covariance>
        <location_covariance>1.9248517575525467e-005 5.3922120592509238e-006 4.6252012192787125e-006 5.3922120592509238e-006 7.4259128860702409e-006 1.3153323406182459e-006 4.6252012192787125e-006 1.3153323406182459e-006 8.0814803916931044e-006</location_covariance>
      </camera>
      <camera id="23" sensor_id="0" label="DSC00643.JPG">
        <transform>9.9988016341737385e-001 1.5396503199399695e-002 -1.6144638973576771e-003 2.8892942762455110e+001 1.5383031977692389e-002 -9.9984928013040808e-001 -8.0485619757842287e-003 2.5107942849355045e+001 -1.7381402757803350e-003 8.0227621138621152e-003 -9.9996630651059748e-001 3.6837140482383468e-001 0 0 0 1</transform>
        <rotation_covariance>2.1117422801263216e-008 1.1543960161914056e-009 -1.5793934740778283e-012 1.1543960161914056e-009 1.0432291386710457e-008 1.4217852902739694e-010 -1.5793934740778239e-012 1.4217852902739694e-010 3.8141032215297469e-010</rotation_covariance>
        <location_covariance>2.0756769491975268e-005 5.7744914357286227e-006 4.8223572508565116e-006 5.7744914357286227e-006 7.4543222867670803e-006 1.3364706188851183e-006 4.8223572508565116e-006 1.3364706188851183e-006 8.4675147963960198e-006</location_covariance>
      </camera>
      <camera id="24" sensor_id="0" label="DSC00644.JPG">
        <transform>9.9986805730281647e-001 1.6058869916181592e-002 -2.4455433970354827e-003 2.9595230944806840e+001 1.6031587701683572e-002 -9.9981321806737278e-001 -1.0794312091438843e-002 2.5122397466327513e+001 -2.6184310674245430e-003 1.0753681917339410e-002 -9.9993874919615244e-001 3.5192327702360865e-001 0 0 0 1</transform>
        <rotation_covariance>2.0685155579252172e-008 1.2345726460934218e-009 -1.7613326730957430e-012 1.2345726460934222e-009 1.0349187563563927e-008 1.5339214242930212e-010 -1.7613326730957374e-012 1.5339214242930212e-010 3.8517422642328204e-010</rotation_covariance>
        <location_covariance>2.1583170296563536e-005 5.9813903908654306e-006 4.9244849639926225e-006 5.9813903908654306e-006 7.3076219617586261e-006 1.3488843602269683e-006 4.9244849639926225e-006 1.3488843602269683e-006 8.7057204217378536e-006</location_covariance>
      </camera>
      <camera id="25" sensor_id="0" label="DSC00645.JPG">
        <transform>9.9984758184404099e-001 1.6869040864490353e-002 -4.4998378788619307e-003 3.0188327247266940e+001 1.6826554132811155e-002 -9.9981500144812996e-001 -9.3182592414867444e-003 2.5113402798113693e+001 -4.6561955113012463e-003 9.2411222039388650e-003 -9.9994645931858395e-001 3.5201802481760242e-001 0 0 0 1</transform>
        <rotation_covariance>2.1412491370928371e-008 1.2863919441287722e-009 1.0856129361567014e-012 1.2863919441287725e-009 1.0659411893646790e-008 1.4398536014426518e-010 1.0856129361566946e-012 1.4398536014426521e-010 3.9714192478286915e-010</rotation_covariance>
        <location_covariance>2.2458745523314291e-005 6.1225962972258656e-006 4.9968720031175789e-006 6.1225962972258656e-006 7.6153251862591009e-006 1.3539873928568163e-006 4.9968720031175789e-006 1.3539873928568163e-006 8.9173132223553465e-006</location_covariance>
      </camera>
      <camera id="26" sensor_id="0" label="DSC00646.JPG">
        <transform>9.9981997098989583e-001 1.8741662294161684e-002 -2.9623815108054665e-003 3.0006868508022396e+001 1.8706698971637532e-002 -9.9975979701081019e-001 -1.1419618841629167e-002 2.3031521858223837e+001 -3.1756925777693106e-003 1.1362146599791558e-002 -9.9993040587897730e-001 2.7256351741050311e-001 0 0 0 1</transform>
        <rotation_covariance>2.0664248962029924e-008 7.3396389848217912e-010 -2.2190095173433149e-012 7.3396389848217912e-010 1.0593600756720243e-008 2.2460700121910301e-010 -2.2190095173433052e-012 2.2460700121910301e-010 3.7065574948343339e-010</rotation_covariance>
        <location_covariance>2.2179834522938047e-005 4.6522565475344350e-006 4.1504886148038274e-006 4.6522565475344350e-006 6.5369071981303551e-006 9.4620278768914684e-007 4.1504886148038274e-006 9.4620278768914684e-007 7.8751340277067830e-006</location_covariance>
      </camera>
      <camera id="27" sensor_id="0" label="DSC00647.JPG">
        <transform>9.9983385409656456e-001 1.8134927686501282e-002 -1.8408150955028105e-003 2.9478555275413783e+001 1.8114234933454383e-002 -9.9977871090818771e-001 -1.0695966881867726e-002 2.3166986065371848e+001 -2.0343783291420160e-003 1.0660844833678032e-002 -9.9994110211164244e-001 2.9058681683773213e-001 0 0 0 1</transform>
        <rotation_covariance>2.0720187836894389e-008 9.4547459749785481e-010 8.9860523758378881e-012 9.4547459749785481e-010 1.0514210762755356e-008 2.1427397908302733e-010 8.9860523758378946e-012 2.1427397908302733e-010 3.6600322951940485e-010</rotation_covariance>
        <location_covariance>2.1487273409882810e-005 4.7058418164881146e-006 4.1542596792383163e-006 4.7058418164881146e-006 6.5886172486937621e-006 9.6458117985084847e-007 4.1542596792383163e-006 9.6458117985084847e-007 7.7551346663982663e-006</location_covariance>
      </camera>
      <camera id="28" sensor_id="0" label="DSC00648.JPG">
        <transform>9.9982345825796948e-001 1.8359720851628653e-002 -3.9966194870684436e-003 2.8165006209691406e+001 1.8321447317431322e-002 -9.9978785417703009e-001 -9.4112277777257634e-003 2.3357968736910028e+001 -4.1685591358084006e-003 9.3363424497990948e-003 -9.9994772654593866e-001 3.1248849199250123e-001 0 0 0 1</transform>
        <rotation_covariance>2.0459206807777246e-008 8.8847571486114590e-010 -3.5381895825241940e-011 8.8847571486114611e-010 1.0184559109705442e-008 1.8239163235497255e-010 -3.5381895825241934e-011 1.8239163235497253e-010 3.5422404101151631e-010</rotation_covariance>
        <location_covariance>1.9765690534182448e-005 4.5347390990091442e-006 4.0426228064259381e-006 4.5347390990091442e-006 6.5112769061885475e-006 9.6290011136133981e-007 4.0426228064259381e-006 9.6290011136133981e-007 7.4088609425362814e-006</location_covariance>
      </camera>
      <camera id="29" sensor_id="0" label="DSC00649.JPG">
        <transform>9.9983516233764858e-001 1.8152000175790845e-002 -3.9120693633883682e-004 2.5745121041096201e+001 1.8148298785624076e-002 -9.9980340813706681e-001 -7.9865091681905458e-003 2.3453159090346261e+001 -5.3610114406337948e-004 7.9780929503212219e-003 -9.9996803080320495e-001 3.7886548740570758e-001 0 0 0 1</transform>
        <rotation_covariance>2.1663934495572309e-008 1.1095950681030583e-009 4.2823129623336100e-011 1.1095950681030585e-009 1.0274041344155781e-008 1.8700308143420389e-010 4.2823129623336107e-011 1.8700308143420392e-010 3.5066120654065263e-010</rotation_covariance>
        <location_covariance>1.7096299771718547e-005 4.1830183645919216e-006 3.7558399303747768e-006 4.1830183645919216e-006 6.9598078378042190e-006 9.9544060157757910e-007 3.7558399303747768e-006 9.9544060157757910e-007 6.7660315283450043e-006</location_covariance>
      </camera>
      <camera id="30" sensor_id="0" label="DSC00650.JPG">
        <transform>9.9982775211008890e-001 1.8556500813186740e-002 3.4984004617149710e-004 2.3949070608152251e+001 1.8558199336863038e-002 -9.9981141448131827e-001 -5.7209011736733435e-003 2.3442449372194073e+001 2.4361416412350381e-004 5.7264081618306536e-003 -9.9998357431595009e-001 4.3049944766768228e-001 0 0 0 1</transform>
        <rotation_covariance>2.1639482198623589e-008 1.8130978681714996e-009 1.0848736254183652e-011 1.8130978681714996e-009 1.0062851813623072e-008 1.5824005436667299e-010 1.0848736254183649e-011 1.5824005436667296e-010 3.4229621986395491e-010</rotation_covariance>
        <location_covariance>1.5152217862179675e-005 4.0989277025703570e-006 3.5339087310403812e-006 4.0989277025703570e-006 6.9297283818885209e-006 9.9976507508445489e-007 3.5339087310403812e-006 9.9976507508445489e-007 6.3144450505328360e-006</location_covariance>
      </camera>
      <camera id="31" sensor_id="0" label="DSC00651.JPG">
        <transform>9.9982732056073509e-001 1.8517543066268322e-002 1.5587363889960476e-003 2.3165518840194334e+001 1.8526570378251027e-002 -9.9981041768811807e-001 -5.9912329558004041e-003 2.3468580042339887e+001 1.4474979658687271e-003 6.0190764324649657e-003 -9.9998083755066980e-001 4.4431776069128714e-001 0 0 0 1</transform>
        <rotation_covariance>2.1088297455660906e-008 1.8405798058392739e-009 1.7169092586255166e-011 1.8405798058392741e-009 9.8276509978571522e-009 1.5861582787706536e-010 1.7169092586255166e-011 1.5861582787706536e-010 3.3660006363943682e-010</rotation_covariance>
        <location_covariance>1.4291019453050937e-005 3.9715530741030535e-006 3.4370240108010521e-006 3.9715530741030535e-006 6.7030330102704823e-006 9.9416971646607246e-007 3.4370240108010521e-006 9.9416971646607246e-007 6.1388395369904456e-006</location_covariance>
      </camera>
      <camera id="32" sensor_id="0" label="DSC00652.JPG">
        <transform>9.9981663633817042e-001 1.8971903363664742e-002 2.6001123413057561e-003 2.1904886861432562e+001 1.8981793294619395e-002 -9.9981248117669341e-001 -3.8332762259348663e-003 2.3474347706282611e+001 2.5269002251743803e-003 3.8819281373747277e-003 -9.9998927264705606e-001 4.4994158812190055e-001 0 0 0 1</transform>
        <rotation_covariance>2.0722921606600069e-008 1.8123177139893562e-009 -2.3334117119768001e-011 1.8123177139893560e-009 9.4616604314160813e-009 1.4264583163897438e-010 -2.3334117119768008e-011 1.4264583163897438e-010 3.2961643558609323e-010</rotation_covariance>
        <location_covariance>1.2960232279791150e-005 3.7200196565774453e-006 3.2554122038613445e-006 3.7200196565774453e-006 6.5452535639056290e-006 9.8524771985419408e-007 3.2554122038613445e-006 9.8524771985419408e-007 5.8516318984743489e-006</location_covariance>
      </camera>
      <camera id="33" sensor_id="0" label="DSC00653.JPG">
        <transform>9.9980738142329284e-001 1.9276435460608532e-002 3.6904047788798491e-003 2.0077576679918085e+001 1.9299905874683915e-002 -9.9979304022799464e-001 -6.4335328468828291e-003 2.3619716333216285e+001 3.5656254328415623e-003 6.5035180938145263e-003 -9.9997249490557294e-001 5.0021176255635713e-001 0 0 0 1</transform>
        <rotation_covariance>2.0630114673621725e-008 1.9478860981897615e-009 -3.9498731413974199e-011 1.9478860981897619e-009 9.2895788439513656e-009 1.6335976731914657e-010 -3.9498731413974193e-011 1.6335976731914659e-010 3.2509961810585789e-010</rotation_covariance>
        <location_covariance>1.1310008034278143e-005 3.4574966988711387e-006 3.0248381502114719e-006 3.4574966988711387e-006 6.5227586007178174e-006 9.7906439566242041e-007 3.0248381502114719e-006 9.7906439566242041e-007 5.5478103379082389e-006</location_covariance>
      </camera>
      <camera id="34" sensor_id="0" label="DSC00654.JPG">
        <transform>9.9979953597080173e-001 1.9449542918454694e-002 4.7542773198212774e-003 1.8972248988351609e+001 1.9479674841853388e-002 -9.9978992294333102e-001 -6.3759116229718926e-003 2.3691582366041995e+001 4.6292699884800748e-003 6.4672452583362534e-003 -9.9996837179889964e-001 5.4943329205417180e-001 0 0 0 1</transform>
        <rotation_covariance>2.0666533799404965e-008 2.0623609728373497e-009 -1.5245002417256082e-011 2.0623609728373497e-009 9.0411046831957299e-009 1.6131757435830179e-010 -1.5245002417256050e-011 1.6131757435830179e-010 3.2263172131379992e-010</rotation_covariance>
        <location_covariance>1.0330965660163223e-005 3.2923221968817137e-006 2.8771238330421042e-006 3.2923221968817137e-006 6.5218920607610631e-006 9.8298517660154095e-007 2.8771238330421042e-006 9.8298517660154095e-007 5.3877470801041823e-006</location_covariance>
      </camera>
      <camera id="35" sensor_id="0" label="DSC00655.JPG">
        <transform>9.9979546960098475e-001 1.9640308461056560e-002 4.8246501324864834e-003 1.7795768526257781e+001 1.9670591361662906e-002 -9.9978659328893138e-001 -6.3115541030188613e-003 2.3739543853975501e+001 4.6996596503177147e-003 6.4051669195588981e-003 -9.9996844302003041e-001 6.0005240266479054e-001 0 0 0 1</transform>
        <rotation_covariance>2.0447363269008176e-008 1.8680666199489207e-009 -3.9601404280449377e-011 1.8680666199489203e-009 8.5873752927987822e-009 1.6030865031846619e-010 -3.9601404280449390e-011 1.6030865031846621e-010 3.1449715803606448e-010</rotation_covariance>
        <location_covariance>9.2683570506201508e-006 2.9728619154151541e-006 2.6932098790688018e-006 2.9728619154151541e-006 6.4006615331415948e-006 9.6853169372014403e-007 2.6932098790688018e-006 9.6853169372014403e-007 5.2166247795119403e-006</location_covariance>
      </camera>
      <camera id="36" sensor_id="0" label="DSC00656.JPG">
        <transform>9.9979139001771977e-001 1.9927268739121182e-002 4.4811167172882438e-003 1.6225914206502114e+001 1.9978927044045591e-002 -9.9973082490760989e-001 -1.1794922794087547e-002 2.3866571796594677e+001 4.2448699160068876e-003 1.1881990159423034e-002 -9.9992039652626730e-001 6.5034641819783312e-001 0 0 0 1</transform>
        <rotation_covariance>2.0672825602634388e-008 1.7972871692388490e-009 -3.9687141196609165e-011 1.7972871692388492e-009 8.5050357485315391e-009 1.8435018892154661e-010 -3.9687141196609172e-011 1.8435018892154659e-010 3.0903731966362825e-010</rotation_covariance>
        <location_covariance>8.1477213542094536e-006 2.6334139218517535e-006 2.4412415009043019e-006 2.6334139218517535e-006 6.4334135269030746e-006 9.5117738297976746e-007 2.4412415009043019e-006 9.5117738297976746e-007 5.0310052009016945e-006</location_covariance>
      </camera>
      <camera id="37" sensor_id="0" label="DSC00657.JPG">
        <transform>9.9978749014479429e-001 1.9979014091097327e-002 5.0807032900003863e-003 1.5577366910159963e+001 2.0020193536500752e-002 -9.9976604969951699e-001 -8.1876565013403631e-003 2.3808375116810918e+001 4.9159333533256829e-003 8.2876332068101306e-003 -9.9995357328982781e-001 6.6379927510881198e-001 0 0 0 1</transform>
        <rotation_covariance>2.0447377473286146e-008 1.6253724459599838e-009 -4.6474652358653060e-011 1.6253724459599834e-009 8.2174512337154930e-009 1.5341268109494390e-010 -4.6474652358653073e-011 1.5341268109494390e-010 3.0312662323609290e-010</rotation_covariance>
        <location_covariance>7.6127886917551002e-006 2.4026225353961482e-006 2.3222078743789756e-006 2.4026225353961482e-006 6.2742147518039408e-006 9.2138714808000390e-007 2.3222078743789756e-006 9.2138714808000390e-007 4.9123306399901716e-006</location_covariance>
      </camera>
      <camera id="38" sensor_id="0" label="DSC00658.JPG">
        <transform>9.9976916717702702e-001 2.0414216192290831e-002 6.6986669874151365e-003 1.4208474212418038e+001 2.0478077858451894e-002 -9.9974413880595092e-001 -9.6075621450330117e-003 2.3891455549750468e+001 6.5008222077716261e-003 9.7425202284573149e-003 -9.9993140895274468e-001 6.8212004675766447e-001 0 0 0 1</transform>
        <rotation_covariance>2.2083100994906201e-008 1.0374710125185978e-009 1.9600257204591934e-011 1.0374710125185980e-009 8.2400553022537668e-009 1.9589376142875359e-010 1.9600257204591937e-011 1.9589376142875361e-010 3.0680779006073752e-010</rotation_covariance>
        <location_covariance>6.8283375632437247e-006 1.8847192318664111e-006 2.0790708647557968e-006 1.8847192318664111e-006 6.8595572426494211e-006 1.0015401458166606e-006 2.0790708647557968e-006 1.0015401458166606e-006 4.7730734559916342e-006</location_covariance>
      </camera>
      <camera id="39" sensor_id="0" label="DSC00659.JPG">
        <transform>9.9976729705191802e-001 2.0168362879104316e-002 7.6543376120116061e-003 1.2504694152036439e+001 2.0272716538814992e-002 -9.9969910836093712e-001 -1.3809768516676467e-002 2.4059671307536650e+001 7.3735140631008252e-003 1.3961729159531007e-002 -9.9987534293492664e-001 7.0574635900705385e-001 0 0 0 1</transform>
        <rotation_covariance>2.3812438815026920e-008 5.6918186590195611e-010 7.5355124143404543e-011 5.6918186590195611e-010 8.6852940316227069e-009 2.5171519192076582e-010 7.5355124143404556e-011 2.5171519192076582e-010 3.1882042302980516e-010</rotation_covariance>
        <location_covariance>6.1298854815772552e-006 1.3771487768575231e-006 1.8002508100869674e-006 1.3771487768575231e-006 7.5256683766992692e-006 1.0396176718649138e-006 1.8002508100869674e-006 1.0396176718649138e-006 4.6462732350544230e-006</location_covariance>
      </camera>
      <camera id="40" sensor_id="0" label="DSC00660.JPG">
        <transform>9.9976782946645215e-001 1.9906037496775417e-002 8.2484444058210024e-003 1.1758852991447778e+001 2.0003383467509916e-002 -9.9972918268872168e-001 -1.1892263467998916e-002 2.4057894037409110e+001 8.0094827417692693e-003 1.2054499231304533e-002 -9.9989526313234012e-001 7.0535438171673792e-001 0 0 0 1</transform>
        <rotation_covariance>2.3344189401787582e-008 5.4590303423186584e-010 9.7786792959483397e-011 5.4590303423186584e-010 8.3776477835631280e-009 2.3009667571314946e-010 9.7786792959483371e-011 2.3009667571314946e-010 3.1499848640344759e-010</rotation_covariance>
        <location_covariance>5.6430971506249361e-006 1.2225471903521938e-006 1.6853946286543577e-006 1.2225471903521938e-006 7.3122021948151847e-006 1.0077333427032865e-006 1.6853946286543577e-006 1.0077333427032865e-006 4.5572082814498025e-006</location_covariance>
      </camera>
      <camera id="41" sensor_id="0" label="DSC00661.JPG">
        <transform>9.9976427817780267e-001 1.9908530470433887e-002 8.6624762120530528e-003 1.0167473603448803e+001 2.0007453956277281e-002 -9.9973383949999239e-001 -1.1487033768158642e-002 2.4123549036159545e+001 8.4314806412648605e-003 1.1657640117587170e-002 -9.9989649942435777e-001 7.0054872604700591e-001 0 0 0 1</transform>
