# Cameras (570)
# PhotoID, X, Y, Z, Omega, Phi, Kappa, r11, r12, r13, r21, r22, r23, r31, r32, r33
DSC00585.JPG	2693785.2970027030000000	1256207.4438290349000000	584.3363024149124400	0.9688094422216714	-0.6332070267655071	129.3059154598147100	-0.6334220797938432	0.7737825663421978	0.0060834903241740	-0.7737275599981390	-0.6332256239249630	-0.0192606361309251	-0.0110513224986038	-0.0169070763209981	0.9997959887103508
DSC00586.JPG	2693785.1668054294000000	1256207.9754001517000000	584.1667973160249400	1.1287905429656044	-0.8287764429010953	131.0156833583845100	-0.6561969333178475	0.7545705469456701	0.0053734892169718	-0.7544510365888463	-0.6559232327747304	-0.0238400104102784	-0.0144643732759977	-0.0196977762313332	0.9997013451612802
DSC00587.JPG	2693783.8041588701000000	1256209.7221296355000000	584.0775874416983700	1.4106168641317856	-0.8103073985075601	132.6574376795414600	-0.6775457855400245	0.7354311982379163	0.0085241512946373	-0.7353446203097114	-0.6771521663641550	-0.0270782748693147	-0.0141420606177761	-0.0246149598146156	0.9995969717215075
DSC00588.JPG	2693782.2190262880000000	1256211.3807283249000000	584.0040142894857800	1.5374725170354395	-0.7485685354163304	133.7291257501990500	-0.6911908398783331	0.7225980069828357	0.0103606550332809	-0.7225541770213126	-0.6907476780354241	-0.0279840411256721	-0.0130646139375713	-0.0268284474598167	0.9995546759780366
DSC00589.JPG	2693779.9813046493000000	1256213.0987424196000000	583.8624727896592500	1.7160534083673036	-0.7041382784024970	133.7275480376761700	-0.6911777382099849	0.7225651722284973	0.0131493758533331	-0.7225803133393892	-0.6906539844016121	-0.0295764197381666	-0.0122892219965116	-0.0299440430232936	0.9994760273814173
DSC00590.JPG	2693778.5855553076000000	1256214.0505673883000000	583.8239786523182600	1.7717752467293113	-0.6473009774564987	133.7298276024672800	-0.6912145731378930	0.7225033645523296	0.0145362337750933	-0.7225612673351861	-0.6906758022251935	-0.0295322055992248	-0.0112972929841454	-0.0309164103859002	0.9994581265566265
DSC00591.JPG	2693776.9698996022000000	1256215.0759099212000000	583.8039439262618100	1.9956859791976296	-0.7491763242120029	133.7093181729656800	-0.6909409104220563	0.7227309663206977	0.0161433771649721	-0.7227929834346226	-0.6902517144926718	-0.0335093082232965	-0.0130752209471372	-0.0348212716751980	0.9993080193994769
DSC00592.JPG	2693775.4794815853000000	1256216.1132951709000000	583.8432714145772000	2.0487179694547590	-0.7474803977485682	133.7253527341205800	-0.6911434284397071	0.7225217928251942	0.0168232047266437	-0.7225998706198423	-0.6904233970275490	-0.0341315076890354	-0.0130456239710493	-0.0357462128008996	0.9992757477121111
DSC00593.JPG	2693773.8960749768000000	1256217.3101506915000000	583.8446425124366200	2.1059824236498663	-0.7159321518023774	133.7023004782420500	-0.6908575015123174	0.7227683500847112	0.0179394737933614	-0.7228829686587001	-0.6901128195244909	-0.0344167103474869	-0.0124950481128739	-0.0367451825928574	0.9992465488200969
DSC00594.JPG	2693772.2400451023000000	1256218.5951929877000000	583.7888623083074400	2.2267060793283533	-0.7950873505705485	133.7123076115044900	-0.6909711596591781	0.7226455049471011	0.0185021809254942	-0.7227491271147776	-0.6901261949329897	-0.0368718635566531	-0.0138764467381648	-0.0388498294341558	0.9991487051379591
DSC00595.JPG	2693770.8877142221000000	1256219.6768996175000000	583.7426755117738800	2.2501941216408454	-0.7536379620618733	133.6833075503459700	-0.6906120068623824	0.7229674479824436	0.0193164472733918	-0.7231058375819475	-0.6897657115940394	-0.0366225444784906	-0.0131530845212378	-0.0392598047234303	0.9991424643666466
DSC00596.JPG	2693769.0034626611000000	1256221.1795065019000000	583.7958413960785700	2.2855917345799166	-0.7887724710488275	133.6690953597438600	-0.6904269204876782	0.7231433290137579	0.0193492420730512	-0.7232711511265176	-0.6895459165710322	-0.0374869429046581	-0.0137662418264060	-0.0398767431357614	0.9991097717182337
DSC00597.JPG	2693767.5200796649000000	1256222.3581830610000000	583.8326672042014700	2.3235089802871345	-0.8069487585671785	133.6581696962857700	-0.6902859386127218	0.7232707144842016	0.0196162311126825	-0.7233995987491838	-0.6893737481548667	-0.0381687815423807	-0.0140834471303269	-0.0405377469085716	0.9990787494449595
DSC00598.JPG	2693765.9884406589000000	1256223.5489708723000000	583.8314762367758700	2.3452921704996985	-0.7427987085959413	133.7166719375423700	-0.6910346748750337	0.7225272916585872	0.0206250073663838	-0.7227053444515473	-0.6901304322922568	-0.0376426822274022	-0.0129639199907361	-0.0409182017274748	0.9990783940942091
DSC00599.JPG	2693764.4842559285000000	1256224.7188128133000000	583.8574098612625700	2.4051625139004318	-0.7378262692894838	133.6835730674996200	-0.6906178385533541	0.7229013641526394	0.0214620310815795	-0.7231052345897003	-0.6896758598483255	-0.0382887457544399	-0.0128771417972981	-0.0419621978538667	0.9990362121416848
DSC00600.JPG	2693762.5507348161000000	1256226.2221263193000000	583.8454759422968400	2.4438442926605566	-0.7884627257168118	133.6709238514243900	-0.6904500534121147	0.7230649658169014	0.0213489801023727	-0.7232491708454022	-0.6894629889012764	-0.0393881175833125	-0.0137608362625939	-0.0426361600466364	0.9989958945069954
DSC00601.JPG	2693761.6282831952000000	1256226.9706704565000000	583.7981654192200300	2.4157578968056819	-0.7620034663986312	133.6464467247835200	-0.6901453262175199	0.7233563957502210	0.0213296373003088	-0.7235485907953231	-0.6891873326800869	-0.0387073278774129	-0.0132990773444937	-0.0421467104357790	0.9990229173253374
DSC00602.JPG	2693759.6921154391000000	1256228.4556278104000000	583.8131411176460700	2.5038573144162655	-0.8178877494412963	133.6314070123280500	-0.6899460976619143	0.7235330085068833	0.0217799890283337	-0.7237199909301032	-0.6889062718795105	-0.0404663229513856	-0.0142743493451409	-0.0436821950690784	0.9989434962923176
DSC00603.JPG	2693758.8461678196000000	1256229.1535685128000000	583.8303154608120200	2.5185863210587462	-0.8108899952183192	133.6787080764920600	-0.6905445351068623	0.7229547086122706	0.0220166829789320	-0.7231514084073034	-0.6894968075351160	-0.0405733030133895	-0.0141522278309958	-0.0439390679718022	0.9989339681646575
DSC00604.JPG	2693757.3998757135000000	1256230.3170101792000000	583.8651008784268000	2.5345138337584388	-0.8438183922722685	133.6909459938312900	-0.6906932463068650	0.7228188288378539	0.0218123860124802	-0.7229978966803844	-0.6896215277158663	-0.0411848261690577	-0.0147268768523539	-0.0442163904938939	0.9989134246319182
DSC00605.JPG	2693755.6729191653000000	1256231.6649992813000000	583.8296691020494800	2.5686081616174326	-0.8837159641330742	133.6894687877805600	-0.6906673545976753	0.7228450540944429	0.0217631124669946	-0.7230081133660147	-0.6895556994504188	-0.0420975695540723	-0.0154231417021612	-0.0448103238846366	0.9988764496039483
DSC00606.JPG	2693754.5395899545000000	1256232.5626676299000000	583.8295360543085100	2.4037198658667540	-0.8606308986757977	133.6693753370701400	-0.6904179902474815	0.7231348467680370	0.0199747874180619	-0.7232547199928213	-0.6894326529611936	-0.0398149097574756	-0.0150202779845849	-0.0419357892576072	0.9990073977847248
DSC00607.JPG	2693753.3376452383000000	1256233.5010068011000000	583.8734974540873300	2.4741745745234920	-1.0231217127986520	133.6400326385648600	-0.6900153291052559	0.7235471732767957	0.0189297026633770	-0.7235744693291432	-0.6889241709544175	-0.0427021546273429	-0.0178558935596617	-0.0431621908379008	0.9989085004880371
DSC00608.JPG	2693752.2806928400000000	1256234.4464874703000000	583.9097648847894100	2.4304643723164268	-1.0446140734540958	133.6247235906913900	-0.6898173005587286	0.7237564358871157	0.0181304539890163	-0.7237539115584544	-0.6887516790019906	-0.0424429048932266	-0.0182309449482140	-0.0423998370741972	0.9989343754533512
DSC00609.JPG	2693751.3979614656000000	1256235.2010816911000000	583.9019836146744600	2.4111757364420106	-1.0460797953595797	133.6182918402529100	-0.6897357290998085	0.7238405538246105	0.0178739095342149	-0.7238310047202560	-0.6886838989135445	-0.0422275263649609	-0.0182565223638054	-0.0420635235818469	0.9989481264685666
DSC00610.JPG	2693750.1853677835000000	1256236.1107661386000000	583.8494018760646900	2.4446016780385609	-1.1019464188118739	133.5819742521928200	-0.6892641823551640	0.7242950386126555	0.0176517410857759	-0.7242548169574753	-0.6881700785510911	-0.0433232397320319	-0.0192314075449753	-0.0426455159199347	0.9989051571274233
DSC00611.JPG	2693750.0873006694000000	1256236.1261778118000000	583.7807146949987800	2.2800278670718805	-1.0848370569825958	133.5308018532368200	-0.6886209807209093	0.7249490147909061	0.0158136290796381	-0.7248742595837396	-0.6876530862978647	-0.0411161853525717	-0.0189328472211241	-0.0397763605514247	0.9990292230147148
DSC00612.JPG	2693752.2650378551000000	1256238.4502073263000000	583.9701062329689900	2.4150276704275897	-1.0463614941201878	133.5397421294293600	-0.6887426824914981	0.7247829607488442	0.0179771277615554	-0.7247758530693373	-0.6876879130727023	-0.0422527753091555	-0.0182614381150398	-0.0421306779182557	0.9989452066335365
DSC00613.JPG	2693752.6852502134000000	1256238.0496184675000000	583.9164319431384900	2.3166713547732098	-0.9917438313473216	133.4735135760844600	-0.6879161139635647	0.7255807468614112	0.0174355938615624	-0.7255837938043612	-0.6869491164884509	-0.0403617334143076	-0.0173083308767225	-0.0404164711445079	0.9990329977245434
DSC00614.JPG	2693754.4850353766000000	1256236.3481005128000000	583.8281567052808900	2.2279499195814587	-1.0260779663534720	133.4219106773774100	-0.6872550922234403	0.7262413412161550	0.0159358878482254	-0.7261954009171788	-0.6863400854289352	-0.0397180918491852	-0.0179074816679615	-0.0388690293416637	0.9990838406552017
DSC00615.JPG	2693756.1007199157000000	1256234.9149673667000000	583.7811583741516900	2.2436656581014982	-0.9859253643534970	133.4128219550046300	-0.6871483444542254	0.7263269525345547	0.0166225971401579	-0.7263133476218303	-0.6862338818087346	-0.0393951840214821	-0.0172067945936276	-0.0391435496548676	0.9990854361566032
DSC00616.JPG	2693758.0244645122000000	1256233.3742974864000000	583.7679153857039900	2.3342974434577322	-0.9830976736618231	133.3989090077145100	-0.6869725385209183	0.7264649681250981	0.0178152015179754	-0.7264808003308578	-0.6859957821767621	-0.0404404943877893	-0.0171574493664283	-0.0407239109454544	0.9990231153524650
DSC00617.JPG	2693759.7007920034000000	1256232.0262487228000000	583.7744629223077500	2.3474284728240304	-0.9858710073208283	133.4138516555698900	-0.6871614086222931	0.7262832996213531	0.0179378703124283	-0.7263010101623110	-0.6861744925840940	-0.0406375240900346	-0.0172058460248825	-0.0409528316247074	0.9990129250637783
DSC00618.JPG	2693761.5857212096000000	1256230.5392188707000000	583.8267277415652600	2.4297037805330630	-1.0339057999398056	133.6569675630823900	-0.6902268336897313	0.7233634885496101	0.0182258467014890	-0.7233680454604455	-0.6891651684416538	-0.0423088810242269	-0.0180440810622915	-0.0423867200916251	0.9989383249723137
DSC00619.JPG	2693763.4219044130000000	1256229.1692111904000000	583.8764218812235600	2.4800744070716134	-0.9985384034088420	133.7079644140141900	-0.6908779679905985	0.7227150787792273	0.0192496298748070	-0.7227613274651082	-0.6897905638933145	-0.0424857797929846	-0.0174269006440029	-0.0432653772534005	0.9989116128392268
DSC00620.JPG	2693764.8384025693000000	1256228.0463884596000000	583.8605598979526100	2.4896544409756984	-0.9712817498139512	133.6960703411629100	-0.6907335636018515	0.7228407533947995	0.0197075961376764	-0.7229106439593418	-0.6896483460415217	-0.0422535164510936	-0.0169512525842850	-0.0434327530077512	0.9989125342100739
DSC00621.JPG	2693765.9175487049000000	1256227.1862283738000000	583.8785334994487400	2.4917606723180818	-0.9374201875707171	133.6933862517774100	-0.6907064971121477	0.7228545880759524	0.0201439654639255	-0.7229501187223463	-0.6896315046095495	-0.0418510894638960	-0.0163603388232644	-0.0434699016276182	0.9989207711155442
DSC00622.JPG	2693767.6012466960000000	1256225.7728216220000000	583.8747354274214600	2.5266208257480702	-0.9358136869437087	133.6770497529549000	-0.6905006539048788	0.7230379396901058	0.0206151576666818	-0.7231473589857581	-0.6894006786736325	-0.0422445432719751	-0.0163323038441438	-0.0440776815749473	0.9988945959600145
DSC00623.JPG	2693768.9205274768000000	1256224.6470030905000000	583.8714293119593300	2.5170773570807103	-0.9294556967603154	133.6609140929020000	-0.6902982204649226	0.7232321219267948	0.0205831153188104	-0.7233430960512460	-0.6892075801725354	-0.0420437489731321	-0.0162213506823060	-0.0439113794589146	0.9989037283622766
DSC00624.JPG	2693770.6843890958000000	1256223.1299641929000000	583.8975370607403200	2.5395484968658377	-0.9076177525204294	133.6431085046660000	-0.6900776135280569	0.7234264819495581	0.0211426706332967	-0.7235620039836883	-0.6889784705484842	-0.0420320533852553	-0.0158402556333720	-0.0443034122247758	0.9988925337426000
DSC00625.JPG	2693772.5617527403000000	1256221.6586587040000000	583.9019193210776800	2.4954862762081329	-0.8417360751138858	133.6270683529801000	-0.6898871336648664	0.7236008507985497	0.0213904541160280	-0.7237678708756200	-0.6888442688976851	-0.0406650008605156	-0.0146905374934479	-0.0435359843167603	0.9989438453575479
DSC00626.JPG	2693773.4563200306000000	1256220.9621082982000000	583.8954421168944000	2.5133367391801111	-0.8306443533659980	133.6174255682279600	-0.6897672638708743	0.7237042149206682	0.0217561714956404	-0.7238860127966236	-0.6887159220419171	-0.0407359694049131	-0.0144969710454927	-0.0438473263952529	0.9989330557141929
DSC00627.JPG	2693774.6070984937000000	1256220.0223908785000000	583.8699499932170100	2.5559899895851674	-0.8419209074413585	133.6274144602730900	-0.6898914730238681	0.7235737976584249	0.0221520832230821	-0.7237636691459215	-0.6888052098325270	-0.0413948563471562	-0.0146937630779339	-0.0445908314537144	0.9988972675289867
DSC00628.JPG	2693777.1193565670000000	1256218.0272219235000000	583.8425245836599500	2.5480918112708673	-0.8052757262239847	133.6306365075558100	-0.6899385164724335	0.7235184899022912	0.0224908483015953	-0.7237315258726932	-0.6888721777841695	-0.0408387209995429	-0.0140542500973967	-0.0444535425405408	0.9989125890736370
DSC00629.JPG	2693777.8800501190000000	1256217.3964712524000000	583.8747416414604500	2.5333277543385737	-0.8282274453776206	133.6226180812298300	-0.6898332855376977	0.7236328761864919	0.0220340342727032	-0.7238239407059608	-0.6887685997721245	-0.0409477573114927	-0.0144547924633609	-0.0441958874785052	0.9989183062216994
DSC00630.JPG	2693778.7061119787000000	1256216.7099826667000000	583.8927441461762600	2.5761969091037442	-0.8369512633991405	133.6226301532497900	-0.6898319116513106	0.7236207635259937	0.0224705198328014	-0.7238221937565308	-0.6887329683488522	-0.0415731900972524	-0.0146070357355978	-0.0449431741584585	0.9988827486765308
DSC00631.JPG	2693780.3110698406000000	1256215.4460914605000000	583.8968671066876400	2.5587637828315648	-0.8566805103162501	133.5953414805522400	-0.6894835842027475	0.7239661180309857	0.0220328631384512	-0.7241469772039966	-0.6883897282008152	-0.0416021335260901	-0.0149513384433258	-0.0446390193749083	0.9988912930985031
DSC00632.JPG	2693782.2213261351000000	1256213.9158443043000000	583.8567235816019500	2.5657129619481185	-0.8220008936168549	133.6063022844813000	-0.6896282176470505	0.7238130522203744	0.0225296884216780	-0.7240214844752642	-0.6885427779221776	-0.0412520664869750	-0.0143461299027517	-0.0447605675414984	0.9988947292633875
DSC00633.JPG	2693782.9907995388000000	1256213.3284573583000000	583.8127637429578300	2.5837068030558852	-0.8283554730039411	133.6015679729984800	-0.6895672883576786	0.7238662788988003	0.0226840274255344	-0.7240773088593959	-0.6884663586182429	-0.0415466466260743	-0.0144570267334856	-0.0450741979866701	0.9988790272369753
DSC00634.JPG	2693784.5021590367000000	1256212.1954724463000000	583.7872084020126500	2.6535053176829742	-0.8692896028024074	133.6162696080355900	-0.6897457570883289	0.7236842558911425	0.0230627048268786	-0.7238926852071953	-0.6885770002666110	-0.0429079830259143	-0.0151713836601721	-0.0462905225626121	0.9988128036017141
DSC00635.JPG	2693785.1836959589000000	1256211.6865338876000000	583.7942645366980500	2.6659437896145968	-0.8574581587134863	133.5966436983082400	-0.6894999024304442	0.7239084268952365	0.0233767837495257	-0.7241311594135187	-0.6883266970295986	-0.0429001412906341	-0.0149649094497999	-0.0465075007540472	0.9988058389190424
DSC00636.JPG	2693786.3581076991000000	1256210.7683523230000000	583.8137106424403600	2.6110467940619730	-0.8459085878142405	133.5995758109096100	-0.6895390252322735	0.7238889324871404	0.0228198620581901	-0.7240980431335449	-0.6884111807722014	-0.0420959632030771	-0.0147633536805558	-0.0455506268941759	0.9988529340086310
DSC00637.JPG	2693787.3822935447000000	1256209.9366778638000000	583.7983270749274400	2.6608593228611994	-0.8886431253079470	133.6296751642153700	-0.6899115328448873	0.7235309828647748	0.0229127406119661	-0.7237275342555856	-0.6887294399618458	-0.0432459788902167	-0.0155091266017172	-0.0464184808516625	0.9988016778257213
DSC00638.JPG	2693787.4988981672000000	1256209.8177512570000000	583.8660669808410800	2.6735741993886126	-0.8417667096720830	133.6267054111141600	-0.6898825435018655	0.7235352491658637	0.0236393609450083	-0.7237722352865335	-0.6887099445420762	-0.0428061177541893	-0.0146910721096537	-0.0466407065056139	0.9988036928730921
DSC00639.JPG	2693788.7403995823000000	1256212.1435394487000000	583.8813032766577200	2.6850329943575404	-0.9073438359289853	133.5732843219474000	-0.6891953760703996	0.7242092720810845	0.0230361419288522	-0.7244024926236058	-0.6879876293955580	-0.0437498626213569	-0.0158354754866095	-0.0468396416560457	0.9987768948497189
DSC00640.JPG	2693788.3129641619000000	1256212.5639008493000000	583.9618543405887300	2.7503548944071046	-0.9508868759971628	133.6246611482896200	-0.6898361646673744	0.7235905336262748	0.0232981879864117	-0.7237752831110802	-0.6885600040922910	-0.0451049922059670	-0.0165953449642579	-0.0479777074365560	0.9987105356982320
DSC00641.JPG	2693786.5889657643000000	1256214.0691667430000000	583.9769070132123300	2.8410974130840150	-0.8719212300290863	133.6558065264025000	-0.6902446327784064	0.7231312140980851	0.0253691568175356	-0.7234160493311618	-0.6889303370563459	-0.0452129434291111	-0.0152173089177008	-0.0495604467338615	0.9986551935622442
DSC00642.JPG	2693784.7815537509000000	1256215.5291813838000000	583.9251110561260700	2.6955446556373728	-0.7480789595506250	133.6766746698885400	-0.6905291694957033	0.7228721264866025	0.0250070954793121	-0.7231867014214859	-0.6893798372034573	-0.0419098430496409	-0.0130560699555540	-0.0470247680065791	0.9988083951545680
DSC00643.JPG	2693782.3372537680000000	1256217.3623904996000000	583.9513584713048400	2.4150360085910454	-0.5046877077455162	133.6702964238131100	-0.6904807261383954	0.7229390588562102	0.0244025410867717	-0.7232971587334115	-0.6896257365740640	-0.0354621435174789	-0.0088083482883060	-0.0421362152403096	0.9990730465614887
DSC00644.JPG	2693780.5215335153000000	1256218.7576036335000000	583.8636754747735700	2.3986079359438559	-0.5324879111799307	133.6551014824453000	-0.6902858506177780	0.7231429104749709	0.0238699699764987	-0.7234770726651433	-0.6894294339463435	-0.0356087199474964	-0.0092935334919068	-0.0418495715415695	0.9990806992415688
DSC00645.JPG	2693779.0383209828000000	1256219.9009869734000000	583.8797980800337700	2.3896553524370043	-0.5418529764077766	133.6551359637972200	-0.6902852281773437	0.7231509208633977	0.0236442258188364	-0.7234755485406034	-0.6894304940728027	-0.0356191592602085	-0.0094569775311503	-0.0416933987215184	0.9990856950627529
DSC00646.JPG	2693777.6206286307000000	1256221.0534946450000000	583.9421365305682900	2.3653962919498079	-0.5715707153559028	133.6510917122523400	-0.6902306809266043	0.7232243057224916	0.0229828353302336	-0.7235206244502117	-0.6893789787771983	-0.0357005548315908	-0.0099756254326239	-0.0412701736406331	0.9990982232317804
DSC00647.JPG	2693776.1653234884000000	1256222.2509002127000000	583.9867841089372900	2.3640358143843980	-0.6000137590117849	133.6622291842149100	-0.6903678057869876	0.7231049686424084	0.0226163007037388	-0.7233827682777015	-0.6895055851391840	-0.0360474495735923	-0.0104720242431359	-0.0412462408776090	0.9990941318623174
DSC00648.JPG	2693774.7700063065000000	1256223.4282928722000000	583.9949595580260400	2.3242978585069416	-0.5910415191935887	133.6391118778651300	-0.6900770073413431	0.7233942460273852	0.0222371030776602	-0.7236624321369967	-0.6892432003503887	-0.0354470744113073	-0.0103154375758761	-0.0405533671256211	0.9991241245022527
DSC00649.JPG	2693773.0062552691000000	1256224.7279094649000000	583.9063121553896300	2.3124803961585529	-0.6424244276736041	133.6834816497554600	-0.6906305364742875	0.7228898365184638	0.0214416964708303	-0.7231208398065752	-0.6897843225330111	-0.0359699794983113	-0.0112121865250165	-0.0403469037967518	0.9991228223933956
DSC00650.JPG	2693771.5887879226000000	1256225.8588987263000000	583.9261788533961000	2.3101050813770154	-0.7272106448444480	133.6753969309749300	-0.6905162797879486	0.7230292379243107	0.0203957950176440	-0.7232054919223251	-0.6896406648462788	-0.0370076997903197	-0.0126918793406900	-0.0403047701516026	0.9991068219674152
DSC00651.JPG	2693770.1272620559000000	1256227.0437126707000000	583.9282786445329500	2.1765829260777898	-0.6726136679736027	134.1051482186789500	-0.6959293634879882	0.7178559938039101	0.0191074120436155	-0.7180142865284287	-0.6951550445412288	-0.0348561097937561	-0.0117390534658876	-0.0379767851283370	0.9992096668943118
DSC00652.JPG	2693768.6699291039000000	1256228.2123055765000000	583.9080572924566500	2.1609789419292098	-0.7472668348395465	136.2971823882740000	-0.7228716849316242	0.6907821220092901	0.0166309060624153	-0.6908592013203885	-0.7220792647470639	-0.0362642988805044	-0.0130418969122275	-0.0377040493141284	0.9992038398596399
DSC00653.JPG	2693767.6782794409000000	1256228.9684770207000000	583.9143651957384700	2.2320417588465644	-0.8705064896341358	136.9405289103975200	-0.7305610893626194	0.6826714238522875	0.0154990891601121	-0.6826783129776816	-0.7296870819492567	-0.0388211723976173	-0.0151926198941828	-0.0389421300376529	0.9991259654362313
DSC00654.JPG	2693766.0237072017000000	1256230.3925145026000000	583.9553064483916400	2.1386134825347081	-0.8130715566245415	137.4818755273656700	-0.7369893763185184	0.6757429738316846	0.0147679555373213	-0.6757553511408780	-0.7361923266371937	-0.0370885913049373	-0.0141902994369309	-0.0373134227541131	0.9992028542214352
DSC00655.JPG	2693764.5603641532000000	1256231.5716721753000000	583.9471172014941700	2.1620469175880879	-0.8310007710909279	137.4677416856435700	-0.7368193489119598	0.6759271569044475	0.0148231450113121	-0.6759340977626425	-0.7360024019668459	-0.0375973374168448	-0.0145031910543164	-0.0377219148255286	0.9991830235703255
DSC00656.JPG	2693762.8729163911000000	1256232.9083794493000000	583.8901076576834200	2.1590949373398178	-0.8550917414030614	137.4773729519293400	-0.7369284016908865	0.6758158634201029	0.0144723713003912	-0.6758060495272128	-0.7361072439729791	-0.0378458556902573	-0.0149236122884990	-0.0376702020202533	0.9991787836398530
DSC00657.JPG	2693761.3852833416000000	1256234.0510849438000000	583.7868276019296400	2.1516117189987436	-0.8335189032323679	137.4683429333327600	-0.7368259715338540	0.6759233376710854	0.0146672855284390	-0.6759259341851396	-0.7360152150021144	-0.0374931297885123	-0.0145471361146749	-0.0375399104550354	0.9991892393104968
DSC00658.JPG	2693760.4047634732000000	1256234.8314062678000000	583.7914047304395800	2.0818020001100943	-0.7537076735299029	137.4287006214316000	-0.7363723380984262	0.6764125557219609	0.0148940976612527	-0.6764486263166983	-0.7356267275955790	-0.0356451062738226	-0.0131543011106208	-0.0363231621518024	0.9992535175087377
DSC00659.JPG	2693758.7072951030000000	1256236.2476792247000000	583.8318984426209700	2.1633380858756848	-0.8017886627596830	137.4389875303349100	-0.7364853861362447	0.6762819290913038	0.0152324782058535	-0.6763087023649052	-0.7356752609482536	-0.0372619045972883	-0.0139933953436902	-0.0377447057647079	0.9991894325269314
DSC00660.JPG	2693757.6635589041000000	1256237.2267158611000000	583.8870857372423900	2.1478351486793676	-0.7784902225161111	137.4123025699822400	-0.7361744504731496	0.6766173717651862	0.0153658939254598	-0.6766554347297950	-0.7353805748288080	-0.0367808756704364	-0.0135867995196894	-0.0374745565687482	0.9992052124007298
DSC00661.JPG	2693756.4955150243000000	1256238.1130649371000000	583.9285448614044800	2.0933520517443722	-0.7735751504183610	137.4283731117874900	-0.7363650680721140	0.6764230713091562	0.0147754906463147	-0.6764497090662278	-0.7356070926246208	-0.0360277168936453	-0.0135010231970182	-0.0365244285518819	0.9992415566276216
DSC00662.JPG	2693755.4160355758000000	1256238.8550496614000000	583.8647683350177400	2.0774853895948140	-0.8106872881902747	137.4363315092371900	-0.7364524245788486	0.6763422457701477	0.0141064849813206	-0.6763413641758803	-0.7356951090751034	-0.0362638330527985	-0.0141486902801643	-0.0362473870722485	0.9992426839831206
DSC00663.JPG	2693754.2264608759000000	1256239.8617275581000000	583.8388414727959300	2.0680644398691301	-0.8076858376621136	137.4223604379408000	-0.7362880275677117	0.6765225383402997	0.0140426342986903	-0.6765214220526076	-0.7355373982353823	-0.0361040344150444	-0.0140963103103615	-0.0360831112118041	0.9992493698376351
DSC00664.JPG	2693753.6658499688000000	1256240.3437832226000000	583.8325732063656200	2.0622454525332623	-0.7809545909036252	137.3866660206187500	-0.7358711818435936	0.6769697064628036	0.0143394652542738	-0.6769843662127991	-0.7351308198663599	-0.0357049798497095	-0.0136298068792985	-0.0359818595167022	0.9992594928996939
DSC00665.JPG	2693753.4215141181000000	1256240.4866511743000000	583.8177728558322300	1.8367661839658906	-0.7111820228588488	137.3524440055403200	-0.7354783597215272	0.6774312319525363	0.0125900101906705	-0.6774345141301525	-0.7348875733131458	-0.0319802072407287	-0.0124121491521744	-0.0320496578013757	0.9994092044744428
DSC00666.JPG	2693755.5352602433000000	1256242.7421672016000000	583.8631708585030500	1.8895658310988064	-0.8653105883404056	137.3886267061058700	-0.7358787819460376	0.6770204125217992	0.0112151375573138	-0.6769448644812213	-0.7352253934857193	-0.0344858119560835	-0.0151019447130841	-0.0329694070705364	0.9993422584196569
DSC00667.JPG	2693755.9097334221000000	1256242.3105517845000000	583.8585678150250300	1.7619679289749197	-0.7421733871170412	137.3318772788818500	-0.7352300982981094	0.6777230827009442	0.0113192637075789	-0.6776938262715030	-0.7346742037465213	-0.0313829919368035	-0.0129530069884267	-0.0307447153791496	0.9994433361057611
DSC00668.JPG	2693757.6887810845000000	1256240.7177850406000000	583.8988378547185200	1.7077852806308960	-0.8690681243429018	137.2894327925564000	-0.7347049825710305	0.6783260572793990	0.0090746129993263	-0.6782171738945644	-0.7341565237703908	-0.0321817283539284	-0.0151675185766098	-0.0297986345519681	0.9994408375482098
DSC00669.JPG	2693759.3798676822000000	1256239.3288716478000000	583.9245295609351800	1.7560506503589015	-0.7664297869434448	137.2923738099477800	-0.7347585815977776	0.6782401540568520	0.0109599358282582	-0.6781968008738868	-0.7342012003331886	-0.0315863374535636	-0.0133763243399146	-0.0306413259217565	0.9994409352697690
DSC00670.JPG	2693761.3597192280000000	1256237.8234499728000000	583.8958762834848800	1.7845893854982551	-0.6295234460250154	137.2799456657510300	-0.7346328400490250	0.6783391833640128	0.0130591973163764	-0.6783759100720332	-0.7340887207352295	-0.0303294365799204	-0.0109870357897060	-0.0311400449961004	0.9994546426137589
DSC00671.JPG	2693763.5630838070000000	1256236.0406947606000000	583.8693394983147300	1.8398101317896647	-0.6288893977768070	137.2949438165795200	-0.7348104806840600	0.6781338452262290	0.0137129659647166	-0.6781836665346835	-0.7342369280880869	-0.0310330127016817	-0.0109759702274356	-0.0321032925174138	0.9994242876211824
DSC00672.JPG	2693765.0959475078000000	1256234.8564203146000000	583.8860507278947100	1.8102074929900207	-0.6300089058654130	137.2816389118983100	-0.7346528191611366	0.6783117789425484	0.0133553676995495	-0.6783541361996008	-0.7340949511627667	-0.0306637991486501	-0.0109955081504960	-0.0315869154102021	0.9994405262822703
DSC00673.JPG	2693767.0444981456000000	1256233.3029770874000000	583.8562513801497300	1.8901074904095809	-0.6097307021419121	137.2841202221187600	-0.7346850091862167	0.6782521287215508	0.0145597789040207	-0.6783249173280247	-0.7340887685573363	-0.0314481543163041	-0.0106416074432772	-0.0329807483641472	0.9993993328136477
DSC00674.JPG	2693768.0452108532000000	1256232.4336379969000000	583.8234935608426200	1.9421790067983866	-0.6140955637400357	137.2885025999560500	-0.7347362922123947	0.6781843654273250	0.0151177840942051	-0.6782681696833302	-0.7341100077555705	-0.0321680976674473	-0.0107177843049578	-0.0338889805549504	0.9993681334205822
DSC00675.JPG	2693769.7826621681000000	1256230.9843264467000000	583.8311162796019300	1.9124803804963664	-0.4620792659813871	137.2935081464617900	-0.7348138548926690	0.6780629092721348	0.0167119635945079	-0.6782208777343085	-0.7342458813521610	-0.0299904438562163	-0.0080647171729338	-0.0333717962776591	0.9994104680010726
DSC00676.JPG	2693770.4876428172000000	1256230.3287248940000000	583.8586593395195900	2.0158363224983451	-0.5180719588993505	137.2905709190650300	-0.7347729433458425	0.6780945546450323	0.0172190791752256	-0.6782528769418218	-0.7341325116318803	-0.0319764020053800	-0.0090419382340919	-0.0351742850079882	0.9993402889042089
DSC00677.JPG	2693772.1306422614000000	1256229.0594634353000000	583.9770310448528800	2.0359332652621083	-0.5570277901431574	137.2894893344219200	-0.7347554526046171	0.6781200790086419	0.0169582815490817	-0.6782624205755672	-0.7340920667554574	-0.0326944393081373	-0.0097218158157908	-0.0355245826437865	0.9993215149916611
DSC00678.JPG	2693773.3856664672000000	1256228.0882793823000000	583.9244568327122800	2.0000102931507175	-0.5405425713318971	137.2807230296165800	-0.7346536938933874	0.6782355131107295	0.0167492926485588	-0.6783767004115808	-0.7340154696989610	-0.0320365819230187	-0.0094341076683150	-0.0348981231306206	0.9993463456752435
DSC00679.JPG	2693775.0115387309000000	1256226.7298978926000000	583.9130280335133400	2.0793798963835899	-0.5094606142097162	137.2742719444394800	-0.7345809605150032	0.6782798365556845	0.0180907647944939	-0.6784627853061909	-0.7339073745687663	-0.0326835510333069	-0.0088916479586625	-0.0362826249818788	0.9993020112663659
DSC00680.JPG	2693775.8775381744000000	1256226.0520333378000000	583.9691784392523500	2.0902516078124722	-0.5286615860042486	137.2837598926763000	-0.7346910705635174	0.6781638315167747	0.0179679842141509	-0.6783390729110284	-0.7340051781007276	-0.0330529981019249	-0.0092267543826990	-0.0364721283147438	0.9992920748508688
DSC00681.JPG	2693777.8101251181000000	1256224.5732093235000000	583.9383849410858100	2.1382915377260874	-0.4615886570750500	137.2635331976522700	-0.7344589859583628	0.6783755160103178	0.0194076588683127	-0.6786052580965584	-0.7337673996199768	-0.0328680230412693	-0.0080561547103465	-0.0373103542287277	0.9992712523827602
DSC00682.JPG	2693778.6506106798000000	1256223.8863481623000000	583.9186977829689300	2.1189006317852930	-0.4349451567352441	137.2425097765794500	-0.7342126085454434	0.6786386200636063	0.0195312265631275	-0.6788771758293711	-0.7335411866636524	-0.0322971764403318	-0.0075911521413043	-0.0369722980925677	0.9992874579333627
DSC00683.JPG	2693780.3894404247000000	1256222.4474413178000000	583.9012856540115300	2.1499003749305876	-0.4178234332813399	137.2428493445016200	-0.7342182647630886	0.6786153752899875	0.0201174577993679	-0.6788743341826231	-0.7335352373193494	-0.0324914450116689	-0.0072923299691862	-0.0375130381451054	0.9992695301532740
DSC00684.JPG	2693782.3036897089000000	1256220.9141131106000000	583.8541651192698500	2.1751590415499003	-0.3996372932618616	137.2363846697691900	-0.7341433251344061	0.6786803550852143	0.0206531784964375	-0.6789587089888015	-0.7334524500130123	-0.0325971633454466	-0.0069749300252901	-0.0379536452968316	0.9992551581852479
DSC00685.JPG	2693783.7647218648000000	1256219.7774245187000000	583.7704369092067500	2.2293289811143500	-0.4299591945411976	137.2123313939178800	-0.7338554158817747	0.6789834696011656	0.0209207215303341	-0.6792642464950242	-0.7331223476242744	-0.0336408508724112	-0.0075041331633727	-0.0388982187540243	0.9992150001692480
DSC00686.JPG	2693785.5194916762000000	1256218.3808624265000000	583.8798760895562100	2.2427331459034394	-0.4439530003208697	137.2068417292697100	-0.7337889635456548	0.6790558086640821	0.0209037245045768	-0.6793332906852156	-0.7330429063152576	-0.0339761337953064	-0.0077483640460021	-0.0391319079582175	0.9992040115182485
DSC00687.JPG	2693786.3248748779000000	1256217.7660549525000000	583.9298241340487700	2.2584282921018568	-0.3926833987347657	137.2202747360193800	-0.7339530082822382	0.6788522977999606	0.0217379715053205	-0.6791656721935531	-0.7332167036841072	-0.0335746206604265	-0.0068535645711823	-0.0394058778651901	0.9991997825471856
DSC00688.JPG	2693787.6613027640000000	1256216.8077140204000000	583.9182837085376100	2.2553299628067505	-0.3575257284659122	137.1930475502115300	-0.7336331303665158	0.6791841086551023	0.0221670155637075	-0.6795171027428205	-0.7329122501369121	-0.0331080153324232	-0.0062399606272744	-0.0393520031208533	0.9992059260941894
DSC00689.JPG	2693788.7206652835000000	1256215.9020587050000000	583.8630817148397200	2.2889046786463254	-0.3884835345491560	137.1904573348059300	-0.7335998296439534	0.6792199647646479	0.0221704625904200	-0.6795478776034726	-0.7328473546070863	-0.0339033462951850	-0.0067802648162143	-0.0399373798653144	0.9991791799765024
DSC00690.JPG	2693790.0768300593000000	1256214.7736892756000000	583.8824713244119900	2.2761858285528991	-0.3496482403124142	137.1857009363296000	-0.7335466172886899	0.6792659580057709	0.0225192930355868	-0.6796117421450876	-0.7328167694594461	-0.0332785567226135	-0.0061024751403859	-0.0397157486839135	0.9991923834295562
DSC00691.JPG	2693791.1213765685000000	1256214.0291151456000000	583.8524372170491000	2.3162826691274376	-0.4050849720898608	137.1937444597821500	-0.7336373427608518	0.6791758401282699	0.0222806528821683	-0.6795044255184430	-0.7328620792034361	-0.0344515393918391	-0.0070700076129284	-0.0404147380503227	0.9991579774693675
DSC00692.JPG	2693791.7787091136000000	1256213.5644215948000000	583.8508671452245800	2.3324964848683858	-0.4583405128713139	137.1989885138719400	-0.7336943934811379	0.6791301847137451	0.0217882809101491	-0.6794325172689633	-0.7328887571242001	-0.0352919843378838	-0.0079994657261893	-0.0406971975892751	0.9991395031007808
DSC00693.JPG	2693792.1462901421000000	1256213.4024361693000000	583.9428732272009500	2.3552944603529054	-0.3929918224688208	137.1996796425793300	-0.7337088062036962	0.6790782307337485	0.0228941967028580	-0.6794294242516775	-0.7329146944261796	-0.0348095986074759	-0.0068589474543084	-0.0410950999232480	0.9991316968258576
DSC00694.JPG	2693795.9410538897000000	1256213.7706577226000000	584.1988597247444700	2.1154160433288598	-0.6648989674435680	137.1505276114366700	-0.7330935582611982	0.6799251634073195	0.0166014156464424	-0.6800288026046416	-0.7323519758563791	-0.0349486922123684	-0.0116044157126814	-0.0369101019341324	0.9992512106128164
DSC00695.JPG	2693795.4191576391000000	1256214.0366450672000000	584.0739424012111800	2.1072366126015041	-0.7188409263255953	137.2126993268483700	-0.7338226835843246	0.6791578482846932	0.0157761265970402	-0.6792251995198081	-0.7330708031550879	-0.0355010689815387	-0.0125458118261395	-0.0367670324456691	0.9992451090351970
DSC00696.JPG	2693793.6131786946000000	1256215.6530249442000000	584.0590256404216200	2.1655703983916754	-0.6826354286638805	137.2499259084561900	-0.7342695141500147	0.6786474864766434	0.0169076813559763	-0.6787535180690293	-0.7334915875959011	-0.0358294939255461	-0.0119139539539412	-0.0377846532997103	0.9992148806318909
DSC00697.JPG	2693791.8536965698000000	1256217.1539792775000000	583.9706454820753800	2.1918349757862887	-0.6558378272093837	137.2482286598309400	-0.7342534187899041	0.6786482577489318	0.0175630079905962	-0.6787789770472212	-0.7334671245014030	-0.0358479789440270	-0.0114462794857264	-0.0382429016940890	0.9992029139048541
DSC00698.JPG	2693789.5704132579000000	1256218.8342192199000000	583.8677562091465900	2.2098784757541634	-0.6497271305988360	137.2197222054369400	-0.7339165058361677	0.6790045082942389	0.0178728894510481	-0.6791450324839590	-0.7331208550505781	-0.0359977324601416	-0.0113396346322291	-0.0385576141119863	0.9991920351365893
DSC00699.JPG	2693788.1716524381000000	1256219.9317721557000000	583.8532094454305900	2.1859898237580926	-0.5587649961964247	137.2343606802558900	-0.7341022876770815	0.6787801163677154	0.0187452620975731	-0.6789688704962948	-0.7333503719990375	-0.0346194278672968	-0.0097521343438726	-0.0381416506290001	0.9992247546788632
DSC00700.JPG	2693786.5530364346000000	1256221.1090682480000000	583.8953461549251600	2.2838552999143067	-0.6435948349459687	137.2332797316852000	-0.7340780737216394	0.6788042535532871	0.0188193262125000	-0.6789721718105085	-0.7332373040931801	-0.0368760870088835	-0.0112326126991275	-0.0398477257083839	0.9991426260388560
DSC00701.JPG	2693784.9818238262000000	1256222.2950164694000000	583.8957364755890500	2.2698702609107908	-0.6746862968145033	137.2301008347910200	-0.7340358191128552	0.6788652841147357	0.0182576636823899	-0.6790086599828300	-0.7331940266847784	-0.0370642536965473	-0.0117752251630592	-0.0396036015733482	0.9991460848218235
DSC00702.JPG	2693783.3386899531000000	1256223.5348095286000000	583.9353921648626100	2.2427454040625427	-0.6305692659042915	137.2299587880166300	-0.7340405739094862	0.6788535511884064	0.0185011322226987	-0.6790164353663104	-0.7332302684867600	-0.0361946664201097	-0.0110052876864126	-0.0391309265635772	0.9991734855515412
DSC00703.JPG	2693781.9854420088000000	1256224.6632446633000000	583.9420435581286000	2.3181051304020137	-0.6882472808055611	137.2235558224382100	-0.7339561835510833	0.6789404457881982	0.0186598954994649	-0.6790905941565472	-0.7330785117801177	-0.0378399325363555	-0.0120118922421081	-0.0404446119918443	0.9991095774766619
DSC00704.JPG	2693780.1465283278000000	1256226.3093185052000000	583.9626594162807600	2.3017288964290348	-0.6776631661813323	137.2351598862655600	-0.7340953206119453	0.6787918192954644	0.0185937170355822	-0.6789434277779696	-0.7332318255559185	-0.0375088238823380	-0.0118271777168550	-0.0401591340729532	0.9991232966044604
DSC00705.JPG	2693779.2889633514000000	1256227.0214315387000000	583.9876377659439900	2.2932566972274104	-0.6967322456427625	137.2582090613490800	-0.7343654577100548	0.6785093166095502	0.0182340833699867	-0.6786453489144991	-0.7335013348902200	-0.0376335237651643	-0.0121599719991259	-0.0400112357758074	0.9991252354398189
DSC00706.JPG	2693777.6846875083000000	1256228.2444199624000000	583.9678622629471600	2.3182986301727579	-0.6805558013870294	137.2363552827187000	-0.7341090463508382	0.6787726150962865	0.0187522015030634	-0.6789277054698349	-0.7332337227386626	-0.0377555106476888	-0.0118776601789906	-0.0404480510550462	0.9991110430550354
DSC00707.JPG	2693775.6499341056000000	1256229.8870842929000000	583.9847038649199900	2.3272072413209179	-0.6837683920675534	137.2424897472796500	-0.7341812424854254	0.6786928546950340	0.0188125534806535	-0.6788486498142435	-0.7332989672322513	-0.0379095674136811	-0.0119337264898802	-0.0406033698357608	0.9991040749241519
