<?xml version="1.0" encoding="UTF-8"?>
<document version="1.5.0">
  <chunk label="SonyA9" enabled="true">
    <sensors next_id="1">
      <sensor id="0" label="SonyA9" type="frame">
        <resolution width="6000" height="4000"/>
        <property name="pixel_width" value="0.006"/>
        <property name="pixel_height" value="0.006"/>
        <property name="focal_length" value="55"/>
        <property name="fixed" value="true"/>
        <property name="layer_index" value="0"/>
        <calibration type="frame" class="initial">
          <resolution width="6000" height="4000"/>
          <f>9227.77018581081</f>
          <cx>-37.8304617831239</cx>
          <cy>31.7622333680372</cy>
          <k1>-0.017282082281574</k1>
        </calibration>
      </sensor>
    </sensors>
    <cameras next_id="571" next_group_id="0">
      <camera id="0" sensor_id="0" label="DSC00584.JPG"/>
      <camera id="1" sensor_id="0" label="DSC00585.JPG">
        <transform>9.9041905277698450e-001 -1.3768775385823645e-001 -1.0591616204063872e-002 -1.8351755104468133e+001 -1.3760827504329315e-001 -9.9045520855622204e-001 7.9020556477514877e-003 1.8772852599997563e+001 -1.1578537729345237e-002 -6.3688524338752286e-003 -9.9991268377930165e-001 1.1242541365854730e+000 0 0 0 1</transform>
        <rotation_covariance>9.6038651830766502e-009 -2.0653521858222595e-009 -2.5166028820839647e-010 -2.0653521858222591e-009 6.7747981833720059e-009 -7.8937579014431296e-011 -2.5166028820839652e-010 -7.8937579014431283e-011 1.7546209511717588e-010</rotation_covariance>
        <location_covariance>4.3073195691404766e-006 -2.0030379416150645e-006 1.1547594113250118e-006 -2.0030379416150645e-006 7.2505042635845901e-006 -1.2038515427990144e-006 1.1547594113250118e-006 -1.2038515427990144e-006 1.0170673740987357e-006</location_covariance>
      </camera>
      <camera id="2" sensor_id="0" label="DSC00586.JPG">
        <transform>9.9408094355805232e-001 -1.0806305000863412e-001 -1.1200664157292302e-002 -1.7993908686387243e+001 -1.0802979301015475e-001 -9.9414137330032526e-001 3.5346449222644037e-003 1.8538989577413297e+001 -1.1517008158203721e-002 -2.3037177289787292e-003 -9.9993102332496364e-001 9.7912456157030703e-001 0 0 0 1</transform>
        <rotation_covariance>9.4631876137999918e-009 -1.7581431090710612e-009 -2.5110128508183911e-010 -1.7581431090710610e-009 5.9894182166677531e-009 -3.3373950885849214e-011 -2.5110128508183916e-010 -3.3373950885849214e-011 1.6520536266302576e-010</rotation_covariance>
        <location_covariance>3.8686084233202228e-006 -1.8027147779903584e-006 1.0390569500199263e-006 -1.8027147779903584e-006 6.9545627056179715e-006 -1.1221126207970909e-006 1.0390569500199263e-006 -1.1221126207970909e-006 9.4869751298296225e-007</location_covariance>
      </camera>
      <camera id="3" sensor_id="0" label="DSC00587.JPG">
        <transform>9.9679939265294948e-001 -7.9579158814371054e-002 -7.6241910461153223e-003 -1.6272212537159241e+001 -7.9580378144504499e-002 -9.9682844197905984e-001 1.4379143870777835e-004 1.8260496258034998e+001 -7.6114532835869081e-003 4.6340478772319553e-004 -9.9997092509478214e-001 8.7699793938263748e-001 0 0 0 1</transform>
        <rotation_covariance>9.3074123555388048e-009 -1.2437510918737848e-009 -1.8123451898913468e-010 -1.2437510918737848e-009 4.5340048464655161e-009 -4.9030221682835159e-012 -1.8123451898913465e-010 -4.9030221682835191e-012 1.3897870723547597e-010</rotation_covariance>
        <location_covariance>2.9446562974621133e-006 -1.3658625352092289e-006 7.9649755414104500e-007 -1.3658625352092289e-006 6.6577185714960872e-006 -1.0302676552913177e-006 7.9649755414104500e-007 -1.0302676552913177e-006 7.8575068614628365e-007</location_covariance>
      </camera>
      <camera id="4" sensor_id="0" label="DSC00588.JPG">
        <transform>9.9812677850126286e-001 -6.0946891452360506e-002 -5.3301464318085924e-003 -1.4468817518072141e+001 -6.0951726797948740e-002 -9.9814043375861217e-001 -7.4933071325774668e-004 1.8151652762288620e+001 -5.2745652937995066e-003 1.0728086799606669e-003 -9.9998551391632551e-001 7.9077697417688275e-001 0 0 0 1</transform>
        <rotation_covariance>9.0948585970604889e-009 -1.0646891633621543e-009 -1.2449645423508320e-010 -1.0646891633621541e-009 4.2019262600159518e-009 2.1751350238895128e-012 -1.2449645423508317e-010 2.1751350238895103e-012 1.2850332046385543e-010</rotation_covariance>
        <location_covariance>2.6454887811714151e-006 -1.1798125834072661e-006 6.5782591674216653e-007 -1.1798125834072661e-006 6.4267691398992957e-006 -9.8709415292138296e-007 6.5782591674216653e-007 -9.8709415292138296e-007 6.7589918631863884e-007</location_covariance>
      </camera>
      <camera id="5" sensor_id="0" label="DSC00589.JPG">
        <transform>9.9813380669989749e-001 -6.1007447787713852e-002 -2.6448510737496918e-003 -1.2256941342787639e+001 -6.1014096143508716e-002 -9.9813374760921647e-001 -2.5103695687552544e-003 1.8359159724686432e+001 -2.4867638737163379e-003 2.6670579315842863e-003 -9.9999335138161094e-001 6.5407181151114413e-001 0 0 0 1</transform>
        <rotation_covariance>8.8834889241038391e-009 -7.9413605092269339e-010 -8.2659835592032529e-011 -7.9413605092269339e-010 3.9736876254291469e-009 -5.1757141856317011e-012 -8.2659835592032516e-011 -5.1757141856316986e-012 1.2033040734823001e-010</rotation_covariance>
        <location_covariance>2.4022874667267237e-006 -8.7169063569225808e-007 5.5898356122830359e-007 -8.7169063569225808e-007 6.2353699904296272e-006 -1.0214884342137863e-006 5.5898356122830359e-007 -1.0214884342137863e-006 5.9202610362605903e-007</location_covariance>
      </camera>
      <camera id="6" sensor_id="0" label="DSC00590.JPG">
        <transform>9.9813824213189462e-001 -6.0979264435062810e-002 -1.2565439947069331e-003 -1.0940842624008013e+001 -6.0982313150736503e-002 -9.9813558806356761e-001 -2.5505536225732981e-003 1.8556721372842532e+001 -1.0986703952778445e-003 2.6224320686713421e-003 -9.9999595787853446e-001 6.1083721649602674e-001 0 0 0 1</transform>
        <rotation_covariance>8.9767321611300259e-009 -6.9128698391003321e-010 -7.1436708745065722e-011 -6.9128698391003311e-010 3.8957653496434862e-009 -1.1468951768836894e-011 -7.1436708745065722e-011 -1.1468951768836892e-011 1.1775641921743760e-010</rotation_covariance>
        <location_covariance>2.3118265753735449e-006 -7.1902256052510940e-007 5.0895374918206164e-007 -7.1902256052510940e-007 6.2825350723016756e-006 -1.0413484943675981e-006 5.0895374918206164e-007 -1.0413484943675981e-006 5.5724072300832851e-007</location_covariance>
      </camera>
      <camera id="7" sensor_id="0" label="DSC00591.JPG">
        <transform>9.9811435800560289e-001 -6.1381755766161103e-002 9.1663107170313063e-005 -9.4580185562703445e+000 -6.1379802108058587e-002 -9.9809248553521568e-001 -6.6264780472625748e-003 1.8829058201122514e+001 4.9823311555439824e-004 6.6083566186029867e-003 -9.9997804045217109e-001 5.8190549982079087e-001 0 0 0 1</transform>
        <rotation_covariance>8.7453351197381035e-009 -6.7534610240173736e-010 -5.1680676750317742e-011 -6.7534610240173716e-010 3.8248429340505978e-009 -9.5211679381390769e-012 -5.1680676750317735e-011 -9.5211679381390850e-012 1.1485095378281400e-010</rotation_covariance>
        <location_covariance>2.2279215990507093e-006 -6.1444936774640504e-007 4.4286018383747742e-007 -6.1444936774640504e-007 6.1706177158044507e-006 -1.0981991400132099e-006 4.4286018383747742e-007 -1.0981991400132099e-006 5.3043010296508961e-007</location_covariance>
      </camera>
      <camera id="8" sensor_id="0" label="DSC00592.JPG">
        <transform>9.9813047170152880e-001 -6.1114740445881104e-002 7.4159363344402924e-004 -8.0405321394252223e+000 -6.1107742168694905e-002 -9.9810458429408211e-001 -7.2857846648085190e-003 1.9026118259719720e+001 1.1854568439581441e-003 7.2268465716546458e-003 -9.9997318333078355e-001 5.9858729453056891e-001 0 0 0 1</transform>
        <rotation_covariance>8.6542467012827786e-009 -6.5236259706648731e-010 -5.2173219062163873e-011 -6.5236259706648741e-010 3.6419398281288920e-009 -7.6066518367384865e-012 -5.2173219062163879e-011 -7.6066518367384897e-012 1.1020943537144502e-010</rotation_covariance>
        <location_covariance>2.1005839157517079e-006 -4.9947617715678286e-007 3.7727628044778657e-007 -4.9947617715678286e-007 6.1480310829074155e-006 -1.1180487232291084e-006 3.7727628044778657e-007 -1.1180487232291084e-006 5.0523294689471161e-007</location_covariance>
      </camera>
      <camera id="9" sensor_id="0" label="DSC00593.JPG">
        <transform>9.9810360298647971e-001 -6.1529426244234964e-002 1.8241193664017903e-003 -6.4843592655503084e+000 -6.1513810345960832e-002 -9.9807694961667326e-001 -7.6455072165169590e-003 1.9181595262969154e+001 2.2910351653334438e-003 7.5187997667114743e-003 -9.9996910892684043e-001 5.8225237696462395e-001 0 0 0 1</transform>
        <rotation_covariance>8.7266236768124765e-009 -6.4536008457096685e-010 -4.6940995112710965e-011 -6.4536008457096675e-010 3.7434807735677928e-009 -8.4227086727719848e-012 -4.6940995112710959e-011 -8.4227086727719896e-012 1.0971378200969735e-010</rotation_covariance>
        <location_covariance>2.1420328688950464e-006 -3.8181242455518706e-007 2.9456074167605162e-007 -3.8181242455518706e-007 6.2036035693356587e-006 -1.1359541642346122e-006 2.9456074167605162e-007 -1.1359541642346122e-006 4.8462965034979906e-007</location_covariance>
      </camera>
      <camera id="10" sensor_id="0" label="DSC00594.JPG">
        <transform>9.9811147589165228e-001 -6.1387807357000362e-002 2.2402681284824956e-003 -4.8396290283100436e+000 -6.1362159937078053e-002 -9.9806415878071320e-001 -1.0130167086663148e-002 1.9326214015042350e+001 2.8578000707074275e-003 9.9735683306965139e-003 -9.9994617900840488e-001 5.1932447605207765e-001 0 0 0 1</transform>
        <rotation_covariance>8.6845318636728391e-009 -5.6077134882206537e-010 -5.7548046792787794e-011 -5.6077134882206548e-010 3.6465697590974623e-009 1.2109987113092518e-013 -5.7548046792787794e-011 1.2109987113091851e-013 1.0761619970159257e-010</rotation_covariance>
        <location_covariance>2.0816678626777174e-006 -2.0931570833039292e-007 2.0059500263320100e-007 -2.0931570833039292e-007 6.1621489211262661e-006 -1.1664609195674483e-006 2.0059500263320100e-007 -1.1664609195674483e-006 4.7084416669305980e-007</location_covariance>
      </camera>
      <camera id="11" sensor_id="0" label="DSC00595.JPG">
        <transform>9.9807782963578529e-001 -6.1897876326693468e-002 3.0494090847157469e-003 -3.4792360018958433e+000 -6.1864853507131362e-002 -9.9803503901800894e-001 -9.9398587948958776e-003 1.9425639607997606e+001 3.6586732652374131e-003 9.7321014465865940e-003 -9.9994594869491404e-001 4.6667388970496021e-001 0 0 0 1</transform>
        <rotation_covariance>8.4800289597919414e-009 -5.4072180426409592e-010 -5.8072967135708686e-011 -5.4072180426409592e-010 3.5453491560464666e-009 -1.7486610052278103e-012 -5.8072967135708679e-011 -1.7486610052278133e-012 1.0467387177213122e-010</rotation_covariance>
        <location_covariance>2.0289599550194865e-006 -9.7363195201467001e-008 1.2601016658228432e-007 -9.7363195201467001e-008 6.0311060177656990e-006 -1.1935662412796299e-006 1.2601016658228432e-007 -1.1935662412796299e-006 4.6508492952023283e-007</location_covariance>
      </camera>
      <camera id="12" sensor_id="0" label="DSC00596.JPG">
        <transform>9.9806185921159607e-001 -6.2156374219836795e-002 3.0183324761367549e-003 -1.5849052980975373e+000 -6.2120461300474210e-002 -9.9801011924550120e-001 -1.0809725778057647e-002 1.9564241206004986e+001 3.6842197151065793e-003 1.0601274801839910e-002 -9.9993701776545241e-001 4.8597333798023057e-001 0 0 0 1</transform>
        <rotation_covariance>8.5907029975345835e-009 -4.0312163338032685e-010 -7.0437167394391125e-011 -4.0312163338032669e-010 3.5982122364135523e-009 -1.3875998699976376e-012 -7.0437167394391112e-011 -1.3875998699976388e-012 1.0671404619921832e-010</rotation_covariance>
        <location_covariance>2.1125667631947292e-006 1.2846112568397133e-007 1.2941624986190993e-008 1.2846112568397133e-007 6.1078844392009437e-006 -1.2258725597000387e-006 1.2941624986190993e-008 -1.2258725597000387e-006 4.6875529656140397e-007</location_covariance>
      </camera>
      <camera id="13" sensor_id="0" label="DSC00597.JPG">
        <transform>9.9804860347428170e-001 -6.2358025547869587e-002 3.2344632952366874e-003 -9.5919608688213420e-002 -6.2317061028537908e-002 -9.9799002170027973e-001 -1.1510885780024545e-002 1.9675925626398147e+001 3.9457582037513992e-003 1.1286861230941627e-002 -9.9992851632291746e-001 4.9730590957952492e-001 0 0 0 1</transform>
        <rotation_covariance>8.6691544094636668e-009 -2.2943416961541873e-010 -7.1261722386458905e-011 -2.2943416961541883e-010 3.5923848597135487e-009 -1.1807073829133669e-012 -7.1261722386458905e-011 -1.1807073829133724e-012 1.0770881753412530e-010</rotation_covariance>
        <location_covariance>2.1767335287351656e-006 3.4669388396254489e-007 -8.7993917621856839e-008 3.4669388396254489e-007 6.1571211816869670e-006 -1.2570032507440445e-006 -8.7993917621856839e-008 -1.2570032507440445e-006 4.8102034695377608e-007</location_covariance>
      </camera>
      <camera id="14" sensor_id="0" label="DSC00598.JPG">
        <transform>9.9810748314056585e-001 -6.1341988098654043e-002 4.3142316708233101e-003 1.4270376184131814e+000 -6.1291331817712652e-002 -9.9805897501564933e-001 -1.1029734118397487e-002 1.9807264914610744e+001 4.9824434583840230e-003 1.0744435155748430e-002 -9.9992986372563553e-001 4.7874124646588595e-001 0 0 0 1</transform>
        <rotation_covariance>8.7608096404681575e-009 -8.2981672442116243e-012 -7.6284525188158970e-011 -8.2981672442116195e-012 3.6073993511523225e-009 -1.0281878330157723e-011 -7.6284525188158957e-011 -1.0281878330157717e-011 1.0917690131335127e-010</rotation_covariance>
        <location_covariance>2.2683578093314236e-006 5.9145386557351045e-007 -1.8795971999973481e-007 5.9145386557351045e-007 6.1964008583046854e-006 -1.3011553766785613e-006 -1.8795971999973481e-007 -1.3011553766785613e-006 5.0460899213362115e-007</location_covariance>
      </camera>
      <camera id="15" sensor_id="0" label="DSC00599.JPG">
        <transform>9.9806721265801213e-001 -6.1935131252715409e-002 5.0870948266516754e-003 2.9232077845084938e+000 -6.1872068322852206e-002 -9.9801506560873299e-001 -1.1737801303848848e-002 1.9935425539201344e+001 5.8039795415507902e-003 1.1400365551386578e-002 -9.9991816939526412e-001 4.8184459324527523e-001 0 0 0 1</transform>
        <rotation_covariance>8.5456071352944300e-009 7.0092106011020583e-012 -7.6432449215545767e-011 7.0092106011021803e-012 3.4641957313120651e-009 -6.2591076151381498e-012 -7.6432449215545780e-011 -6.2591076151381530e-012 1.0827315529277245e-010</rotation_covariance>
        <location_covariance>2.2746446647238833e-006 7.1859059094928692e-007 -2.7762791854683605e-007 7.1859059094928692e-007 6.0858488319705228e-006 -1.3360658837150515e-006 -2.7762791854683605e-007 -1.3360658837150515e-006 5.3376351660675149e-007</location_covariance>
      </camera>
      <camera id="16" sensor_id="0" label="DSC00600.JPG">
        <transform>9.9805356748991425e-001 -6.2169952768265341e-002 4.8962632125860613e-003 4.8456963265311916e+000 -6.2102862930996733e-002 -9.9798724310679998e-001 -1.2833433362228124e-002 2.0101409788569555e+001 5.6842621710384098e-003 1.2504381987150551e-002 -9.9990566034736017e-001 4.5019123714754022e-001 0 0 0 1</transform>
        <rotation_covariance>8.9577291124488825e-009 -4.1383550960671997e-010 -5.6665933347199402e-011 -4.1383550960672008e-010 3.7834572771469461e-009 4.4521244025149133e-012 -5.6665933347199415e-011 4.4521244025149182e-012 1.1939756772685414e-010</rotation_covariance>
        <location_covariance>2.5577997858117467e-006 6.4258454988965095e-007 -4.0707675007074475e-007 6.4258454988965095e-007 6.3540952390240118e-006 -1.3560548597926544e-006 -4.0707675007074475e-007 -1.3560548597926544e-006 5.8926392239704713e-007</location_covariance>
      </camera>
      <camera id="17" sensor_id="0" label="DSC00601.JPG">
        <transform>9.9802750954962516e-001 -6.2586401757541335e-002 4.9022950967413980e-003 5.7791931487118209e+000 -6.2523030020603457e-002 -9.9796943984390973e-001 -1.2160092708349246e-002 2.0163397191428803e+001 5.6533971392982536e-003 1.1829600698102941e-002 -9.9991404613002055e-001 4.0157593629942212e-001 0 0 0 1</transform>
        <rotation_covariance>8.9108192774204473e-009 -3.5599484634330440e-010 -5.1017254326979636e-011 -3.5599484634330456e-010 3.5807205392305867e-009 3.8184117231437415e-013 -5.1017254326979636e-011 3.8184117231437052e-013 1.1900795424880146e-010</rotation_covariance>
        <location_covariance>2.5174901842833202e-006 7.5820265338591550e-007 -4.6545055696632381e-007 7.5820265338591550e-007 6.3041107208726348e-006 -1.3837535895807651e-006 -4.6545055696632381e-007 -1.3837535895807651e-006 6.1816413487799146e-007</location_covariance>
      </camera>
      <camera id="18" sensor_id="0" label="DSC00602.JPG">
        <transform>9.9800748879929890e-001 -6.2878468626374986e-002 5.2297689929458992e-003 7.6936873859263359e+000 -6.2800392098268557e-002 -9.9792859545746282e-001 -1.3950954110711629e-002 2.0340817763578613e+001 6.0961506560558701e-003 1.3594725135045196e-002 -9.9988900403778880e-001 3.9156459013564338e-001 0 0 0 1</transform>
        <rotation_covariance>8.7834624955124180e-009 -8.1650794732684394e-011 -5.1305258347823339e-011 -8.1650794732684369e-011 3.6351631543639380e-009 -3.4190071592493688e-012 -5.1305258347823351e-011 -3.4190071592493716e-012 1.2169480711435827e-010</rotation_covariance>
        <location_covariance>2.7500987045746378e-006 1.0660867017807666e-006 -5.9938036323904790e-007 1.0660867017807666e-006 6.2256019590204433e-006 -1.4509564830896279e-006 -5.9938036323904790e-007 -1.4509564830896279e-006 6.9283423712861545e-007</location_covariance>
      </camera>
      <camera id="19" sensor_id="0" label="DSC00603.JPG">
        <transform>9.9805738415299761e-001 -6.2058651763934748e-002 5.4937854817113689e-003 8.5565714926533705e+000 -6.1976379680930511e-002 -9.9797862551307659e-001 -1.4056720125106215e-002 2.0389703044221598e+001 6.3550215830890664e-003 1.3688928382934173e-002 -9.9988610698439317e-001 3.9440508610167280e-001 0 0 0 1</transform>
        <rotation_covariance>8.7948974402177851e-009 2.6758261748014152e-011 -5.7626918553701975e-011 2.6758261748014059e-011 3.6717827682060273e-009 -1.4184415322832973e-013 -5.7626918553701975e-011 -1.4184415322833881e-013 1.2257483874388819e-010</rotation_covariance>
        <location_covariance>2.8709594333066804e-006 1.1942602824286326e-006 -6.6292638493143971e-007 1.1942602824286326e-006 6.2299581596722359e-006 -1.4682530772480393e-006 -6.6292638493143971e-007 -1.4682530772480393e-006 7.2808934013401209e-007</location_covariance>
      </camera>
      <camera id="20" sensor_id="0" label="DSC00604.JPG">
        <transform>9.9807142448695263e-001 -6.1852736093221970e-002 5.2602909014520232e-003 1.0015931187537660e+001 -6.1770030975388281e-002 -9.9798287171802236e-001 -1.4650973713335829e-002 2.0490390506632266e+001 6.1558830305029674e-003 1.4297789872267742e-002 -9.9987883181357695e-001 4.0423418271546230e-001 0 0 0 1</transform>
        <rotation_covariance>8.8237500523216651e-009 -3.7322102501219147e-012 -5.5747976561290018e-011 -3.7322102501219341e-012 3.7327128185106334e-009 2.6803917258484383e-012 -5.5747976561290018e-011 2.6803917258484359e-012 1.2429511178890586e-010</rotation_covariance>
        <location_covariance>3.0710125846313540e-006 1.2974764287122326e-006 -7.8929643906065911e-007 1.2974764287122326e-006 6.2607993459110177e-006 -1.5185576978084063e-006 -7.8929643906065911e-007 -1.5185576978084063e-006 7.9690822869627774e-007</location_covariance>
      </camera>
      <camera id="21" sensor_id="0" label="DSC00605.JPG">
        <transform>9.9806954118798918e-001 -6.1892170491924442e-002 5.1526871237203955e-003 1.1735585881331476e+001 -6.1805472554622015e-002 -9.9796691010520788e-001 -1.5560523685397365e-002 2.0636133439191109e+001 6.1052858324783755e-003 1.5212020472721735e-002 -9.9986565093418489e-001 3.5632591208064412e-001 0 0 0 1</transform>
        <rotation_covariance>9.2043408602515549e-009 -8.6694435204200321e-013 -6.0414387756640802e-011 -8.6694435204214942e-013 3.9100405414336684e-009 1.1834902981243246e-011 -6.0414387756640789e-011 1.1834902981243243e-011 1.3133204458887711e-010</rotation_covariance>
        <location_covariance>3.3741184627126574e-006 1.4490487326714828e-006 -9.3502090987340805e-007 1.4490487326714828e-006 6.4658831449374970e-006 -1.5913509792435089e-006 -9.3502090987340805e-007 -1.5913509792435089e-006 8.9933064011150510e-007</location_covariance>
      </camera>
      <camera id="22" sensor_id="0" label="DSC00606.JPG">
        <transform>9.9805829762441256e-001 -6.2188607294253705e-002 3.4945194033290687e-003 1.2871354264688296e+001 -6.2137638846182376e-002 -9.9798063072332410e-001 -1.3174769056712761e-002 2.0723734900332161e+001 4.3067832172696335e-003 1.2932046391712490e-002 -9.9990710258225590e-001 3.4278574039236265e-001 0 0 0 1</transform>
        <rotation_covariance>9.6259217283715451e-009 -9.1802046381206264e-011 -7.9265890164760207e-011 -9.1802046381206225e-011 4.0790225135436732e-009 6.8498990244734381e-012 -7.9265890164760219e-011 6.8498990244734268e-012 1.3969289044737920e-010</rotation_covariance>
        <location_covariance>3.6116502792234145e-006 1.5034203666916253e-006 -1.0308760025422372e-006 1.5034203666916253e-006 6.7097164998558346e-006 -1.6323472655021383e-006 -1.0308760025422372e-006 -1.6323472655021383e-006 9.7318812556936482e-007</location_covariance>
      </camera>
      <camera id="23" sensor_id="0" label="DSC00607.JPG">
        <transform>9.9802811618681408e-001 -6.2728224136854485e-002 2.2470418857018699e-003 1.4069053590316475e+001 -6.2684461733807692e-002 -9.9790509033293129e-001 -1.6002779282586289e-002 2.0823578794096647e+001 3.2461604615838884e-003 1.5830369050054423e-002 -9.9986942240374410e-001 3.6348058455730964e-001 0 0 0 1</transform>
        <rotation_covariance>9.6863593820547520e-009 -1.5767602194602867e-010 -8.2939755965158650e-011 -1.5767602194602872e-010 4.1922152695054130e-009 1.6910102273837803e-011 -8.2939755965158676e-011 1.6910102273837813e-011 1.4677072770572696e-010</rotation_covariance>
        <location_covariance>3.8452453123710031e-006 1.5688560218858395e-006 -1.1393514446670248e-006 1.5688560218858395e-006 6.7731390289855509e-006 -1.6749885186946379e-006 -1.1393514446670248e-006 -1.6749885186946379e-006 1.0549963183185382e-006</location_covariance>
      </camera>
      <camera id="24" sensor_id="0" label="DSC00608.JPG">
        <transform>9.9801368844792659e-001 -6.2980671025701568e-002 1.4535294003423811e-003 1.5186629573436882e+001 -6.2950205846335344e-002 -9.9789320996976660e-001 -1.5697550131764777e-002 2.0841877605687497e+001 2.4391093598512244e-003 1.5574869931643545e-002 -9.9987572936447611e-001 3.7696052283497322e-001 0 0 0 1</transform>
        <rotation_covariance>9.6993379977308929e-009 -1.2416472912445144e-010 -7.8909627354882946e-011 -1.2416472912445141e-010 4.1955381804470162e-009 1.6682530103705276e-011 -7.8909627354882946e-011 1.6682530103705289e-011 1.5206256572669204e-010</rotation_covariance>
        <location_covariance>4.0214348437607843e-006 1.6768480896790071e-006 -1.2539274986718024e-006 1.6768480896790071e-006 6.7866194277845260e-006 -1.6870885426978390e-006 -1.2539274986718024e-006 -1.6870885426978390e-006 1.1271659176852682e-006</location_covariance>
      </camera>
      <camera id="25" sensor_id="0" label="DSC00609.JPG">
        <transform>9.9800734790368928e-001 -6.3086282474187724e-002 1.2060239769754444e-003 1.6100825282687126e+001 -6.3060163600144395e-002 -9.9788985435031530e-001 -1.5467848959356037e-002 2.0878247355683847e+001 2.1792881794450198e-003 1.5360974848407977e-002 -9.9987963833390348e-001 3.5906151993482455e-001 0 0 0 1</transform>
        <rotation_covariance>9.8535921321589185e-009 -1.8007832387586549e-011 -7.8267203003443565e-011 -1.8007832387586510e-011 4.2826998006087516e-009 1.6800717866003161e-011 -7.8267203003443578e-011 1.6800717866003171e-011 1.5872571797039223e-010</rotation_covariance>
        <location_covariance>4.2201973840690701e-006 1.8108352467491310e-006 -1.3502727781064637e-006 1.8108352467491310e-006 6.8617705750815470e-006 -1.7031836824843196e-006 -1.3502727781064637e-006 -1.7031836824843196e-006 1.1953695843374840e-006</location_covariance>
      </camera>
      <camera id="26" sensor_id="0" label="DSC00610.JPG">
        <transform>9.9796672458859481e-001 -6.3730931496006574e-002 8.8599354490869007e-004 1.7288289779465600e+001 -6.3707578944669455e-002 -9.9783123656011030e-001 -1.6558011049937735e-002 2.1002467714685903e+001 1.9393295024342158e-003 1.6467899549501393e-002 -9.9986251419158045e-001 3.0447095258382278e-001 0 0 0 1</transform>
        <rotation_covariance>1.0194947794152842e-008 8.4996296368077612e-011 -6.4481081575618590e-011 8.4996296368077625e-011 4.3919063406413576e-009 2.6481392214174610e-012 -6.4481081575618577e-011 2.6481392214174489e-012 1.7007276322618350e-010</rotation_covariance>
        <location_covariance>4.4800259225960470e-006 1.9756488631777195e-006 -1.4972334346422943e-006 1.9756488631777195e-006 7.0307821988415100e-006 -1.7770432813481294e-006 -1.4972334346422943e-006 -1.7770432813481294e-006 1.3048060998055273e-006</location_covariance>
      </camera>
      <camera id="27" sensor_id="0" label="DSC00611.JPG">
        <transform>9.9791298596095157e-001 -6.4567474870966868e-002 -8.4477173524022029e-004 1.7352498840582179e+001 -6.4572955050496539e-002 -9.9781127989581608e-001 -1.4247216876283360e-002 2.1047541194343538e+001 7.6984051280787173e-005 1.4272032141932787e-002 -9.9989814639891972e-001 2.5068094899006887e-001 0 0 0 1</transform>
        <rotation_covariance>1.0459257261393420e-008 1.0879799186181098e-010 -8.8496350058397689e-011 1.0879799186181097e-010 4.4490899177180321e-009 -8.4489276872875962e-012 -8.8496350058397676e-011 -8.4489276872875946e-012 1.7331185678658792e-010</rotation_covariance>
        <location_covariance>4.5133324164499222e-006 2.0046094749344549e-006 -1.5089284481179374e-006 2.0046094749344549e-006 7.1513162876634927e-006 -1.7980347239789311e-006 -1.5089284481179374e-006 -1.7980347239789311e-006 1.3197017235236246e-006</location_covariance>
      </camera>
      <camera id="28" sensor_id="0" label="DSC00612.JPG">
        <transform>9.9791978774342627e-001 -6.4455722832779436e-002 1.2478077652889696e-003 1.7338474409354660e+001 -6.4428683929682720e-002 -9.9780161975239778e-001 -1.5520061423219864e-002 1.8534791699750809e+001 2.2454213867877252e-003 1.5407381789109695e-002 -9.9987877798721203e-001 3.3025242802352567e-001 0 0 0 1</transform>
        <rotation_covariance>8.9294116983823083e-009 8.7085010119968966e-012 -4.6328467590108397e-011 8.7085010119966817e-012 4.2322675090846884e-009 3.0475781031677879e-011 -4.6328467590108397e-011 3.0475781031677885e-011 1.4438809119428303e-010</rotation_covariance>
        <location_covariance>4.3807796120720704e-006 1.6868135251677436e-006 -1.3919409897005408e-006 1.6868135251677436e-006 5.9851278926364602e-006 -1.2450321458970119e-006 -1.3919409897005408e-006 -1.2450321458970119e-006 1.0606257103852481e-006</location_covariance>
      </camera>
      <camera id="29" sensor_id="0" label="DSC00613.JPG">
        <transform>9.9784721715681990e-001 -6.5576819155834715e-002 7.8230543414111180e-004 1.6880515561756138e+001 -6.5560136257961255e-002 -9.9775575965001384e-001 -1.3612957763149346e-002 1.8542650200603713e+001 1.6732442221298598e-003 1.3532363970374274e-002 -9.9990703336817588e-001 2.9455975631035680e-001 0 0 0 1</transform>
        <rotation_covariance>8.4867381093768609e-009 8.6248721377751909e-011 -6.3019508498788442e-011 8.6248721377751961e-011 3.8848367478834282e-009 2.7363046116655040e-011 -6.3019508498788455e-011 2.7363046116655036e-011 1.3626393785885633e-010</rotation_covariance>
        <location_covariance>4.1061958316976921e-006 1.6956882033006084e-006 -1.3456143287510061e-006 1.6956882033006084e-006 5.7183429053260501e-006 -1.2309954108456654e-006 -1.3456143287510061e-006 -1.2309954108456654e-006 1.0246813057788768e-006</location_covariance>
      </camera>
      <camera id="30" sensor_id="0" label="DSC00614.JPG">
        <transform>9.9778961922512432e-001 -6.6448278963251825e-002 -7.0851210566725046e-004 1.4928227241791346e+001 -6.6451888681927904e-002 -9.9770645288861470e-001 -1.2883336331208252e-002 1.8564986320068666e+001 1.4918842673960743e-004 1.2901941219841088e-002 -9.9991675536295177e-001 2.5287873489081569e-001 0 0 0 1</transform>
        <rotation_covariance>8.7895881686344848e-009 -5.0158317460473988e-011 -8.8538483967706561e-011 -5.0158317460473981e-011 3.9612672153315146e-009 3.3220701203735180e-011 -8.8538483967706574e-011 3.3220701203735193e-011 1.3048441737376800e-010</rotation_covariance>
        <location_covariance>3.8169893977638844e-006 1.4954178101738752e-006 -1.1625515807789510e-006 1.4954178101738752e-006 5.8772365248110351e-006 -1.2078288288901459e-006 -1.1625515807789510e-006 -1.2078288288901459e-006 8.9444853533901398e-007</location_covariance>
      </camera>
      <camera id="31" sensor_id="0" label="DSC00615.JPG">
        <transform>9.9777898842246482e-001 -6.6611487046510959e-002 -7.4896974361191200e-006 1.3226467059854686e+001 -6.6606286036825280e-002 -9.9769966434959956e-001 -1.2608822985396841e-002 1.8529804998611503e+001 8.3241998034541502e-004 1.2581317504496941e-002 -9.9992050560373413e-001 2.3863409201374847e-001 0 0 0 1</transform>
        <rotation_covariance>8.6888189540997175e-009 -5.5712189553142853e-011 -8.4781474817024529e-011 -5.5712189553143002e-011 3.8582768152826096e-009 3.5850169142836907e-011 -8.4781474817024529e-011 3.5850169142836900e-011 1.2309022169146147e-010</rotation_covariance>
        <location_covariance>3.5071909932447818e-006 1.3699052043184344e-006 -1.0147967988578166e-006 1.3699052043184344e-006 5.8107566186019045e-006 -1.1806281057791184e-006 -1.0147967988578166e-006 -1.1806281057791184e-006 7.8833100518899694e-007</location_covariance>
      </camera>
      <camera id="32" sensor_id="0" label="DSC00616.JPG">
        <transform>9.9776031737453474e-001 -6.6881479822159973e-002 1.1030546071176775e-003 1.1289369054537977e+001 -6.6860092518951170e-002 -9.9766780206315808e-001 -1.3736256943739670e-002 1.8391195798221819e+001 2.0191832570534631e-003 1.3631741754638502e-002 -9.9990504474960484e-001 2.5140933476546262e-001 0 0 0 1</transform>
        <rotation_covariance>8.3934844719316261e-009 -1.5359822436640867e-011 -7.3113126260320435e-011 -1.5359822436640928e-011 3.7090286091139566e-009 3.9238845273429428e-011 -7.3113126260320448e-011 3.9238845273429415e-011 1.1534074784634049e-010</rotation_covariance>
        <location_covariance>3.1720657687928639e-006 1.2422794786914375e-006 -8.5351834516663702e-007 1.2422794786914375e-006 5.6353690023064204e-006 -1.1324347124961814e-006 -8.5351834516663702e-007 -1.1324347124961814e-006 6.7372215372039136e-007</location_covariance>
      </camera>
      <camera id="33" sensor_id="0" label="DSC00617.JPG">
        <transform>9.9777730756339522e-001 -6.6625428237520365e-002 1.2234474682027209e-003 9.5986470217922992e+000 -6.6601993147483260e-002 -9.9768227713072177e-001 -1.3937302753409037e-002 1.8273212160227949e+001 2.1491906204481564e-003 1.3824840376098829e-002 -9.9990212259413291e-001 2.7691577516609356e-001 0 0 0 1</transform>
        <rotation_covariance>8.1370995843869500e-009 3.3385998453883842e-011 -7.0539588266405269e-011 3.3385998453883945e-011 3.5251150675435892e-009 4.0311116365593822e-011 -7.0539588266405243e-011 4.0311116365593822e-011 1.0923719616382247e-010</rotation_covariance>
        <location_covariance>2.8719460054645721e-006 1.1406317793039401e-006 -7.1549755323536069e-007 1.1406317793039401e-006 5.4889981301278080e-006 -1.0840886732330071e-006 -7.1549755323536069e-007 -1.0840886732330071e-006 5.8658920371352248e-007</location_covariance>
      </camera>
      <camera id="34" sensor_id="0" label="DSC00618.JPG">
        <transform>9.9804880139354690e-001 -6.2418614850996243e-002 1.5832109740811257e-003 7.7134189644292643e+000 -6.2386548662780733e-002 -9.9793075563723654e-001 -1.5560382361641313e-002 1.8122933779769035e+001 2.5511924372634675e-003 1.5431249896783432e-002 -9.9987767649036507e-001 3.4028054436186717e-001 0 0 0 1</transform>
        <rotation_covariance>7.9220154486902510e-009 -1.0088821473699181e-010 -6.3538727491537516e-011 -1.0088821473699185e-010 3.3953989423027231e-009 4.1576984839779017e-011 -6.3538727491537516e-011 4.1576984839779023e-011 1.0672837111121764e-010</rotation_covariance>
        <location_covariance>2.5926949126190806e-006 9.1542820630423781e-007 -5.7072808766914377e-007 9.1542820630423781e-007 5.3942127783146248e-006 -1.0479947455003653e-006 -5.7072808766914377e-007 -1.0479947455003653e-006 5.0416536098136538e-007</location_covariance>
      </camera>
      <camera id="35" sensor_id="0" label="DSC00619.JPG">
        <transform>9.9810076251599722e-001 -6.1546179474058028e-002 2.6335635805108532e-003 5.9189667756937983e+000 -6.1497227252500238e-002 -9.9798240361936663e-001 -1.5786484927492836e-002 1.7931157381882031e+001 3.5998479467746324e-003 1.5594545785583308e-002 -9.9987191741567649e-001 3.9919476789349490e-001 0 0 0 1</transform>
        <rotation_covariance>7.6362464730440819e-009 -2.6200098430617462e-010 -4.4382360916780711e-011 -2.6200098430617457e-010 3.2752707601238960e-009 4.3789438809447667e-011 -4.4382360916780724e-011 4.3789438809447654e-011 1.0139766104322561e-010</rotation_covariance>
        <location_covariance>2.3498960213624022e-006 6.8637580679955285e-007 -4.6205842208584429e-007 6.8637580679955285e-007 5.2527984920187439e-006 -9.9367385497329690e-007 -4.6205842208584429e-007 -9.9367385497329690e-007 4.3461862490774043e-007</location_covariance>
      </camera>
      <camera id="36" sensor_id="0" label="DSC00620.JPG">
        <transform>9.9808649774647229e-001 -6.1755599185883643e-002 3.0966086889370201e-003 4.4987798618565904e+000 -6.1700221090745987e-002 -9.9797302215556072e-001 -1.5586204382391595e-002 1.7822520436558893e+001 4.0528673223998854e-003 1.5365318704443015e-002 -9.9987373265206736e-001 4.0351336308013275e-001 0 0 0 1</transform>
        <rotation_covariance>8.2741202807391793e-009 -1.7405363625065608e-010 -3.8942590808264762e-011 -1.7405363625065613e-010 3.8336766041416562e-009 4.4806777652026829e-011 -3.8942590808264768e-011 4.4806777652026823e-011 1.0943414804427751e-010</rotation_covariance>
        <location_covariance>2.5598811152499455e-006 6.3516045731109137e-007 -3.9324149784516002e-007 6.3516045731109137e-007 5.5955524044438520e-006 -9.9627797634616652e-007 -3.9324149784516002e-007 -9.9627797634616652e-007 4.0142875674631920e-007</location_covariance>
      </camera>
      <camera id="37" sensor_id="0" label="DSC00621.JPG">
        <transform>9.9808211826161986e-001 -6.1801637902913369e-002 3.5556657485874862e-003 3.4146139891113116e+000 -6.1740892029570525e-002 -9.9797628207842826e-001 -1.5211924937700246e-002 1.7741841899418066e+001 4.4885919608950000e-003 1.4963220289579835e-002 -9.9987796984470767e-001 4.3058706648270417e-001 0 0 0 1</transform>
        <rotation_covariance>8.1914654098608431e-009 -5.5085901437672506e-011 -4.6196208158381734e-011 -5.5085901437672655e-011 3.5999064518095775e-009 3.6280790362970763e-011 -4.6196208158381727e-011 3.6280790362970756e-011 1.0505470424880407e-010</rotation_covariance>
        <location_covariance>2.3650923072031572e-006 6.3017132156761516e-007 -3.0338508697771492e-007 6.3017132156761516e-007 5.5450128853185847e-006 -9.8170771755080689e-007 -3.0338508697771492e-007 -9.8170771755080689e-007 3.7181973178444466e-007</location_covariance>
      </camera>
      <camera id="38" sensor_id="0" label="DSC00622.JPG">
        <transform>9.9806210388875150e-001 -6.2097661607607525e-002 3.9896370794233965e-003 1.6845463722465186e+000 -6.2028285206977861e-002 -9.9795185271064102e-001 -1.5639421526412341e-002 1.7657917828017656e+001 4.9526372207395362e-003 1.5361643605619327e-002 -9.9986973716094318e-001 4.4943289154126770e-001 0 0 0 1</transform>
        <rotation_covariance>8.4080422731164317e-009 -1.6785414413484286e-010 -4.3777477151035955e-011 -1.6785414413484278e-010 3.6522510596582415e-009 4.1904275841832499e-011 -4.3777477151035962e-011 4.1904275841832512e-011 1.0501112760735936e-010</rotation_covariance>
        <location_covariance>2.2847126875230842e-006 4.5254658268431803e-007 -1.9425061676121299e-007 4.5254658268431803e-007 5.6797044253795431e-006 -9.4471679647209961e-007 -1.9425061676121299e-007 -9.4471679647209961e-007 3.4165367809871332e-007</location_covariance>
      </camera>
      <camera id="39" sensor_id="0" label="DSC00623.JPG">
        <transform>9.9804491809760809e-001 -6.2375262001076306e-002 3.9583013825818178e-003 3.1912264977787302e-001 -6.2307308511388576e-002 -9.9793754785490030e-001 -1.5441822671406169e-002 1.7602758678962978e+001 4.9133253103074807e-003 1.5165001537935782e-002 -9.9987293290835189e-001 4.6437118335968969e-001 0 0 0 1</transform>
        <rotation_covariance>8.3949235861748959e-009 -2.1690001698069627e-010 -4.2460013274814314e-011 -2.1690001698069629e-010 3.5837943780170840e-009 4.1622298347212283e-011 -4.2460013274814314e-011 4.1622298347212276e-011 1.0351899345871152e-010</rotation_covariance>
        <location_covariance>2.1773415760452234e-006 3.3026860935453653e-007 -1.1466566613656278e-007 3.3026860935453653e-007 5.6806995354849833e-006 -9.2029339021313716e-007 -1.1466566613656278e-007 -9.2029339021313716e-007 3.2547916504482807e-007</location_covariance>
      </camera>
      <camera id="40" sensor_id="0" label="DSC00624.JPG">
        <transform>9.9802277534772876e-001 -6.2691683836297876e-002 4.5047380595912853e-003 -1.5124270795510921e+000 -6.2615260761409650e-002 -9.9791782261426520e-001 -1.5470889715349536e-002 1.7535182496173974e+001 5.4652545225758716e-003 1.5158234942548631e-002 -9.9987017102543363e-001 5.0866395203932990e-001 0 0 0 1</transform>
        <rotation_covariance>7.9417302902802400e-009 -1.7447246173951964e-010 -3.8169180841698176e-011 -1.7447246173951956e-010 3.3824368321986811e-009 3.8508258146018368e-011 -3.8169180841698182e-011 3.8508258146018368e-011 9.7083322481704087e-011</rotation_covariance>
        <location_covariance>2.0024266199133287e-006 2.1547008319410252e-007 -1.8240494708278908e-009 2.1547008319410252e-007 5.4395292719360944e-006 -8.9905673807827122e-007 -1.8240494708278908e-009 -8.9905673807827122e-007 3.1111089214344497e-007</location_covariance>
      </camera>
      <camera id="41" sensor_id="0" label="DSC00625.JPG">
        <transform>9.9800481732550472e-001 -6.2953019677063210e-002 4.8272050531354225e-003 -3.3853934569593505e+000 -6.2879418522835628e-002 -9.9792116030747524e-001 -1.4125740221746810e-002 1.7380913303936492e+001 5.7064280697997193e-003 1.3794024942760313e-002 -9.9988857456946811e-001 5.3399579922781637e-001 0 0 0 1</transform>
        <rotation_covariance>7.9973164332305868e-009 -2.6492109547924210e-010 -3.6231329408751143e-011 -2.6492109547924215e-010 3.4186623083776130e-009 2.8672285170918262e-011 -3.6231329408751150e-011 2.8672285170918256e-011 9.7664536472512730e-011</rotation_covariance>
        <location_covariance>1.9790547080076532e-006 3.4058987454030412e-008 1.0911836637258478e-007 3.4058987454030412e-008 5.4704404482635631e-006 -8.7844746347151396e-007 1.0911836637258478e-007 -8.7844746347151396e-007 3.0879180424883433e-007</location_covariance>
      </camera>
      <camera id="42" sensor_id="0" label="DSC00626.JPG">
