# Cameras (567)
# PhotoID, X, Y, Z, Omega, Phi, Kappa, r11, r12, r13, r21, r22, r23, r31, r32, r33
DSC00003.JPG	2693786.5539868940000000	1256205.3680076504000000	583.8088033900429500	0.5418092470590605	0.2869747302953096	148.2130030017435400	-0.8500015992416290	0.5266990918920058	0.0092383920034769	-0.5267562955318390	-0.8499992052076512	-0.0053996540569845	0.0050086329720076	-0.0094560957322109	0.9999427462856336
DSC00004.JPG	2693785.4040973354000000	1256206.5407971446000000	583.8372100596857300	0.8647652387683782	0.0546639904948129	146.1745420900086600	-0.8307368334801099	0.5565894227299876	0.0091939112753872	-0.5566645338591360	-0.8306506084630267	-0.0120068065444050	0.0009540664716746	-0.0150924207833630	0.9998856477578151
DSC00005.JPG	2693783.4973257743000000	1256208.1827843545000000	583.8815362243462900	1.0954407940914035	-0.2103698147183666	144.7541232880258200	-0.8166775824333854	0.5770382748773488	0.0080346547738367	-0.5770825291304756	-0.8164933194894485	-0.0177317173865142	-0.0036716376640850	-0.0191177549851864	0.9998104973049593
DSC00006.JPG	2693781.2153896410000000	1256210.0523652481000000	583.8648157559225600	1.1329897054686293	-0.3105053016728349	143.7307774234895700	-0.8062343367321705	0.5915509115795979	0.0073289346691186	-0.5915714879176030	-0.8060251575053415	-0.0191473275274309	-0.0054193133321419	-0.0197728216963335	0.9997898111929192
DSC00007.JPG	2693779.0541681070000000	1256211.6716123209000000	583.8475482821205600	1.1767270976918085	-0.3425330295624712	143.6073405908069800	-0.8049554331447478	0.5932894628371027	0.0073731904365607	-0.5933051581243550	-0.8047272133976753	-0.0200773842979279	-0.0059782935514277	-0.0205359514917968	0.9997712411859722
DSC00008.JPG	2693777.8820135910000000	1256212.5542644339000000	583.8224934251062500	1.2868003544009903	-0.3861173218072015	143.5319891709858700	-0.8041705738083220	0.5943456957492137	0.0079298275629158	-0.5943603911239940	-0.8038960749530134	-0.0220641369210847	-0.0067389675565855	-0.0224565050602546	0.9997251080655872
DSC00009.JPG	2693776.0103116129000000	1256214.0090683205000000	583.8127461260929700	1.3860859795783556	-0.4888580131733100	143.4715084478637300	-0.8035317241949302	0.5952141259338092	0.0075440374584545	-0.5952007828042361	-0.8032030002408854	-0.0245146599663309	-0.0085320783838637	-0.0241885239915750	0.9996710053540420
DSC00010.JPG	2693774.1059943903000000	1256215.4808395200000000	583.8078473948796700	1.4464251339328449	-0.6572531808806661	143.4417205364828200	-0.8031985608459134	0.5956829286278336	0.0058241219442111	-0.5956009473319126	-0.8028229965197290	-0.0271062316896204	-0.0114709804455897	-0.0252405388304078	0.9996155920188361
DSC00011.JPG	2693773.1841633618000000	1256216.1257562139000000	583.8115751568601600	1.4833268838467295	-0.8023240500831791	143.4457086147522800	-0.8032141101360975	0.5956758187996347	0.0041727899134808	-0.5955258320066272	-0.8028077994767356	-0.0291310918459244	-0.0140027386997280	-0.0258835081993315	0.9995668898639059
DSC00012.JPG	2693771.4851052482000000	1256217.5116531551000000	583.8278312190509500	1.4874923250431247	-0.9937834014825786	143.4198110787467300	-0.8029027944968653	0.5961079675157537	0.0015471436137032	-0.5958576096122762	-0.8024846655856072	-0.0311780462361001	-0.0173439227474582	-0.0259548177453054	0.9995126491343359
DSC00013.JPG	2693770.3866701387000000	1256218.3806928941000000	583.8350253561696900	1.5557529304351005	-1.0725110963625319	143.3915147735855300	-0.8025885362080790	0.5965318690581490	0.0011707883519015	-0.5962392868049508	-0.8021302155008986	-0.0329519384984493	-0.0187177567485522	-0.0271449180966263	0.9994562516707921
DSC00014.JPG	2693768.8831041772000000	1256219.6186268667000000	583.8455428849428000	1.5536116709061152	-1.0962783974647392	143.3926827212185600	-0.8025943881971974	0.5965245877463052	0.0008150143969120	-0.5962182448347573	-0.8021369007837530	-0.0331692165598882	-0.0191325001118219	-0.0271073535251058	0.9994494178418115
DSC00015.JPG	2693767.1009393912000000	1256221.1597676894000000	583.8803152084249200	1.5177708588522922	-1.1258671291266749	143.3793965096642500	-0.8024480736230365	0.5967219519180774	0.0000351817840203	-0.5963983675882915	-0.8020109860507433	-0.0329752239103180	-0.0196488237994073	-0.0264818872626816	0.9994561688089710
DSC00016.JPG	2693765.8028629757000000	1256222.1714645873000000	583.9104957288740300	1.5515560169078946	-1.2624916800798787	143.3501284289482100	-0.8021034430985938	0.5971832155206007	-0.0015078693102246	-0.5967785350803108	-0.8016479456550171	-0.0348704931781723	-0.0220328535777878	-0.0270698786027098	0.9993907018957371
DSC00017.JPG	2693763.7459528726000000	1256223.7664497283000000	583.8840951702806000	1.5488897582534149	-1.3862297292597676	143.3358450124768800	-0.8019146069016218	0.5974297843021033	-0.0032582305872805	-0.5969486699886110	-0.8014658215514118	-0.0361223238974061	-0.0241919126289566	-0.0270220227529682	0.9993420643852090
DSC00018.JPG	2693762.8676317073000000	1256224.4303003498000000	583.8703738705069100	1.5669749597879306	-1.4774622923123613	143.3272740578069000	-0.8017933869281005	0.5975855796934437	-0.0043404632029685	-0.5970448595048513	-0.8013390029867699	-0.0373261038818895	-0.0257837238815241	-0.0273363720090881	0.9992937117525468
DSC00019.JPG	2693761.1584259756000000	1256225.7611272004000000	583.8554433560765300	1.5585601071605133	-1.5041776237375348	143.2778668129899400	-0.8012685222791339	0.5982858898488148	-0.0047696134460631	-0.5977287857265563	-0.8008212891376297	-0.0374908199136968	-0.0262498365417920	-0.0271892786177807	0.9992855894136439
DSC00020.JPG	2693759.9110255595000000	1256226.7516389990000000	583.8431681668972700	1.5186846737670581	-1.5694497268947556	143.2847579831687300	-0.8013159158241544	0.5982102945042497	-0.0061029989378921	-0.5976141442904573	-0.8009010952652390	-0.0376134304062410	-0.0273886398143927	-0.0264930019453912	0.9992737278929327
DSC00021.JPG	2693758.6510631759000000	1256227.7076241632000000	583.8646775429130000	1.5548829131615889	-1.6723563979345917	143.2519785412504500	-0.8009331762677200	0.5987111567563235	-0.0071412834425405	-0.5980420908254994	-0.8005056508397074	-0.0391964357405315	-0.0291839811329401	-0.0271229376948830	0.9992060055344102
DSC00022.JPG	2693757.0642847586000000	1256229.0020770105000000	583.8802575886825300	1.5533128988314084	-1.7034150312654581	143.2173545786458800	-0.8005588439305050	0.5992063630125168	-0.0075678220093664	-0.5985164266337462	-0.8001359814071005	-0.0395031430049295	-0.0297258213381256	-0.0270951247092015	0.9991907874689233
DSC00023.JPG	2693755.2238677796000000	1256230.4959749277000000	583.8577618204095600	1.5569851185828880	-1.7860129653943455	143.1911622570263800	-0.8002500118510552	0.5996039055876798	-0.0086645794120186	-0.5988560358537822	-0.7998359837692234	-0.0404208781375664	-0.0311667587965268	-0.0271579725295959	0.9991451734729049
DSC00024.JPG	2693754.5298433769000000	1256231.0174751722000000	583.8401024543084100	1.5932323476493977	-1.8250953490329731	143.1736339431811900	-0.8000495650052849	0.5998690957374815	-0.0088182489163552	-0.5990879436814093	-0.7996154161655615	-0.0413378998735614	-0.0318485363939425	-0.0277894622019047	0.9991063089181717
DSC00025.JPG	2693753.3486483134000000	1256231.9525256755000000	583.8413716656737100	1.5037639227467006	-1.8298050484927886	143.1375158431253300	-0.7996696558929882	0.6003603017772528	-0.0097953812542451	-0.5995905871529074	-0.7992994027094088	-0.0401446462933019	-0.0319306943492167	-0.0262292370896910	0.9991458641660236
DSC00026.JPG	2693752.3768988103000000	1256232.7396511079000000	583.8442003176664900	1.5273189669693703	-1.8802872232388637	143.1160681119633000	-0.7994223400442205	0.6006822082033644	-0.0102375283224337	-0.5998727698397820	-0.7990439511201217	-0.0410051726382514	-0.0328113127285665	-0.0266392365932966	0.9991064852310562
DSC00027.JPG	2693751.1388049070000000	1256233.8419128172000000	583.8299600251014000	1.5849350309233576	-1.8992730259841872	143.0723362889501100	-0.7989555104655485	0.6013091967481270	-0.0098662152245593	-0.6004762003371577	-0.7985380896421093	-0.0420149047289230	-0.0331424972714151	-0.0276436122251061	0.9990682687272987
DSC00028.JPG	2693750.1286792569000000	1256234.6787021614000000	583.8205459762336900	1.5752195276541545	-1.8502465804830763	143.0403890467421500	-0.7986429382955615	0.6017338927961127	-0.0092617153415831	-0.6009384232218247	-0.7982239336077599	-0.0413710443598119	-0.0322872824235839	-0.0274749718141759	0.9991009244903690
DSC00029.JPG	2693749.6648765020000000	1256234.7977206276000000	583.8096007388634200	1.4246872605045910	-1.9056315598074283	142.9832620140879300	-0.7980180796956831	0.6025223419973088	-0.0115746219330378	-0.6017153438069132	-0.7977150782718003	-0.0398660121550105	-0.0332534134510097	-0.0248491708491934	0.9991379930730109
DSC00030.JPG	2693751.9390925132000000	1256237.1582445274000000	583.9030079636867200	1.5413782723992959	-1.7926282981481552	142.8976754724628200	-0.7971691247745236	0.6036931795589585	-0.0087138659741244	-0.6029451159575759	-0.7967632667234379	-0.0403172908700685	-0.0312821618358884	-0.0268857165459650	0.9991489301383869
DSC00031.JPG	2693752.3588146549000000	1256236.7354567412000000	583.8962548369632900	1.5287031396129431	-1.6808843371603881	142.8317364635914500	-0.7965217975394577	0.6045663630897152	-0.0072483560195165	-0.6038978517521828	-0.7961082987203216	-0.0389738547969481	-0.0293327580293939	-0.0266662582509859	0.9992139410442994
DSC00032.JPG	2693754.0294840708000000	1256235.1270638388000000	583.9036641185342700	1.4198827319513576	-1.5940711898178137	142.7712929030531100	-0.7959187530831794	0.6053612100317931	-0.0071514949038728	-0.6047639921051158	-0.7955653820557056	-0.0365545719116330	-0.0278182016600892	-0.0247695026878108	0.9993060689263312
DSC00033.JPG	2693755.6229391955000000	1256233.6790907290000000	583.9126591300062000	1.5918918184699011	-1.5525834539130603	142.7489819075786100	-0.7956990225760753	0.6056736493109597	-0.0047429950266970	-0.6050859114232177	-0.7952284317815004	-0.0385068965702255	-0.0270943770663557	-0.0277699804947619	0.9992470780115931
DSC00034.JPG	2693757.9280773774000000	1256231.7567938049000000	583.9250748792167100	1.6803796730885832	-1.5415984046039517	142.7053068747883100	-0.7952416686221614	0.6062817403155424	-0.0036248926877896	-0.6056954119468153	-0.7947094937455672	-0.0396218184494684	-0.0269027216768053	-0.0293133401478058	0.9992081723323520
DSC00035.JPG	2693759.4302278869000000	1256230.5319022404000000	583.9186215679357000	1.6760212097579821	-1.5609698718867384	142.6801372833700200	-0.7949682356907976	0.6066383765040746	-0.0039222946295579	-0.6060391479536125	-0.7944401011379704	-0.0397677866061306	-0.0272406936461023	-0.0292370630602836	0.9992012503761635
DSC00036.JPG	2693761.4025119245000000	1256228.9533293715000000	583.9140098861260000	1.7925030382617262	-1.5649548856057660	142.6426816442491700	-0.7945703754753780	0.6071659866546129	-0.0027171799070512	-0.6065575573136798	-0.7939595439770055	-0.0414267086972591	-0.0273102193799303	-0.0312683094770874	0.9991378507192414
DSC00037.JPG	2693763.1514165606000000	1256227.6336300357000000	583.9110543174078900	1.8619474786734806	-1.4787786224503803	142.6107133575319200	-0.7942635597260694	0.6075728882376561	-0.0007636555673309	-0.6070250508958199	-0.7935995198071648	-0.0414775812549916	-0.0258066905317391	-0.0324805732767911	0.9991391430043215
DSC00038.JPG	2693764.3063320834000000	1256226.7120931922000000	583.9265248784646500	1.8338955919710740	-1.4383785364687620	142.6018681995073200	-0.7941840981127811	0.6076770303384071	-0.0004950796731854	-0.6071585606050255	-0.7935396277543084	-0.0406613018432396	-0.0251018044933615	-0.0319919674707090	0.9991728646378114
DSC00039.JPG	2693766.4752088059000000	1256225.0048547674000000	583.9126713450613100	1.8403555276304071	-1.4200980445502054	142.5596778845913100	-0.7937431141412772	0.6082531119341147	-0.0001434425762945	-0.6077480391985013	-0.7930935813086311	-0.0405572698468083	-0.0247828489824182	-0.0321048767247930	0.9991772051477158
DSC00040.JPG	2693767.3362308871000000	1256224.2817645727000000	583.9076313024783100	1.8757659816396279	-1.4233340167076032	142.5535049365762500	-0.7936765193002665	0.6083399919538602	0.0001920963065769	-0.6078327001666624	-0.7930017038537865	-0.0410817026557563	-0.0248393099646340	-0.0327223451874679	0.9991557720425344
DSC00041.JPG	2693768.9908470996000000	1256223.0160765164000000	583.9384544265385600	1.8949559502858435	-1.3784315352471384	142.5117443232620400	-0.7932484860843001	0.6088971526309843	0.0010473026521973	-0.6084226783234245	-0.7925600615267646	-0.0408704462226943	-0.0240558480772936	-0.0330576222764073	0.9991639053642362
DSC00042.JPG	2693770.4444587827000000	1256221.8705077509000000	583.9146926203459300	1.8799111428075856	-1.2955957428971439	142.5064039148012700	-0.7932185383108612	0.6089336577923971	0.0020373727083290	-0.6085171455846539	-0.7925428687406153	-0.0397829704509480	-0.0226104845035896	-0.0327963658957296	0.9992062671813795
DSC00043.JPG	2693772.2099196091000000	1256220.3832844237000000	583.8926510125244200	1.9721832858438637	-1.2297204759769871	142.4922139184363300	-0.7930879051426066	0.6090944550140449	0.0039394907863417	-0.6087290030788997	-0.7923510248892413	-0.0403590654938620	-0.0214610234397603	-0.0344063690050485	0.9991774748485911
DSC00044.JPG	2693773.1195478663000000	1256219.6205770348000000	583.8759306282157700	2.0071781447998864	-1.2262234835890660	142.4731996444958200	-0.7928868849674767	0.6093531494788035	0.0043734273555822	-0.6089929617819492	-0.7921253507100102	-0.0408044269974824	-0.0214000034257483	-0.0350166814933307	0.9991575811004850
DSC00045.JPG	2693774.9234099910000000	1256218.2269536045000000	583.8806020803022000	2.0680262539808991	-1.2175521253157633	142.4446818462902500	-0.7925862315173435	0.6097379995017846	0.0051611600147406	-0.6093894966347189	-0.7917815091973242	-0.0415509697178258	-0.0212486940874260	-0.0360778832079769	0.9991230551552749
DSC00046.JPG	2693776.0708774719000000	1256217.4024586012000000	583.8806021248800600	2.0434548501651681	-1.1687055711494709	142.4459077593903100	-0.7926133432805944	0.6096991205841911	0.0055740839985007	-0.6093833581034412	-0.7918308261337419	-0.0406923291411187	-0.0203963457543906	-0.0356500370717735	0.9991561759488096
DSC00047.JPG	2693777.4491066728000000	1256216.3040305106000000	583.8507702234560400	2.0917785097218049	-1.1444472302579154	142.4186816259211200	-0.7923304561368973	0.6100581394273431	0.0064431976800933	-0.6097651398591572	-0.7915158401259590	-0.0410992584147207	-0.0199730440954713	-0.0364930315011661	0.9991342933567116
DSC00048.JPG	2693779.4943921547000000	1256214.6292957643000000	583.8535726394734400	2.0424907326393087	-1.0941204278107344	142.4191754377525900	-0.7923493090637865	0.6100318294774687	0.0066135807633166	-0.6097687753442707	-0.7915752491495512	-0.0398831486843020	-0.0190948433167135	-0.0356341403459830	0.9991824633171424
DSC00049.JPG	2693780.4067597333000000	1256213.8919700820000000	583.8504074433069500	2.0629695101192191	-1.1055722186062444	142.4137895477818700	-0.7922889462052016	0.6101095323843071	0.0066771412186560	-0.6098409146031103	-0.7914992085064040	-0.0402872412778266	-0.0192946779474166	-0.0359911298452432	0.9991658290671115
DSC00050.JPG	2693782.0475776661000000	1256212.6512811081000000	583.8471254305061400	2.0593209548570606	-1.1058786375306493	142.4040715563649500	-0.7921854173436466	0.6102443471712769	0.0066408804818849	-0.6099752237461821	-0.7913981624301414	-0.0402389726259386	-0.0193000249706767	-0.0359274998809683	0.9991680157953590
DSC00051.JPG	2693783.5121403337000000	1256211.5129435465000000	583.8369127207668000	2.1016749266381760	-1.0914332331039918	142.3895077792309700	-0.7920341741768012	0.6104330831779967	0.0073019105635174	-0.6101795166027583	-0.7912187028340834	-0.0406684374420126	-0.0190479514514823	-0.0366662685223689	0.9991460155043145
DSC00052.JPG	2693784.2469794452000000	1256210.9893863909000000	583.8231737178487000	2.0777512006476240	-1.0538903630812129	142.3766316218121500	-0.7919067432605464	0.6105950661509639	0.0075746399634195	-0.6103649843869969	-0.7911129107621893	-0.0399368033227244	-0.0183928195972603	-0.0362495188585453	0.9991734967310666
DSC00053.JPG	2693785.7850336395000000	1256209.6897027832000000	583.7965251605098700	2.1101211689254864	-0.9864763085151536	142.3675663234465100	-0.7918267521540493	0.6106815437899442	0.0088570112058561	-0.6105030629208446	-0.7910200528749494	-0.0396646708542953	-0.0172164089588505	-0.0368147799673154	0.9991737923096863
DSC00054.JPG	2693786.4216738213000000	1256209.1656200213000000	583.7808329909366900	2.1143410858996918	-0.9857331019066334	142.3581003256254600	-0.7917260551784175	0.6108111887524926	0.0089188141806381	-0.6106340108622870	-0.7909165184846255	-0.0397135438659875	-0.0172034394775963	-0.0368883786974318	0.9991713012227762
DSC00055.JPG	2693787.2823487800000000	1256208.5146862713000000	583.7841026823341500	2.1274435701074497	-1.0029004032434259	142.3692375485359800	-0.7918406182093899	0.6106641916609074	0.0088136471963737	-0.6104769280115816	-0.7910193406827726	-0.0400789599582382	-0.0175030202912211	-0.0371166766955409	0.9991576435136570
DSC00056.JPG	2693787.5056167413000000	1256208.5532065942000000	583.8320506651531300	2.1664521863121640	-0.9517226550554367	142.3565074946953900	-0.7917170256989663	0.6108070450844952	0.0099450939427278	-0.6106621499995848	-0.7908767936440898	-0.0400703859867638	-0.0166099300500564	-0.0377974992610642	0.9991473661444252
DSC00057.JPG	2693788.7951396890000000	1256211.2119329369000000	583.8605080492161500	2.1497624969821572	-1.1072993579296944	142.3774707500452300	-0.7919017584775069	0.6106011688561575	0.0076037827248466	-0.6103426548946170	-0.7910496922616673	-0.0414997348053211	-0.0193248165948350	-0.0375046259042088	0.9991095808265285
DSC00058.JPG	2693787.9450365938000000	1256211.8322225891000000	583.8869555255811300	2.0700291534415540	-1.2483237661752367	142.3554235299522200	-0.7916267814651055	0.6109859112169780	0.0048223605793738	-0.6106164302760627	-0.7908173691925530	-0.0418982536663264	-0.0217856361880422	-0.0361123923013638	0.9991102447568812
DSC00059.JPG	2693785.8374339473000000	1256213.5128764922000000	583.9229379076590500	2.2907605859033593	-1.2004495249550451	142.3026200197987000	-0.7910778314698513	0.6116647786432273	0.0078780152506399	-0.6113566479572026	-0.7901071103595388	-0.0444275045195307	-0.0209502638525582	-0.0399618909291143	0.9989815482369422
DSC00060.JPG	2693784.1250424143000000	1256214.7871403701000000	583.8910527967037800	2.3070057604241252	-1.1778769196018615	142.3109889088631200	-0.7911735907263591	0.6115345620380446	0.0083563610558950	-0.6112460915858116	-0.7901935093790987	-0.0444120845740667	-0.0205563824208018	-0.0402454614594027	0.9989783470995204
DSC00061.JPG	2693781.8388005607000000	1256216.3306267643000000	583.8420957078986900	2.2535166346402487	-1.2301651612560571	142.2892731767616700	-0.7909266944923544	0.6118699427562917	0.0070807549604769	-0.6115341816295428	-0.7899808436443997	-0.0442290783712257	-0.0214687828738484	-0.0393120824466714	0.9989963220831305
DSC00062.JPG	2693780.7768851668000000	1256217.0679008779000000	583.8170636336890300	2.2571601158908985	-1.2964633380711148	142.2809146207701500	-0.7908172928873876	0.6120207704220602	0.0062117503372463	-0.6116339513574456	-0.7898608846435671	-0.0449854693980159	-0.0226256230222092	-0.0393746045322234	0.9989683286775352
DSC00063.JPG	2693778.9365061503000000	1256218.4715772213000000	583.8098634935169000	2.1424317672962627	-1.3223204479968609	142.2668357452413100	-0.7906588207583901	0.6122394110848554	0.0046403309603561	-0.6118219435446554	-0.7897886433148015	-0.0436784648105491	-0.0230767968789897	-0.0373738197865010	0.9990348637762206
DSC00064.JPG	2693777.2356303483000000	1256219.8030916096000000	583.8287899655121000	2.2055022599547671	-1.4159038882649295	142.2731323281750500	-0.7906951859247934	0.6121968408234026	0.0040188358018321	-0.6117111697406296	-0.7897689103348010	-0.0455468229751776	-0.0247096695629190	-0.0384720204099760	0.9989541210063982
DSC00065.JPG	2693776.2264582440000000	1256220.6619881080000000	583.8234524964960900	2.1978637500165434	-1.4377497752065991	142.2676674193993200	-0.7906293282925420	0.6122842585830736	0.0036403207357981	-0.6117807738831734	-0.7897076343664631	-0.0456742479985168	-0.0250908339955089	-0.0383384782522638	0.9989497540590873
DSC00066.JPG	2693774.4873985723000000	1256222.0576914274000000	583.8315271843349600	2.1843223574160318	-1.5459952058902346	142.2807482632094600	-0.7907300720650436	0.6121617298437772	0.0019923972206823	-0.6115701622504086	-0.7898141349355874	-0.0466429941251496	-0.0269794324814433	-0.0381005087974289	0.9989096362796569
DSC00067.JPG	2693772.8975499459000000	1256223.3435452916000000	583.8219387460587800	2.1755931970721853	-1.5710625487096832	142.2734516468165400	-0.7906427705085093	0.6122757366888718	0.0015593924227317	-0.6116635755957453	-0.7897331077094111	-0.0467898373267491	-0.0274167782946452	-0.0379478701607083	0.9989035385952984
DSC00068.JPG	2693771.7477593925000000	1256224.3264184266000000	583.8234462062797500	2.1038365388827014	-1.6036229853071029	142.2742076435339400	-0.7906383900035738	0.6122832829865584	0.0003429690344430	-0.6116435110331049	-0.7897864058711211	-0.0461481149373791	-0.0279848470364616	-0.0366962460801916	0.9989345493374267
DSC00069.JPG	2693769.9885980189000000	1256225.8102999509000000	583.8372176556354100	2.0850246298357882	-1.6392456935629833	142.2786219513651800	-0.7906715958048249	0.6122403964743056	-0.0003528631987890	-0.6115718317401758	-0.7898348516244548	-0.0462687992208809	-0.0286063316316413	-0.0363676241231098	0.9989289632932970
DSC00070.JPG	2693769.0085313432000000	1256226.6387552102000000	583.8367890949324400	2.0192420835483813	-1.6269754957794942	142.2847958283706500	-0.7907423188858477	0.6121485035963447	-0.0008914414105162	-0.6114903633824081	-0.7899580344042489	-0.0452309558889309	-0.0283922632680792	-0.0352209231129861	0.9989761588554481
DSC00071.JPG	2693767.2090645917000000	1256228.0646846327000000	583.8234387592423200	1.9754432423600903	-1.6092938371940475	142.2715848577851100	-0.7906081958667565	0.6123213690769294	-0.0011052601809228	-0.6116780049593489	-0.7898577197162846	-0.0444387314573874	-0.0280837831722262	-0.0344575619617044	0.9990115002072754
DSC00072.JPG	2693765.4621063508000000	1256229.4401655782000000	583.8178283889637900	1.9113344313044727	-1.6363409697878168	142.2656933495858300	-0.7905347224591485	0.6124134157450522	-0.0021588890464876	-0.6117511153516990	-0.7898343496546041	-0.0438437335504353	-0.0285556553486469	-0.0333392909517570	0.9990360685312836
DSC00073.JPG	2693764.4857181422000000	1256230.2483633219000000	583.8310424495238100	1.8966913111072830	-1.6647003886691862	142.2693796389688700	-0.7905628041785247	0.6123749769024871	-0.0027093012136708	-0.6116915284888156	-0.7898749078860575	-0.0439443269035874	-0.0290504152191633	-0.0330834937041109	0.9990303077584404
DSC00074.JPG	2693762.3806173634000000	1256231.9356249173000000	583.8295985180295700	1.9337552651431025	-1.6841476055282758	142.2830331334397200	-0.7907007014545434	0.6121974210538199	-0.0025919827054610	-0.6114970539125799	-0.7899852178147889	-0.0446621617295437	-0.0293896882516609	-0.0337294128198448	0.9989987852521637
DSC00075.JPG	2693761.5220286325000000	1256232.6336382669000000	583.8216259718353700	1.8665472671578398	-1.6619270513803128	142.2788072730272100	-0.7906645545276999	0.6122422395342145	-0.0030003905817944	-0.6115622980269891	-0.7899996336561734	-0.0434986718769627	-0.0290020317471585	-0.0325579322629646	0.9990489793805393
DSC00076.JPG	2693759.8877472207000000	1256233.8631527349000000	583.8126195205570600	1.8925151549109680	-1.6454713905025866	142.2782308921989100	-0.7906649583122307	0.6122439841613671	-0.0024955070295052	-0.6115753228988510	-0.7899794794503655	-0.0436811912440129	-0.0287149459042822	-0.0330109967366100	0.9990424044935080
DSC00077.JPG	2693758.3000190817000000	1256235.1081225148000000	583.7862363174546100	1.8332582958650137	-1.6671774244961002	142.2717800673250700	-0.7905874364587470	0.6123396008560109	-0.0034232348865199	-0.6116576379342366	-0.7899478841176801	-0.0430961057951930	-0.0290936293765210	-0.0319773920371938	0.9990650665137888
DSC00078.JPG	2693757.6160768252000000	1256235.6794293982000000	583.7798871192972000	1.7988491519013503	-1.6817516242988841	142.2709704421750100	-0.7905729145574572	0.6123549099306541	-0.0039913721886347	-0.6116642610182762	-0.7899600863418853	-0.0427772577392141	-0.0293478885287331	-0.0313771616074558	0.9990766613070116
DSC00079.JPG	2693756.3885782119000000	1256236.6953961172000000	583.7962094121119200	1.8087120044287810	-1.6791471583852564	142.2594595095353600	-0.7904510671455399	0.6125131458886234	-0.0038414270915018	-0.6118238936003480	-0.7898305483663319	-0.0428862225784688	-0.0293024515730077	-0.0315491835228873	0.9990725776192893
DSC00080.JPG	2693755.1711373329000000	1256237.7388508397000000	583.8060193690748700	1.8303393955480582	-1.6506400924407776	142.2654343116545300	-0.7905262960080304	0.6124196245696112	-0.0032216085796530	-0.6117503088785592	-0.7898878941373803	-0.0428797654168292	-0.0288051194549244	-0.0319267620849707	0.9990750457077572
DSC00081.JPG	2693753.7962457035000000	1256238.8627950258000000	583.8101291371400500	1.8308216345603514	-1.5688997564560530	142.2769512934999900	-0.7906809477018486	0.6122248269836058	-0.0020976573124162	-0.6116159144896860	-0.7900384954540426	-0.0420136744841294	-0.0273790446190710	-0.0319364513621290	0.9991148337354127
DSC00082.JPG	2693753.2886927966000000	1256239.2319839369000000	583.7781762882040100	1.7570107722416177	-1.4888815518598810	142.2863973941240400	-0.7908112486661697	0.6120574872427614	-0.0017892157864953	-0.6115083439593121	-0.7902190716998054	-0.0401417985401448	-0.0259829607857610	-0.0306504654446523	0.9991923912424634
DSC00083.JPG	2693753.1192219220000000	1256239.2186892380000000	583.7555733689505400	1.6141574041127116	-1.4711383146205490	142.2810135886142300	-0.7907601116253811	0.6121184854594469	-0.0030668584981917	-0.6115875432870804	-0.7902645194902718	-0.0379824450356164	-0.0256733861866661	-0.0281593500216507	0.9992737003684569
DSC00084.JPG	2693755.3211410195000000	1256241.6744035671000000	583.8198787236973400	1.6490592812902669	-1.4000907138901959	142.3788028430150800	-0.7918273899282377	0.6107423537479912	-0.0017781726007549	-0.6102559920934451	-0.7913065934958871	-0.0377027744864999	-0.0244337609360656	-0.0287689490301113	0.9992874155608194
DSC00085.JPG	2693755.9536231793000000	1256241.0246194869000000	583.8131267261256900	1.5628847768069525	-1.3200917615484131	142.2944473102262500	-0.7909542832948497	0.6118733145596574	-0.0015390475330479	-0.6114413925082641	-0.7904856513971985	-0.0356631246906597	-0.0230379093037207	-0.0272668638630124	0.9993626833487377
DSC00086.JPG	2693757.8018672969000000	1256239.1691578578000000	583.8617138206932400	1.5173711854833420	-1.2454905387406823	142.3112432954729900	-0.7911565571382581	0.6116128602400450	-0.0010056272319307	-0.6112273224922371	-0.7907141383677606	-0.0342390365562658	-0.0217361987502563	-0.0264737714411879	0.9994131663579229
DSC00087.JPG	2693759.4105565175000000	1256237.7708942366000000	583.8771138960534000	1.5195364881891920	-1.1547935170049681	142.3017449744465100	-0.7910814524584133	0.6117107649650871	0.0002749583882101	-0.6113787439937976	-0.7906371048756120	-0.0333016484047979	-0.0201535845162814	-0.0265124201033614	0.9994453084643542
DSC00088.JPG	2693761.5598579999000000	1256236.0006180424000000	583.8854052149182500	1.6509805413412433	-1.1760607771759561	142.3125621267960500	-0.7911908891637688	0.6115677212723701	0.0013781153672500	-0.6112247654876248	-0.7906675627980723	-0.0353424842583908	-0.0205246914433303	-0.0288049897878150	0.9993743090576623
DSC00089.JPG	2693763.6009220406000000	1256234.4411443844000000	583.9079687101359500	1.6406639272951069	-1.2134274148955404	142.3216118945777000	-0.7912766588026109	0.6114578414133931	0.0007465977835231	-0.6110914790296743	-0.7907590893380256	-0.0355986922038122	-0.0211767205086821	-0.0286246537685484	0.9993658868027906
DSC00090.JPG	2693764.6704257242000000	1256233.5948782600000000	583.9164770955776500	1.6767009979955381	-1.2656364165427512	142.3133438746660300	-0.7911728683525660	0.6115924456078948	0.0004157621047720	-0.6111936065870861	-0.7906320026693893	-0.0366525800191609	-0.0220877262262277	-0.0292526380065792	0.9993279819557799
DSC00091.JPG	2693766.5371943414000000	1256232.1537559049000000	583.8890942190655600	1.7935545342484258	-1.2417526427836760	142.3314477467217500	-0.7913731683773985	0.6113301768420564	0.0019807207218851	-0.6109491608899084	-0.7907567831540718	-0.0380109550490553	-0.0216709755257098	-0.0312909695932149	0.9992753594688907
DSC00092.JPG	2693768.0334445406000000	1256230.9993805836000000	583.8912961665598700	1.7528014223754260	-1.1044109406810310	142.3375827152500800	-0.7914774299643298	0.6111887243782367	0.0034381753828644	-0.6108944056362750	-0.7908938630950942	-0.0359850313438976	-0.0192744135932355	-0.0305817022322423	0.9993464146477012
DSC00093.JPG	2693769.2039563674000000	1256230.0132691301000000	583.8991222744764400	1.8152241849263275	-1.1063018380614296	142.3467132105827800	-0.7915742662931979	0.6110594072483189	0.0040720702006192	-0.6107678813328119	-0.7909509367846114	-0.0368674752563031	-0.0193074098370260	-0.0316704343651615	0.9993118669927358
DSC00094.JPG	2693771.2385783792000000	1256228.3694541913000000	583.9083005715823400	1.8453003511494608	-1.1086214537707513	142.3517247373909800	-0.7916270661451903	0.6109890342752908	0.0043575384916176	-0.6106981639132543	-0.7909841236038654	-0.0373077579010732	-0.0193478872060906	-0.0321949716876938	0.9992943225390053
DSC00095.JPG	2693772.0792141650000000	1256227.6666940739000000	583.9117770084972100	1.8527088000621661	-1.0925247011157102	142.3765513594051100	-0.7918958851582091	0.6106384793840410	0.0046426894191657	-0.6103583837944039	-0.7912495077250392	-0.0372405673529118	-0.0190669977023458	-0.0323243564580693	0.9992955446604325
DSC00096.JPG	2693773.6856922023000000	1256226.3399860826000000	583.8949072656844200	1.9182249501642690	-1.0793315930613123	142.3726445096736800	-0.7918577207896518	0.6106806169401196	0.0055257686752769	-0.6104150439660605	-0.7911694724190438	-0.0380044735798889	-0.0188367758847223	-0.0334671481576467	0.9992622908268194
DSC00097.JPG	2693775.4916406479000000	1256224.9334851685000000	583.9011537552163400	1.9485604642881260	-0.9905959775447943	142.3837798946951800	-0.7919984981265088	0.6104821287435678	0.0070674924886075	-0.6102782100377422	-0.7913000465621425	-0.0374798967965593	-0.0172883000461399	-0.0339971586382141	0.9992723892343083
DSC00098.JPG	2693776.4962098859000000	1256224.1195265753000000	583.8997259567813700	1.9794358954533866	-0.9639447063554151	142.3836003208255600	-0.7920028696816877	0.6104679867274897	0.0077647663749202	-0.6102855346832650	-0.7912876265028496	-0.0376225769963783	-0.0168232152793191	-0.0345359135447607	0.9992618526208705
DSC00099.JPG	2693778.2369499709000000	1256222.7793675638000000	583.8664281147711100	1.9988627094583828	-0.9195250771461528	142.3818922410381400	-0.7919947686556665	0.6104674915277737	0.0085865132530393	-0.6103169229782243	-0.7912731288714379	-0.0374177638615282	-0.0160480512352971	-0.0348751675808301	0.9992628196514460
DSC00100.JPG	2693779.4085318204000000	1256221.8428302822000000	583.8640021731710000	2.0221577982442982	-0.9297760244732936	142.3962184236163500	-0.7921450595775180	0.6102710864641714	0.0086836405251789	-0.6101171125134994	-0.7914066136556951	-0.0378507711970984	-0.0162269407197247	-0.0352813390883078	0.9992456722483288
DSC00101.JPG	2693780.9749285802000000	1256220.5838134391000000	583.8781699356355800	2.0623375079995809	-0.9058261831557194	142.4122592540699900	-0.7923211458576471	0.6100313454800834	0.0094318268953735	-0.6098993996044202	-0.7915598719359704	-0.0381535254318413	-0.0158089907645705	-0.0359823105493265	0.9992273760954199
DSC00102.JPG	2693782.7987150811000000	1256219.1796227323000000	583.8824140306662700	2.1218283263535231	-0.8257849357207211	142.4162020243687700	-0.7923798420618059	0.6099257706908526	0.0111687126060789	-0.6098577500815235	-0.7915933494117412	-0.0381247141969963	-0.0144121670685082	-0.0370205809553179	0.9992105714143141
DSC00103.JPG	2693783.7569988873000000	1256218.3981501409000000	583.8744885793476000	2.1337832574798061	-0.7835569065071443	142.4108933077215500	-0.7923315343054300	0.6099750258910974	0.0118830776467468	-0.6099374788113957	-0.7915455991696979	-0.0378396138495391	-0.0136752216217073	-0.0372294537193070	0.9992131684927693
DSC00104.JPG	2693785.4573150519000000	1256217.0509566881000000	583.8822776760157500	2.1531707017865944	-0.7985753570038119	142.4461440460922000	-0.7927037741327785	0.6094916775749445	0.0118583912285228	-0.6094476824480427	-0.7919018775156396	-0.0382745182323002	-0.0139373180475951	-0.0375674241076437	0.9991968974189004
DSC00105.JPG	2693787.2112738546000000	1256215.6821249900000000	583.8638084954125100	2.2041310904356815	-0.8012246787293342	142.4496006633003700	-0.7927400284923408	0.6094345251446742	0.0123615042631442	-0.6093994646153362	-0.7919032063314331	-0.0390077470323212	-0.0139835529285424	-0.0384560965736245	0.9991624436916223
DSC00106.JPG	2693787.9130618945000000	1256215.1235209564000000	583.8512917570852800	2.2449185616387863	-0.7917595060937680	142.4733760392156500	-0.7929946569971480	0.6090917915007597	0.0129098218566695	-0.6090718566899130	-0.7921319965163027	-0.0394762394789344	-0.0138183704639436	-0.0391674561529125	0.9991371092178647
DSC00107.JPG	2693789.1027839873000000	1256214.1776380348000000	583.8431324407396200	2.2579222430156767	-0.7173721766014696	142.4642867441709800	-0.7929115830465708	0.6091739415653539	0.0140829822236509	-0.6092080650979218	-0.7920575430874279	-0.0388636315589973	-0.0125201793209290	-0.0393948899736620	0.9991452786025339
DSC00108.JPG	2693789.7494353540000000	1256213.6631432467000000	583.8450403739184400	2.2568914812902348	-0.6661422302212429	142.4757736896692100	-0.7930422656540249	0.6089874631932200	0.0147727641224654	-0.6090556611479639	-0.7922018017823497	-0.0383080523704233	-0.0116261132778141	-0.0393773402642248	0.9991567737666434
DSC00109.JPG	2693791.1948999390000000	1256212.4859412361000000	583.8357535493954600	2.2969519085330865	-0.6925736551755641	142.5105217877567400	-0.7934071529777049	0.6085111134685910	0.0148092669983494	-0.6085712648950905	-0.7925327516271747	-0.0391516684478369	-0.0120873962375628	-0.0400757081468799	0.9991235321364032
DSC00110.JPG	2693792.0320920534000000	1256211.8630898711000000	583.8626559152054400	2.2692223329589192	-0.6900589815031349	142.5345993649865500	-0.7936632449521529	0.6081837201918212	0.0145332758060849	-0.6082381174150150	-0.7928083135757682	-0.0387475218379822	-0.0120435100970840	-0.0395921762319536	0.9991433397895216
DSC00111.JPG	2693792.1590727959000000	1256211.8880524905000000	583.8200273832580900	2.3376035285504058	-0.6664247162802788	142.5566995016301600	-0.7939016723495576	0.6078467554796061	0.0155710145299469	-0.6079349089115937	-0.7930062558506484	-0.0394490140356932	-0.0116310432562762	-0.0407848015154024	0.9991002546281931
DSC00112.JPG	2693795.8083438817000000	1256212.3434414810000000	584.0564182435194900	2.3579080129157859	-0.5685992156637382	142.6295227807467300	-0.7946883436552509	0.6067769888580027	0.0170915842123874	-0.6069365332024874	-0.7938067886361286	-0.0387146868687183	-0.0099237655464421	-0.0411396172516381	0.9991041240880592
DSC00113.JPG	2693795.0144131780000000	1256212.9303274858000000	583.9532884752347900	2.3817058209532882	-0.6229175641504771	142.7313789544695900	-0.7957582093738431	0.6053890882715478	0.0165204120977321	-0.6055168678933008	-0.7948441996741883	-0.0396487192855722	-0.0108717482873172	-0.0415541820523786	0.9990771016508862
DSC00114.JPG	2693793.3647677526000000	1256214.4006178402000000	583.9172619258805500	2.4582250504281351	-0.6175661346762836	142.7158336372814900	-0.7955946975271018	0.6055789158874837	0.0174141867251849	-0.6057333607771387	-0.7946286906174016	-0.0406489814055276	-0.0107783536958891	-0.0428884679163623	0.9990217246944100
DSC00115.JPG	2693791.1834235899000000	1256216.1847381534000000	583.9003622040842200	2.3660766441584347	-0.5766389815591100	142.7298022459825100	-0.7957482744562732	0.6053889106945417	0.0169985442888481	-0.6055438861183092	-0.7948585177402825	-0.0389427626197370	-0.0100640789246222	-0.0412820007242393	0.9990968475236037
DSC00116.JPG	2693789.7330896500000000	1256217.2722650431000000	583.8852637269554900	2.3162887785194357	-0.5841904775508311	142.7286359673130700	-0.7957348857487788	0.6054238721261166	0.0163684654808540	-0.6055592752360953	-0.7948765083676251	-0.0383314573272090	-0.0101958706305185	-0.0404137539101637	0.9991310087856219
DSC00117.JPG	2693787.8804745805000000	1256218.6337108824000000	583.8861256278961500	2.3430358323219438	-0.7067425591306814	142.7032698239538300	-0.7954475445864042	0.6058375660558757	0.0149682118822832	-0.6058969051599767	-0.7945374352173638	-0.0399900532104671	-0.0123346718247348	-0.0408791828893998	0.9990879582285392
DSC00118.JPG	2693785.9827222098000000	1256220.1009244348000000	583.8709736255262900	2.3356027634608703	-0.7983222854012803	142.7077742558528300	-0.7954784752238046	0.6058288524797141	0.0136160551821725	-0.6058216484330881	-0.7945507811486013	-0.0408556785032802	-0.0139329015437646	-0.0407487138356429	0.9990722779535586
DSC00119.JPG	2693784.0273987297000000	1256221.6788467001000000	583.8700415702109000	2.3211652481652676	-0.8217864899016437	142.6888937033910200	-0.7952741920420735	0.6061072519538775	0.0131513725803043	-0.6060802383938019	-0.7943513164947194	-0.0408990294703723	-0.0143423882369906	-0.0404967296460320	0.9990767291793137
DSC00120.JPG	2693783.0597613789000000	1256222.4922660403000000	583.8610562757004300	2.2901255411039720	-0.8349349162590422	142.6911718140694100	-0.7952956506794098	0.6060899954367183	0.0126390443441383	-0.6060466065150306	-0.7943918980816418	-0.0406081641281907	-0.0145718475846705	-0.0399553462475837	0.9990952064564241
DSC00121.JPG	2693781.5410869811000000	1256223.7206124712000000	583.8902080102967600	2.2250732913460185	-0.8473244186177110	142.6845796830774300	-0.7952233924926905	0.6062020306266593	0.0117836368125907	-0.6061361804560858	-0.7943626626171425	-0.0398358002544421	-0.0147880618921177	-0.0388208488304641	0.9991367548646969
DSC00122.JPG	2693780.0879063886000000	1256224.9004944563000000	583.8982877133703400	2.2440278869093180	-0.8538765883096984	142.6779115044899400	-0.7951514939223144	0.6062941032709038	0.0118979852093593	-0.6062276964984608	-0.7942761704170166	-0.0401664674305375	-0.0149024062245893	-0.0391513147494165	0.9991221611205056
DSC00123.JPG	2693778.6953445543000000	1256226.0116630252000000	583.9059816153617200	2.1478546192166501	-0.8461246655985970	142.6719670450598000	-0.7950901892772813	0.6063915988150150	0.0109918061112314	-0.6063114075686610	-0.7942826373876816	-0.0387500838267230	-0.0147671245382193	-0.0374742689193222	0.9991884763155725
DSC00124.JPG	2693777.3584964480000000	1256227.0380259235000000	583.9094329943770800	2.1515736664368474	-0.8684170174073764	142.6932532215448600	-0.7953107573019681	0.6061073733835156	0.0107075323910635	-0.6060124505795299	-0.7944964961367534	-0.0390413546001466	-0.0151561559230584	-0.0375389072371055	0.9991802246747481
DSC00125.JPG	2693775.9079932310000000	1256228.1771126906000000	583.9209088167782500	2.0921156190773083	-0.8540982596798142	142.6900331834978900	-0.7952796857398903	0.6061555553369779	0.0102793085167050	-0.6060594231792174	-0.7945080470171757	-0.0380649287484990	-0.0149062746901144	-0.0365021363631330	0.9992223961740402
