<?xml version="1.0" encoding="UTF-8"?>
<document version="1.5.0">
  <chunk label="SonyA9" enabled="true">
    <sensors next_id="1">
      <sensor id="0" label="SonyA9" type="frame">
        <resolution width="6000" height="4000"/>
        <property name="pixel_width" value="0.006"/>
        <property name="pixel_height" value="0.006"/>
        <property name="focal_length" value="55"/>
        <property name="fixed" value="true"/>
        <property name="layer_index" value="0"/>
        <calibration type="frame" class="initial">
          <resolution width="6000" height="4000"/>
          <f>9227.77018581081</f>
          <cx>-37.8304617831239</cx>
          <cy>31.7622333680372</cy>
          <k1>-0.017282082281574</k1>
        </calibration>
      </sensor>
    </sensors>
    <cameras next_id="567" next_group_id="0">
      <camera id="0" sensor_id="0" label="DSC00003.JPG">
        <transform>9.9496501361464584e-001 9.9885908564055187e-002 -8.2113916689073533e-003 -4.6365121228832340e+000 1.0006705079814926e-001 -9.9464509109299681e-001 2.5840435545179907e-002 1.1530497972107399e+001 -5.5863250323994283e-003 -2.6532019051274367e-002 -9.9963235488738322e-001 4.1040899057842434e-001 0 0 0 1</transform>
      </camera>
      <camera id="1" sensor_id="0" label="DSC00004.JPG">
        <transform>9.9788539766428253e-001 6.4504444994056748e-002 -7.9943545334165353e-003 -3.3054119505221964e+000 6.4645781948690140e-002 -9.9772923590891682e-001 1.8902240313024204e-002 1.1342378803104557e+001 -6.7569227196747550e-003 -1.9379070891495750e-002 -9.9978937562205705e-001 4.0407079863302919e-001 0 0 0 1</transform>
        <rotation_covariance>2.7904779050288663e-009 -3.0788849842209032e-010 1.1116027953609771e-010 -3.0788849842209042e-010 5.5869359737396056e-009 -6.6365499250562241e-011 1.1116027953609770e-010 -6.6365499250562241e-011 1.1290663127100340e-010</rotation_covariance>
        <location_covariance>3.6461923182078134e-006 -4.3539903626615112e-008 1.3341859600984769e-007 -4.3539903626615112e-008 1.7319200872773491e-006 7.4215377661448754e-008 1.3341859600984769e-007 7.4215377661448754e-008 8.3186894805956457e-008</location_covariance>
      </camera>
      <camera id="2" sensor_id="0" label="DSC00005.JPG">
        <transform>9.9916543432503235e-001 3.9794382621463183e-002 -9.2109696474293023e-003 -1.2490527645337861e+000 3.9911424684822942e-002 -9.9912004624380002e-001 1.2892298996480703e-002 1.1226859815620100e+001 -8.6898233409535442e-003 -1.3249162447624387e-002 -9.9987446545290848e-001 3.9994657764110014e-001 0 0 0 1</transform>
        <rotation_covariance>1.2523678483939043e-008 3.0268114743282254e-011 -1.2624428794770162e-010 3.0268114743282235e-011 7.5135187855300890e-009 -8.8305011828059219e-011 -1.2624428794770162e-010 -8.8305011828059219e-011 1.6909488354805657e-010</rotation_covariance>
        <location_covariance>4.8539919131597727e-006 2.0147398587540989e-007 -2.0252721570736444e-008 2.0147398587540989e-007 7.9130584682830939e-006 7.5128634679681795e-008 -2.0252721570736444e-008 7.5128634679681795e-008 1.2220434578554649e-007</location_covariance>
      </camera>
      <camera id="3" sensor_id="0" label="DSC00006.JPG">
        <transform>9.9970693700138025e-001 2.1955323580552060e-002 -1.0198229149817578e-002 1.1633056570559668e+000 2.2070361179054029e-002 -9.9969246685079816e-001 1.1308000671738675e-002 1.1152261131407105e+001 -9.9468220424937283e-003 -1.1529765315876650e-002 -9.9988405589999074e-001 3.4068278274659419e-001 0 0 0 1</transform>
        <rotation_covariance>1.3674144825487720e-008 1.5119119602835827e-010 -1.9972007221576055e-010 1.5119119602835825e-010 7.6576652480959922e-009 -1.5599084621856015e-010 -1.9972007221576052e-010 -1.5599084621856012e-010 2.0611369636902971e-010</rotation_covariance>
        <location_covariance>5.0201162072443661e-006 7.5058403715167456e-007 -3.6508319981428061e-007 7.5058403715167456e-007 8.5566308708231270e-006 -3.0619888546558249e-008 -3.6508319981428061e-007 -3.0619888546558249e-008 1.7359031906319506e-007</location_covariance>
      </camera>
      <camera id="4" sensor_id="0" label="DSC00007.JPG">
        <transform>9.9975202872703295e-001 1.9806821387020838e-002 -1.0176978074280408e-002 3.3725726676140795e+000 1.9912223928438135e-002 -9.9974803266520107e-001 1.0362167740578604e-002 1.1179856993005220e+001 -9.9691722026187327e-003 -1.0562244486983150e-002 -9.9989452173566373e-001 2.8771335002387821e-001 0 0 0 1</transform>
        <rotation_covariance>1.3648625055852090e-008 -2.1841075692942327e-011 -1.7311204915991226e-010 -2.1841075692942310e-011 7.7691142027355640e-009 -1.7292828713888375e-010 -1.7311204915991229e-010 -1.7292828713888375e-010 2.2579124990950989e-010</rotation_covariance>
        <location_covariance>5.2543129344196671e-006 9.9626111313573339e-007 -6.8895680316219473e-007 9.9626111313573339e-007 8.4935266434796716e-006 -7.9893493059918146e-008 -6.8895680316219473e-007 -7.9893493059918146e-008 2.7849197234870992e-007</location_covariance>
      </camera>
      <camera id="5" sensor_id="0" label="DSC00008.JPG">
        <transform>9.9978268107192547e-001 1.8499548615124466e-002 -9.6102720912952938e-003 4.5727677049793316e+000 1.8580233735070461e-002 -9.9979229230244682e-001 8.3753905561988889e-003 1.1192332127067948e+001 -9.4533350190412965e-003 -8.5521315270149049e-003 -9.9991874445044904e-001 2.4602621150338658e-001 0 0 0 1</transform>
        <rotation_covariance>1.3898142728257857e-008 -1.9307505053342235e-010 -1.4733659023768623e-010 -1.9307505053342238e-010 7.8622266331614480e-009 -1.7123354449619232e-010 -1.4733659023768623e-010 -1.7123354449619232e-010 2.3655674280060775e-010</rotation_covariance>
        <location_covariance>5.4270988420818292e-006 1.0847165494773922e-006 -8.5104659914986537e-007 1.0847165494773922e-006 8.6153798177650872e-006 -1.0192279470176021e-007 -8.5104659914986537e-007 -1.0192279470176021e-007 3.5743374870175233e-007</location_covariance>
      </camera>
      <camera id="6" sensor_id="0" label="DSC00009.JPG">
        <transform>9.9979786849059371e-001 1.7455047476977015e-002 -9.9771478510313934e-003 6.5123016953919688e+000 1.7514559555375508e-002 -9.9982914789974076e-001 5.9089096844901160e-003 1.1182070560852203e+001 -9.8723029352865040e-003 -6.0824606578863231e-003 -9.9993276839350509e-001 2.0290905133779316e-001 0 0 0 1</transform>
        <rotation_covariance>1.3863108685897000e-008 -4.7732527135043808e-010 -1.3519130959064832e-010 -4.7732527135043797e-010 7.9722501327396272e-009 -1.6394317738929689e-010 -1.3519130959064832e-010 -1.6394317738929689e-010 2.4848554610569056e-010</rotation_covariance>
        <location_covariance>5.7315993023121262e-006 1.2265692778761292e-006 -1.1033622969184174e-006 1.2265692778761292e-006 8.5508112123540089e-006 -1.0726860300215118e-007 -1.1033622969184174e-006 -1.0726860300215118e-007 5.1415693609509548e-007</location_covariance>
      </camera>
      <camera id="7" sensor_id="0" label="DSC00010.JPG">
        <transform>9.9978822210031293e-001 1.6952828482241927e-002 -1.1666728588010164e-002 8.4815293485604641e+000 1.6992194154913192e-002 -9.9985023121698158e-001 3.2833630853420404e-003 1.1176942870960104e+001 -1.1609318985037002e-002 -3.4809110589240628e-003 -9.9992655078805837e-001 1.6338374823286880e-001 0 0 0 1</transform>
        <rotation_covariance>1.3738458601988986e-008 -6.4556709809426643e-010 -1.4781873226449470e-010 -6.4556709809426643e-010 7.9300829578094367e-009 -1.4283231667331215e-010 -1.4781873226449470e-010 -1.4283231667331215e-010 2.5564872643053008e-010</rotation_covariance>
        <location_covariance>5.9872084204703969e-006 1.4590445754186362e-006 -1.3619173065005646e-006 1.4590445754186362e-006 8.4411852553426191e-006 -1.0201344526419698e-007 -1.3619173065005646e-006 -1.0201344526419698e-007 7.1455090856750118e-007</location_covariance>
      </camera>
      <camera id="8" sensor_id="0" label="DSC00011.JPG">
        <transform>9.9976658972518706e-001 1.7039486136298656e-002 -1.3282393665309786e-002 9.4012223989330739e+000 1.7057315292034195e-002 -9.9985375663440335e-001 1.2301784827339606e-003 1.1218106511229955e+001 -1.3259489594155273e-002 -1.4564533230183438e-003 -9.9991102838173573e-001 1.5116969847910675e-001 0 0 0 1</transform>
        <rotation_covariance>1.3998269126550101e-008 -6.7362366383682181e-010 -1.8696531020696803e-010 -6.7362366383682161e-010 8.1163649906631230e-009 -1.3690751050466596e-010 -1.8696531020696803e-010 -1.3690751050466596e-010 2.6441338814178986e-010</rotation_covariance>
        <location_covariance>6.2697001825071130e-006 1.6016275920100475e-006 -1.4834592635725096e-006 1.6016275920100475e-006 8.6048244690483553e-006 -1.1886289587786284e-007 -1.4834592635725096e-006 -1.1886289587786284e-007 8.2754971890748670e-007</location_covariance>
      </camera>
      <camera id="9" sensor_id="0" label="DSC00012.JPG">
        <transform>9.9973569718833555e-001 1.6616357891004681e-002 -1.5888121908885500e-002 1.1194753618387649e+001 1.6604735588578941e-002 -9.9986175930384380e-001 -8.6315575402589326e-004 1.1165829831009937e+001 -1.5900268028776775e-002 5.9910955623704765e-004 -9.9987340325880891e-001 1.3069163221648283e-001 0 0 0 1</transform>
        <rotation_covariance>1.4172684578819270e-008 -4.6698110743089929e-010 -2.3519064306986779e-010 -4.6698110743089919e-010 8.2758287432826267e-009 -1.0920976962944037e-010 -2.3519064306986774e-010 -1.0920976962944038e-010 2.7082376355383121e-010</rotation_covariance>
        <location_covariance>6.7434528584829526e-006 2.0337909016707178e-006 -1.7141328159281128e-006 2.0337909016707178e-006 8.6915788725087250e-006 -9.6414596282724838e-008 -1.7141328159281128e-006 -9.6414596282724838e-008 1.0723576193802820e-006</location_covariance>
      </camera>
      <camera id="10" sensor_id="0" label="DSC00013.JPG">
        <transform>9.9973781442337895e-001 1.6129686531089097e-002 -1.6252249824988969e-002 1.2340793939130524e+001 1.6088775959317247e-002 -9.9986706920573509e-001 -2.6448451872769204e-003 1.1149585983564975e+001 -1.6292749924305176e-002 2.3826729407473209e-003 -9.9986442539454390e-001 1.1551140356242992e-001 0 0 0 1</transform>
        <rotation_covariance>1.4459283197242449e-008 -4.6019797384348699e-010 -2.5334017366523668e-010 -4.6019797384348694e-010 8.4420247882091707e-009 -1.0794343436553493e-010 -2.5334017366523668e-010 -1.0794343436553491e-010 2.7636986144532699e-010</rotation_covariance>
        <location_covariance>7.0979574853985759e-006 2.2441489386136052e-006 -1.8590476629169566e-006 2.2441489386136052e-006 8.8536834358188697e-006 -1.1470742432814686e-007 -1.8590476629169566e-006 -1.1470742432814686e-007 1.2531532018577671e-006</location_covariance>
      </camera>
      <camera id="11" sensor_id="0" label="DSC00014.JPG">
        <transform>9.9973163234755091e-001 1.6154351570871871e-002 -1.6604222626325854e-002 1.3933635023135420e+001 1.6108892833276132e-002 -9.9986613039722672e-001 -2.8679010028207492e-003 1.1095963557022600e+001 -1.6648328906708532e-002 2.5996557080938255e-003 -9.9985802738929563e-001 9.3896398178707013e-002 0 0 0 1</transform>
        <rotation_covariance>1.4555730460119897e-008 -3.4801831943814870e-010 -2.6525342802878457e-010 -3.4801831943814865e-010 8.5080336570632150e-009 -1.0338775031820567e-010 -2.6525342802878462e-010 -1.0338775031820569e-010 2.8118210384213835e-010</rotation_covariance>
        <location_covariance>7.5284858480800034e-006 2.5847030626252606e-006 -2.0583892283620887e-006 2.5847030626252606e-006 8.8899427419962820e-006 -1.1288871286288549e-007 -2.0583892283620887e-006 -1.1288871286288549e-007 1.5274526685524440e-006</location_covariance>
      </camera>
      <camera id="12" sensor_id="0" label="DSC00015.JPG">
        <transform>9.9972176375223420e-001 1.5931364345538969e-002 -1.7395019695658619e-002 1.5858731469762356e+001 1.5886984858027253e-002 -9.9987018479375911e-001 -2.6864982067471579e-003 1.0983971202241335e+001 -1.7435561139334588e-002 2.4093963110564678e-003 -9.9984508600941413e-001 8.4406350545318601e-002 0 0 0 1</transform>
        <rotation_covariance>1.4903846130350608e-008 -2.6514997151378185e-011 -3.0427638370851312e-010 -2.6514997151378223e-011 8.7442006134963085e-009 -1.1833446103966910e-010 -3.0427638370851312e-010 -1.1833446103966910e-010 2.9058680185439913e-010</rotation_covariance>
        <location_covariance>8.2208178114771748e-006 3.0862026081950386e-006 -2.2859742607769592e-006 3.0862026081950386e-006 9.0734638971143167e-006 -1.2124173728550920e-007 -2.2859742607769592e-006 -1.2124173728550920e-007 1.9036282610947334e-006</location_covariance>
      </camera>
      <camera id="13" sensor_id="0" label="DSC00016.JPG">
        <transform>9.9970160327244739e-001 1.5442841206786783e-002 -1.8926781817335484e-002 1.7205764300491985e+001 1.5358250169286642e-002 -9.9987144331009581e-001 -4.6066261757968926e-003 1.0974155106863879e+001 -1.8995488049446365e-002 4.3145693235708315e-003 -9.9981025996201667e-001 8.4632613897368411e-002 0 0 0 1</transform>
        <rotation_covariance>1.5306635938738871e-008 7.7457074709412854e-011 -3.3526556819313762e-010 7.7457074709412790e-011 8.9177106247958684e-009 -1.1844386377641958e-010 -3.3526556819313757e-010 -1.1844386377641958e-010 3.0024763605765958e-010</rotation_covariance>
        <location_covariance>8.7633335253388547e-006 3.3800459377041049e-006 -2.4486895832781817e-006 3.3800459377041049e-006 9.3217968392059598e-006 -1.3739739063491915e-007 -2.4486895832781817e-006 -1.3739739063491915e-007 2.1941465146145976e-006</location_covariance>
      </camera>
      <camera id="14" sensor_id="0" label="DSC00017.JPG">
        <transform>9.9967055162259955e-001 1.5219500306202007e-002 -2.0667729168854707e-002 1.9335107420653667e+001 1.5100840424351928e-002 -9.9986865529353330e-001 -5.8853020296142809e-003 1.0965714793426667e+001 -2.0754585928075494e-002 5.5712630462975135e-003 -9.9976907743289556e-001 2.4521122669531954e-002 0 0 0 1</transform>
        <rotation_covariance>1.4886427252160371e-008 -1.8897435547862444e-010 -3.5628862034444744e-010 -1.8897435547862444e-010 8.6947943221025042e-009 -9.4149225185626921e-011 -3.5628862034444754e-010 -9.4149225185626933e-011 3.0580164122233661e-010</rotation_covariance>
        <location_covariance>9.4018369701620107e-006 3.5603414430328015e-006 -2.6858452866675919e-006 3.5603414430328015e-006 9.0271375886566580e-006 -8.6979960644381641e-008 -2.6858452866675919e-006 -8.6979960644381641e-008 2.6855406663906676e-006</location_covariance>
      </camera>
      <camera id="15" sensor_id="0" label="DSC00018.JPG">
        <transform>9.9964984942588986e-001 1.5087608554550455e-002 -2.1738045241011326e-002 2.0235739836157549e+001 1.4936314926773287e-002 -9.9986319985225691e-001 -7.1054962961024622e-003 1.0973342089010314e+001 -2.1842276419912113e-002 6.7783220128828552e-003 -9.9973845045165977e-001 -2.6567247455451413e-003 0 0 0 1</transform>
        <rotation_covariance>1.4985569665735922e-008 -1.7203197567093197e-010 -3.8223038273908123e-010 -1.7203197567093202e-010 8.8846075823619125e-009 -9.5795232743052217e-011 -3.8223038273908128e-010 -9.5795232743052230e-011 3.1407019514250075e-010</rotation_covariance>
        <location_covariance>9.8734366283555756e-006 3.7260340126111657e-006 -2.7845772983967028e-006 3.7260340126111657e-006 9.0786748485054197e-006 -8.2452503165451913e-008 -2.7845772983967028e-006 -8.2452503165451913e-008 2.9141322788422935e-006</location_covariance>
      </camera>
      <camera id="16" sensor_id="0" label="DSC00019.JPG">
        <transform>9.9965228748150425e-001 1.4232955214109139e-002 -2.2197457486593908e-002 2.2007958510469809e+001 1.4074618776137752e-002 -9.9987449577251508e-001 -7.2730880625150023e-003 1.0962612928685530e+001 -2.2298189148501971e-002 6.9581383668242090e-003 -9.9972715031210679e-001 -4.7033357808606298e-002 0 0 0 1</transform>
        <rotation_covariance>1.5413586596444671e-008 -2.8070010093297619e-010 -3.5859665703929905e-010 -2.8070010093297619e-010 8.9919856879212679e-009 -8.8345449823060879e-011 -3.5859665703929910e-010 -8.8345449823060814e-011 3.2411732824856257e-010</rotation_covariance>
        <location_covariance>1.0645440486595625e-005 3.9686947615953682e-006 -2.9987962124666027e-006 3.9686947615953682e-006 9.3082475977413155e-006 -6.2471046237227722e-008 -2.9987962124666027e-006 -6.2471046237227722e-008 3.3960761955106644e-006</location_covariance>
      </camera>
      <camera id="17" sensor_id="0" label="DSC00020.JPG">
        <transform>9.9961990915346099e-001 1.4374673131430666e-002 -2.3524582810112684e-002 2.3310921846418957e+001 1.4203784298793772e-002 -9.9987162456288559e-001 -7.4153156082095830e-003 1.0942327459100019e+001 -2.3628155569545912e-002 7.0783590146687560e-003 -9.9969575726720017e-001 -8.1098713596372274e-002 0 0 0 1</transform>
        <rotation_covariance>1.5261307159836952e-008 1.4304966996293948e-010 -3.8512076255528683e-010 1.4304966996293948e-010 8.9605548324436750e-009 -8.9738714782779586e-011 -3.8512076255528683e-010 -8.9738714782779599e-011 3.3152287601118818e-010</rotation_covariance>
        <location_covariance>1.1167291511169314e-005 4.4528747282187225e-006 -3.1153767299831164e-006 4.4528747282187225e-006 9.2010496347499273e-006 -7.0521055424643174e-008 -3.1153767299831164e-006 -7.0521055424643174e-008 3.7722805335665620e-006</location_covariance>
      </camera>
      <camera id="18" sensor_id="0" label="DSC00021.JPG">
        <transform>9.9960269213694741e-001 1.3822927385904319e-002 -2.4563887132362343e-002 2.4605330308795569e+001 1.3605167422669725e-002 -9.9986684923738622e-001 -9.0101728897455744e-003 1.0949859158055000e+001 -2.4685163397647307e-002 8.6723972802216619e-003 -9.9965765751753510e-001 -8.6503820853137847e-002 0 0 0 1</transform>
        <rotation_covariance>1.5386599279200865e-008 1.5930892226513349e-010 -3.9568911609875320e-010 1.5930892226513349e-010 8.9012385018908519e-009 -7.1119360640348702e-011 -3.9568911609875320e-010 -7.1119360640348676e-011 3.2968134791885169e-010</rotation_covariance>
        <location_covariance>1.1719148339342475e-005 4.6936614260341084e-006 -3.2281240134349229e-006 4.6936614260341084e-006 9.2773939472034764e-006 -1.0811367867748470e-007 -3.2281240134349229e-006 -1.0811367867748470e-007 4.1721058679141040e-006</location_covariance>
      </camera>
      <camera id="19" sensor_id="0" label="DSC00022.JPG">
        <transform>9.9959967605647648e-001 1.3227181620861461e-002 -2.5010583642855320e-002 2.6280414672096320e+001 1.2997628826274595e-002 -9.9987210421838535e-001 -9.3186292335755566e-003 1.0900936018299344e+001 -2.5130644096041647e-002 8.9898204802542105e-003 -9.9964375347173096e-001 -1.0531182280829780e-001 0 0 0 1</transform>
        <rotation_covariance>1.5952085461282672e-008 8.8562584115526947e-011 -4.0577767489085455e-010 8.8562584115526934e-011 8.9686223152465049e-009 -5.9877204343093573e-011 -4.0577767489085445e-010 -5.9877204343093560e-011 3.3149852988969382e-010</rotation_covariance>
        <location_covariance>1.2573344636768698e-005 4.9304179595159759e-006 -3.3671592463845253e-006 4.9304179595159759e-006 9.5979041637752020e-006 -1.1751211503707543e-007 -3.3671592463845253e-006 -1.1751211503707543e-007 4.7220593586733203e-006</location_covariance>
      </camera>
      <camera id="20" sensor_id="0" label="DSC00023.JPG">
        <transform>9.9957711026496443e-001 1.2791672884848254e-002 -2.6114626919587089e-002 2.8218936489223314e+001 1.2527685177827323e-002 -9.9986901420023522e-001 -1.0247514153936318e-002 1.0850040731857117e+001 -2.6242289123234473e-002 9.9160247608059901e-003 -9.9960642990854942e-001 -1.6008913106276457e-001 0 0 0 1</transform>
        <rotation_covariance>1.6292765281934417e-008 -3.2895616338720279e-010 -4.0626943303012350e-010 -3.2895616338720279e-010 9.2989243379910243e-009 -4.2441614659715790e-011 -4.0626943303012345e-010 -4.2441614659715828e-011 3.4149164321794469e-010</rotation_covariance>
        <location_covariance>1.3771502035513051e-005 4.9872681619219044e-006 -3.5693074429977506e-006 4.9872681619219044e-006 9.7542907883621362e-006 -1.2478926770283044e-007 -3.5693074429977506e-006 -1.2478926770283044e-007 5.4100108745123721e-006</location_covariance>
      </camera>
      <camera id="21" sensor_id="0" label="DSC00024.JPG">
        <transform>9.9957684805538638e-001 1.2489921121250488e-002 -2.6270262694581110e-002 2.8928967862170371e+001 1.2200083002727157e-002 -9.9986324735889731e-001 -1.1164432616441832e-002 1.0858218336853877e+001 -2.6406113049518037e-002 1.0839208979692349e-002 -9.9959253135580728e-001 -1.8705331832506397e-001 0 0 0 1</transform>
        <rotation_covariance>1.6387960155994767e-008 -3.8096211012648960e-010 -4.1207637022435987e-010 -3.8096211012648960e-010 9.4550229927806820e-009 -4.4078992005532111e-011 -4.1207637022435992e-010 -4.4078992005532117e-011 3.4811007287489569e-010</rotation_covariance>
        <location_covariance>1.4240283570151302e-005 5.0822938225027846e-006 -3.6314581631958008e-006 5.0822938225027846e-006 9.7976950379681831e-006 -1.3406712081666538e-007 -3.6314581631958008e-006 -1.3406712081666538e-007 5.6726785023669991e-006</location_covariance>
      </camera>
      <camera id="22" sensor_id="0" label="DSC00025.JPG">
        <transform>9.9955709250212688e-001 1.1877470779163795e-002 -2.7286343041625354e-002 3.0161526031090336e+001 1.1608990538460004e-002 -9.9988284053548326e-001 -9.9768001569293507e-003 1.0840564489287921e+001 -2.7401645340619459e-002 9.6556144591356582e-003 -9.9957787037431123e-001 -2.0868555986977888e-001 0 0 0 1</transform>
        <rotation_covariance>1.6930160858638981e-008 -7.2371823746748427e-010 -4.0534519925577301e-010 -7.2371823746748417e-010 9.5479219865408256e-009 -5.0755053228356141e-011 -4.0534519925577311e-010 -5.0755053228356154e-011 3.5732964342727076e-010</rotation_covariance>
        <location_covariance>1.4972852091740669e-005 5.0814272426686161e-006 -3.7460736064236564e-006 5.0814272426686161e-006 1.0112359693305833e-005 -1.5348620752379370e-007 -3.7460736064236564e-006 -1.5348620752379370e-007 6.1493437563692137e-006</location_covariance>
      </camera>
      <camera id="23" sensor_id="0" label="DSC00026.JPG">
        <transform>9.9954901332967627e-001 1.1513596100178382e-002 -2.7734582320844692e-002 3.1184464096875246e+001 1.1216630028022733e-002 -9.9987834082462046e-001 -1.0839315505072254e-002 1.0814403824567673e+001 -2.7856007655157847e-002 1.0523338569389383e-002 -9.9955655276871147e-001 -2.2553414942150610e-001 0 0 0 1</transform>
        <rotation_covariance>1.6996938630247249e-008 -6.2967229424665875e-010 -4.1707790129691924e-010 -6.2967229424665875e-010 9.4749776083055286e-009 -4.2527365521543352e-011 -4.1707790129691924e-010 -4.2527365521543313e-011 3.6658867025535856e-010</rotation_covariance>
        <location_covariance>1.5511516687997245e-005 5.2988673616646717e-006 -3.8349412402278222e-006 5.2988673616646717e-006 1.0147783360377884e-005 -1.4117420388427253e-007 -3.8349412402278222e-006 -1.4117420388427253e-007 6.5560572558730871e-006</location_covariance>
      </camera>
      <camera id="24" sensor_id="0" label="DSC00027.JPG">
        <transform>9.9956720057429571e-001 1.0745163821107391e-002 -2.7385269590142591e-002 3.2537041444595602e+001 1.0424147615586897e-002 -9.9987558992157743e-001 -1.1838151268922733e-002 1.0717051803888154e+001 -2.7509065461328884e-002 1.1547559631151845e-002 -9.9955485351430784e-001 -2.6443741778607083e-001 0 0 0 1</transform>
        <rotation_covariance>1.7073682336666241e-008 -4.8347680312142372e-010 -4.1574924307265101e-010 -4.8347680312142351e-010 9.6637432935062837e-009 -3.6192941372208571e-011 -4.1574924307265106e-010 -3.6192941372208597e-011 3.7985168185265144e-010</rotation_covariance>
        <location_covariance>1.6425553361544808e-005 5.5778839349237783e-006 -3.9450762905371187e-006 5.5778839349237783e-006 1.0152988147934539e-005 -1.0870987678521071e-007 -3.9450762905371187e-006 -1.0870987678521071e-007 7.1173383039297679e-006</location_covariance>
      </camera>
      <camera id="25" sensor_id="0" label="DSC00028.JPG">
        <transform>9.9958874092039163e-001 1.0175760154829292e-002 -2.6810500376862653e-002 3.3609453257490365e+001 9.8788796104712830e-003 -9.9988867265854608e-001 -1.1182576928985681e-002 1.0678114731806945e+001 -2.6921306855874932e-002 1.0913120287170694e-002 -9.9957798447283219e-001 -2.9258697526316174e-001 0 0 0 1</transform>
        <rotation_covariance>1.7047306869687527e-008 1.1354969178525324e-011 -4.1949435058931677e-010 1.1354969178525272e-011 9.7354517386871041e-009 -5.4031493675694098e-011 -4.1949435058931661e-010 -5.4031493675694092e-011 3.9139780656872974e-010</rotation_covariance>
        <location_covariance>1.7138913656030865e-005 6.0264551503222223e-006 -4.0731746204934366e-006 6.0264551503222223e-006 1.0132495622157649e-005 -8.6115838830581089e-008 -4.0731746204934366e-006 -8.6115838830581089e-008 7.5833693130366410e-006</location_covariance>
      </camera>
      <camera id="26" sensor_id="0" label="DSC00029.JPG">
        <transform>9.9953173478514756e-001 9.2227716888328461e-003 -2.9176217022918626e-002 3.3969614862044764e+001 8.9434684602872939e-003 -9.9991306471690866e-001 -9.6890340250730712e-003 1.0832395560314424e+001 -2.9263040328930786e-002 9.4235604107386420e-003 -9.9952732377854114e-001 -3.0334269077200809e-001 0 0 0 1</transform>
        <rotation_covariance>1.7369258944777900e-008 1.3588189421550303e-010 -4.4384820270860723e-010 1.3588189421550298e-010 9.7332542750857370e-009 -8.1488874393028358e-011 -4.4384820270860712e-010 -8.1488874393028345e-011 4.0031662126730347e-010</rotation_covariance>
        <location_covariance>1.7371017807605420e-005 6.2019012147358864e-006 -4.1756645771166909e-006 6.2019012147358864e-006 1.0372314855209870e-005 -1.6860691778931301e-007 -4.1756645771166909e-006 -1.6860691778931301e-007 7.7496542751664851e-006</location_covariance>
      </camera>
      <camera id="27" sensor_id="0" label="DSC00030.JPG">
        <transform>9.9962269965884643e-001 7.6760425132128334e-003 -2.6373029748103450e-002 3.3671182602375715e+001 7.4118315372140612e-003 -9.9992150998403562e-001 -1.0101416955558036e-002 8.1654798251618050e+000 -2.6448498634572045e-002 9.9021332338756953e-003 -9.9960113279117269e-001 -3.0231694688905603e-001 0 0 0 1</transform>
        <rotation_covariance>1.5241630430426300e-008 -2.0104238424426575e-010 -3.7929853398464191e-010 -2.0104238424426578e-010 9.0372512466758754e-009 1.2258518439381593e-011 -3.7929853398464191e-010 1.2258518439381585e-011 3.4642030238978545e-010</rotation_covariance>
        <location_covariance>1.6708039611784938e-005 5.1767476309475632e-006 -3.3934270115262190e-006 5.1767476309475632e-006 8.2690172485336120e-006 5.7738944038900326e-007 -3.3934270115262190e-006 5.7738944038900326e-007 7.6676934245417768e-006</location_covariance>
      </camera>
      <camera id="28" sensor_id="0" label="DSC00031.JPG">
        <transform>9.9966729177435254e-001 6.4975523085719685e-003 -2.4961722106646114e-002 3.3188007202327562e+001 6.2811474530269969e-003 -9.9994209458883376e-001 -8.7381151268013831e-003 8.2306228092111784e+000 -2.5017053047978827e-002 8.5784196267887115e-003 -9.9965021771292650e-001 -2.9719439722911023e-001 0 0 0 1</transform>
        <rotation_covariance>1.5594568415037445e-008 -2.1232492889476701e-010 -3.6244056207646901e-010 -2.1232492889476708e-010 9.1983907798399685e-009 -4.1635079712604343e-012 -3.6244056207646896e-010 -4.1635079712604044e-012 3.4621030056754281e-010</rotation_covariance>
        <location_covariance>1.6497707195563789e-005 5.1326423467840890e-006 -3.3714051588885345e-006 5.1326423467840890e-006 8.4933901156627233e-006 5.3640876729079011e-007 -3.3714051588885345e-006 5.3640876729079011e-007 7.4538180121146199e-006</location_covariance>
      </camera>
      <camera id="29" sensor_id="0" label="DSC00032.JPG">
        <transform>9.9967474621255037e-001 5.4366448796618538e-003 -2.4916754951750910e-002 3.1302382613323125e+001 5.2809627189834988e-003 -9.9996614935835493e-001 -6.3096410504074685e-003 8.4407653983323758e+000 -2.4950214781317284e-002 6.1760043617801316e-003 -9.9966961729988046e-001 -2.5089266025879942e-001 0 0 0 1</transform>
        <rotation_covariance>1.5932426670863988e-008 -3.0965044834995123e-010 -3.8119784050824043e-010 -3.0965044834995123e-010 9.2385352691870159e-009 -2.2409522513969151e-011 -3.8119784050824027e-010 -2.2409522513969151e-011 3.3899201132976996e-010</rotation_covariance>
        <location_covariance>1.5376102527747194e-005 4.8725117267196738e-006 -3.2818932138616838e-006 4.8725117267196738e-006 8.7580122186728473e-006 5.1526879548211279e-007 -3.2818932138616838e-006 5.1526879548211279e-007 6.6499615402890565e-006</location_covariance>
      </camera>
      <camera id="30" sensor_id="0" label="DSC00033.JPG">
        <transform>9.9973395910102580e-001 5.0112143133980470e-003 -2.2514412079664772e-002 2.9546829391937237e+001 4.8265609671069420e-003 -9.9995433280991175e-001 -8.2484303909875142e-003 8.5853177489149672e+000 -2.2554718562166988e-002 8.1375687886101021e-003 -9.9971249099168114e-001 -2.0761690444535352e-001 0 0 0 1</transform>
        <rotation_covariance>1.5908239771776799e-008 -4.7622238426777425e-010 -3.4131878317485512e-010 -4.7622238426777436e-010 9.2885229355726158e-009 -3.1325007747654489e-012 -3.4131878317485501e-010 -3.1325007747654505e-012 3.2684392779320921e-010</rotation_covariance>
        <location_covariance>1.4413064999681551e-005 4.5540648484264986e-006 -3.1856299929642945e-006 4.5540648484264986e-006 8.7916265029703580e-006 5.0406038999027179e-007 -3.1856299929642945e-006 5.0406038999027179e-007 5.9495791841421868e-006</location_covariance>
      </camera>
      <camera id="31" sensor_id="0" label="DSC00034.JPG">
        <transform>9.9976157602907345e-001 4.2318700157433177e-003 -2.1421539908074532e-002 2.7093082017757130e+001 4.0321919260379617e-003 -9.9994810203956874e-001 -9.3559957105477463e-003 8.6826461939245778e+000 -2.1460021531558893e-002 9.2673892566378282e-003 -9.9972675415446943e-001 -1.5043266411190084e-001 0 0 0 1</transform>
        <rotation_covariance>1.4898513013758722e-008 -4.2556711133368161e-010 -3.2793595871144699e-010 -4.2556711133368161e-010 8.8004599123426899e-009 4.8604627580947770e-012 -3.2793595871144694e-010 4.8604627580947899e-012 3.1066604757594603e-010</rotation_covariance>
        <location_covariance>1.2819226718982852e-005 4.2503855277243026e-006 -2.9814010885207017e-006 4.2503855277243026e-006 8.2333022539266321e-006 4.8346176951329861e-007 -2.9814010885207017e-006 4.8346176951329861e-007 5.0421133364395149e-006</location_covariance>
      </camera>
      <camera id="32" sensor_id="0" label="DSC00035.JPG">
        <transform>9.9975654061760533e-001 3.7978493157327878e-003 -2.1735589085488411e-002 2.5507718148347024e+001 3.5920043258515985e-003 -9.9994840692254194e-001 -9.5016313332810815e-003 8.7284146444566080e+000 -2.1770553443614570e-002 9.4212437419649315e-003 -9.9971860199213713e-001 -1.2585798997926761e-001 0 0 0 1</transform>
        <rotation_covariance>1.4829153907894520e-008 -2.6576328706502070e-010 -3.3082181504725685e-010 -2.6576328706502070e-010 8.6856900648988402e-009 -3.6602546769071192e-012 -3.3082181504725690e-010 -3.6602546769071006e-012 3.0805159734917015e-010</rotation_covariance>
        <location_covariance>1.1961104649806183e-005 4.1199120337061706e-006 -2.8714207055560951e-006 4.1199120337061706e-006 8.2146865873093788e-006 4.6124737820618703e-007 -2.8714207055560951e-006 4.6124737820618703e-007 4.5039527187988844e-006</location_covariance>
      </camera>
      <camera id="33" sensor_id="0" label="DSC00036.JPG">
        <transform>9.9978389626445519e-001 3.1238796506013592e-003 -2.0552424338568711e-002 2.3441021644762145e+001 2.8950217752968716e-003 -9.9993358275547850e-001 -1.1155667918735099e-002 8.7691642095997011e+000 -2.0585908267176111e-002 1.1093757421230071e-002 -9.9972653707256076e-001 -9.1283794617711564e-002 0 0 0 1</transform>
        <rotation_covariance>1.4496579774020696e-008 -4.6060042629758103e-010 -3.0982669679024091e-010 -4.6060042629758103e-010 8.6755067900248050e-009 4.8507405688656156e-012 -3.0982669679024091e-010 4.8507405688656390e-012 3.0533654385811875e-010</rotation_covariance>
        <location_covariance>1.0988959836316177e-005 3.7013423771171238e-006 -2.7250600388591824e-006 3.7013423771171238e-006 8.0467054553643440e-006 4.7031953979773522e-007 -2.7250600388591824e-006 4.7031953979773522e-007 3.8554099237798506e-006</location_covariance>
      </camera>
      <camera id="34" sensor_id="0" label="DSC00037.JPG">
        <transform>9.9982338986444796e-001 2.5348191981441489e-003 -1.8621594228109949e-002 2.1648319531621436e+001 2.3264928667153556e-003 -9.9993456586398466e-001 -1.1200509869896798e-002 8.7533304145867490e+000 -1.8648767007627621e-002 1.1155208740191859e-002 -9.9976386452354737e-001 -6.1989539223628889e-002 0 0 0 1</transform>
        <rotation_covariance>1.3953868480635927e-008 -5.9192572049420382e-010 -2.7088998053769025e-010 -5.9192572049420382e-010 8.9373117897467846e-009 4.8327394702372071e-012 -2.7088998053769014e-010 4.8327394702372273e-012 2.9667600852609946e-010</rotation_covariance>
        <location_covariance>1.0378775960051862e-005 3.3459272751893427e-006 -2.6159033691162795e-006 3.3459272751893427e-006 7.7284234468870935e-006 4.7710559683417830e-007 -2.6159033691162795e-006 4.7710559683417830e-007 3.3426325503289132e-006</location_covariance>
      </camera>
      <camera id="35" sensor_id="0" label="DSC00038.JPG">
        <transform>9.9982860532336448e-001 2.3778130436610946e-003 -1.8360446134690969e-002 2.0439796742814195e+001 2.1874191909405697e-003 -9.9994370357988094e-001 -1.0382912319497407e-002 8.7749050734872664e+000 -1.8384101131646284e-002 1.0340970751368620e-002 -9.9977751982603646e-001 -2.6965010604851597e-002 0 0 0 1</transform>
        <rotation_covariance>1.3839509795320372e-008 -5.7115917694545246e-010 -2.7907492631639396e-010 -5.7115917694545235e-010 8.6662268952610533e-009 -2.6292347938584352e-012 -2.7907492631639401e-010 -2.6292347938584384e-012 2.8708349518364786e-010</rotation_covariance>
        <location_covariance>9.7184110039557947e-006 3.1876962096380611e-006 -2.4865434805865280e-006 3.1876962096380611e-006 7.6824926094595072e-006 4.3498973689552971e-007 -2.4865434805865280e-006 4.3498973689552971e-007 3.0119796327486725e-006</location_covariance>
      </camera>
      <camera id="36" sensor_id="0" label="DSC00039.JPG">
        <transform>9.9983595511043566e-001 1.6368512649190333e-003 -1.8038392010915515e-002 1.8181259914780952e+001 1.4516029062263073e-003 -9.9994612649614556e-001 -1.0277983963650971e-002 8.8013316760873312e+000 -1.8054243750585706e-002 1.0250113330640015e-002 -9.9978446650230746e-001 3.0505854567193205e-003 0 0 0 1</transform>
        <rotation_covariance>1.3514263200713265e-008 -4.0173284372800361e-010 -2.7416275574174897e-010 -4.0173284372800366e-010 8.4251776089368193e-009 -7.8939724857675049e-012 -2.7416275574174891e-010 -7.8939724857675437e-012 2.7693013364749288e-010</rotation_covariance>
        <location_covariance>8.7156272285157661e-006 2.9651758118563012e-006 -2.2425946438930536e-006 2.9651758118563012e-006 7.5058154677293636e-006 4.0471831508902493e-007 -2.2425946438930536e-006 4.0471831508902493e-007 2.4455499132644181e-006</location_covariance>
      </camera>
      <camera id="37" sensor_id="0" label="DSC00040.JPG">
        <transform>9.9984206478620818e-001 1.5231738019213363e-003 -1.7706649192344687e-002 1.7262061352091887e+001 1.3320200847208074e-003 -9.9994076545345156e-001 -1.0802375056405840e-002 8.8412129393914558e+000 -1.7722054241693333e-002 1.0777083368634541e-002 -9.9978486849297732e-001 1.6638771785963777e-002 0 0 0 1</transform>
        <rotation_covariance>1.3043203231805619e-008 -4.8050651145460113e-010 -2.4586940848001970e-010 -4.8050651145460113e-010 8.2701715281221993e-009 -1.7999676463431721e-012 -2.4586940848001965e-010 -1.7999676463431728e-012 2.7054954844874040e-010</rotation_covariance>
        <location_covariance>8.2969438423040515e-006 2.7789213361536637e-006 -2.1603302982893972e-006 2.7789213361536637e-006 7.2404592862237627e-006 4.0875087583675182e-007 -2.1603302982893972e-006 4.0875087583675182e-007 2.2329642300381344e-006</location_covariance>
      </camera>
      <camera id="38" sensor_id="0" label="DSC00041.JPG">
        <transform>9.9985719965128994e-001 7.8257652698973082e-004 -1.6880991661058883e-002 1.5557963283430219e+001 6.0383871119641924e-004 -9.9994373558777694e-001 -1.0590610821515590e-002 8.8365142414261264e+000 -1.6888329825420736e-002 1.0578905082348889e-002 -9.9980141582364568e-001 7.2336427293000452e-002 0 0 0 1</transform>
        <rotation_covariance>1.2793052527607242e-008 -5.3631859058666285e-010 -2.3184872019924208e-010 -5.3631859058666305e-010 8.0947350682743485e-009 2.3352523227394579e-012 -2.3184872019924213e-010 2.3352523227394607e-012 2.6254358543038156e-010</rotation_covariance>
        <location_covariance>7.6452279862788142e-006 2.4974416531639761e-006 -1.9757881434147214e-006 2.4974416531639761e-006 7.1201924676107708e-006 4.0059178507616635e-007 -1.9757881434147214e-006 4.0059178507616635e-007 1.8726410732121151e-006</location_covariance>
      </camera>
      <camera id="39" sensor_id="0" label="DSC00042.JPG">
        <transform>9.9987344852600768e-001 6.7766430910171701e-004 -1.5894266381057204e-002 1.4043373053074918e+001 5.2667480433195367e-004 -9.9995471738513309e-001 -9.5018836484733905e-003 8.8554624079453141e+000 -1.5899985734531885e-002 9.4923100614557349e-003 -9.9982852855044047e-001 8.0651157991790248e-002 0 0 0 1</transform>
        <rotation_covariance>1.2385441135511841e-008 -5.1934397281011875e-010 -2.1423951985012923e-010 -5.1934397281011885e-010 7.9370319803200155e-009 -6.8508818911579719e-012 -2.1423951985012923e-010 -6.8508818911579654e-012 2.5449110161420073e-010</rotation_covariance>
        <location_covariance>7.1098489412397227e-006 2.2782152696390214e-006 -1.8134383936013476e-006 2.2782152696390214e-006 6.8811883470464263e-006 4.1750001421731781e-007 -1.8134383936013476e-006 4.1750001421731781e-007 1.5763108575220333e-006</location_covariance>
      </camera>
      <camera id="40" sensor_id="0" label="DSC00043.JPG">
        <transform>9.9990189285149167e-001 4.0316568388284774e-004 -1.4001504541800927e-002 1.2156170931511777e+001 2.6205626000564027e-004 -9.9994917594548904e-001 -1.0078534241348028e-002 8.9404974370268722e+000 -1.4004856247720807e-002 1.0073876283177796e-002 -9.9985117943527568e-001 9.9067553226046587e-002 0 0 0 1</transform>
        <rotation_covariance>1.2175334313002107e-008 -6.0311541901466064e-010 -2.0147813807298681e-010 -6.0311541901466064e-010 7.8360048310659356e-009 -1.9244039396567099e-012 -2.0147813807298683e-010 -1.9244039396567390e-012 2.4957962333957695e-010</rotation_covariance>
        <location_covariance>6.5763950632470065e-006 1.9446765783093429e-006 -1.6048247748765918e-006 1.9446765783093429e-006 6.7924768601001592e-006 4.0025440810750580e-007 -1.6048247748765918e-006 4.0025440810750580e-007 1.2485795955812897e-006</location_covariance>
      </camera>
      <camera id="41" sensor_id="0" label="DSC00044.JPG">
        <transform>9.9990777234697747e-001 6.4408444234499891e-005 -1.3580966521470448e-002 1.1185513841295991e+001 -7.8550836976101556e-005 -9.9994460075102531e-001 -1.0525647658864013e-002 8.9821326407029378e+000 -1.3580892086715075e-002 1.0525743699371102e-002 -9.9985237314800834e-001 1.0406757033585026e-001 0 0 0 1</transform>
        <rotation_covariance>1.2006151937698709e-008 -6.1284506256480214e-010 -1.8198628647617381e-010 -6.1284506256480204e-010 7.7646951421378749e-009 8.2510409377201473e-012 -1.8198628647617383e-010 8.2510409377201699e-012 2.4592099591138843e-010</rotation_covariance>
