# Cameras (570)
# PhotoID, X, Y, Z, Omega, Phi, Kappa, r11, r12, r13, r21, r22, r23, r31, r32, r33
DSC00594.JPG	2693785.9408443552000000	1256207.3900716202000000	583.6935264177802800	0.3158421341464135	1.1346519030694580	150.1602586431036200	-0.8672504499903585	0.4974734925662947	0.0199193670937050	-0.4974781735373257	-0.8674616700031307	0.0050712847826044	0.0198021171971113	-0.0055113763500530	0.9997887281247174
DSC00595.JPG	2693785.4640996568000000	1256207.9007189970000000	583.7518067963271700	0.5307614929604090	0.9888366416992039	148.5487093335556200	-0.8529570079856845	0.5216147491290800	0.0195549487116680	-0.5216958096676125	-0.8531308624181961	0.0011017099612898	0.0172575984240000	-0.0092620235688927	0.9998081767099355
DSC00596.JPG	2693783.6428232454000000	1256209.5194419499000000	583.8091848778400400	0.8859272691496437	0.9325546868058440	146.9161656771344700	-0.8377617835612931	0.5455894814883213	0.0220751374515679	-0.5457932798651908	-0.8379099688328495	-0.0040718281558351	0.0162754311217726	-0.0154596836913536	0.9997480225146552
DSC00597.JPG	2693781.9407408535000000	1256210.9326937280000000	583.8194783364354000	0.9522410971706673	0.8537832805480883	145.6137451137622600	-0.8251573872833217	0.5644866861219781	0.0216810378623743	-0.5647063422969508	-0.8252748948727324	-0.0053004586970918	0.0149007778777549	-0.0166171322383585	0.9997508878389709
DSC00598.JPG	2693779.9263922609000000	1256212.5340345693000000	583.7994865160703700	1.1339485308930499	0.7231121763774586	145.5162379457115700	-0.8242210321813006	0.5658559044309360	0.0216052199858978	-0.5661275622971875	-0.8242666558187587	-0.0091686047359415	0.0126203533007786	-0.0197882673826309	0.9997245376385222
DSC00599.JPG	2693778.1191109102000000	1256213.8331001594000000	583.8154216765543700	1.2989664490364374	0.6459335946041239	145.5300425985898600	-0.8243706763320207	0.5656178998184719	0.0221219214542559	-0.5659380688720398	-0.8243558452412692	-0.0123102647387868	0.0112734291710221	-0.0226678587761005	0.9996794876225242
DSC00600.JPG	2693776.4309090097000000	1256215.0811395429000000	583.8417074954131700	1.4342849421584014	0.5185887891553229	145.5358616224686700	-0.8244467714023714	0.5655262189048399	0.0216244504069086	-0.5658671233415845	-0.8243504273793328	-0.0155168167041894	0.0090509582546186	-0.0250293549798115	0.9996457430229810
DSC00601.JPG	2693774.9374677464000000	1256216.2780310067000000	583.8208766183715900	1.5335796038105107	0.4415194662981490	145.5368459006462600	-0.8244657842034475	0.5655034128799353	0.0214955971989627	-0.5658593375603442	-0.8243116426127833	-0.0177066639653897	0.0077058921328736	-0.0267620229833211	0.9996121314551343
DSC00602.JPG	2693773.4479952361000000	1256217.4451599277000000	583.8416939772166600	1.5909170791535387	0.4034663235766109	145.5323007598456100	-0.8244249308991835	0.5655622075077651	0.0215156396795587	-0.5659275103422701	-0.8242382142728918	-0.0189055327889528	0.0070417575701879	-0.0277624849604186	0.9995897448849430
DSC00603.JPG	2693771.9424658641000000	1256218.6693676542000000	583.9392122075341800	1.6323329283499308	0.3519453920005483	145.5408290185119700	-0.8245140455172376	0.5654449379864802	0.0211804355541727	-0.5658081455868124	-0.8242940105884379	-0.0200131580626571	0.0061425672493061	-0.0284851928814448	0.9995753411594819
DSC00604.JPG	2693770.3816120438000000	1256219.9378125814000000	583.9531197597655100	1.7907503838872938	0.2598200147389300	145.5310782051342900	-0.8244248190868450	0.5655659017405590	0.0214226156668943	-0.5659533144853807	-0.8241108576758640	-0.0231978465329009	0.0045346991780855	-0.0312490807727166	0.9995013413969112
DSC00605.JPG	2693768.8319556639000000	1256221.1984623529000000	583.9550117781773200	1.8198573016050952	0.2127102211373838	145.5395377028380300	-0.8245111664213729	0.5654547937829472	0.0210288524259452	-0.5658335036918812	-0.8241676848697409	-0.0240847112546773	0.0037124851835232	-0.0317569426163080	0.9994887263243277
DSC00606.JPG	2693767.0390715152000000	1256222.6245043371000000	583.8976218031739300	1.8093144669410473	0.2155233198406997	145.5368318298002400	-0.8244842919484559	0.5654962976179423	0.0209663947938813	-0.5658723379226374	-0.8241462743877529	-0.0239043005912221	0.0037615826752376	-0.0315730231872994	0.9994943695202048
DSC00607.JPG	2693766.0437405054000000	1256223.3831945062000000	583.8356309427046000	1.8745951134277263	0.1698548116619418	145.5166056874089400	-0.8242866899840166	0.5657844235017283	0.0209627965217140	-0.5661648738028809	-0.8239040716458032	-0.0252866841882352	0.0029645213716117	-0.0327118762574633	0.9994604268127646
DSC00608.JPG	2693764.2266867869000000	1256224.8103030454000000	583.7833209826829900	1.9051649039318734	0.1039395933657391	145.5277721658802900	-0.8243992812966221	0.5656441085958922	0.0203117554231936	-0.5660057721308941	-0.8239790639652497	-0.0263812065960020	0.0018140871324145	-0.0332452185691204	0.9994455785735249
DSC00609.JPG	2693763.0907794517000000	1256225.6949945046000000	583.7727825080722800	1.9327588115855152	0.1027403381162619	145.4994998154565700	-0.8241199189948283	0.5660413561846427	0.0205801410249861	-0.5664125207891787	-0.8236866532108967	-0.0267797239619890	0.0017931562137844	-0.0337265534984174	0.9994294893487540
DSC00610.JPG	2693761.6525463276000000	1256226.8443965674000000	583.7516942068489200	1.9683478920512378	0.0448329564916971	145.4820717715185200	-0.8239486637773060	0.5663075813014815	0.0201077800877589	-0.5666639102506310	-0.8234779781988107	-0.0278573552417298	0.0007824826243338	-0.0343473839187823	0.9994096482118222
DSC00611.JPG	2693759.6937366705000000	1256228.3624007741000000	583.7593046176517600	2.0473954073902187	-0.0713221100221410	145.4768659825690800	-0.8238967882339592	0.5664137872988517	0.0192224841146394	-0.5667385047775235	-0.8233462595541872	-0.0301397425447859	-0.0012448053278764	-0.0357261589860879	0.9993608417502644
DSC00612.JPG	2693758.4142446686000000	1256229.3925756873000000	583.8083077194925200	2.0459640745571477	-0.1372964839891597	145.4653227231229100	-0.8237808650127010	0.5666139985654364	0.0182664465239872	-0.5669032936160287	-0.8232095764495071	-0.0307676604427702	-0.0023962734037325	-0.0357011186310717	0.9993596389700078
DSC00613.JPG	2693757.0359378122000000	1256230.4819141973000000	583.8785426667371900	2.0275525270654349	-0.1179063223010625	145.4353760869395300	-0.8234850712858419	0.5670401717146861	0.0183788201778876	-0.5673342071602654	-0.8229299476618256	-0.0303017924740126	-0.0020578520806518	-0.0353800071097140	0.9993718128613249
DSC00614.JPG	2693755.4225291479000000	1256231.8033275602000000	583.8948120883112600	2.0862550030899336	-0.1914733262755927	145.4214371312499700	-0.8233441712816854	0.5672597075647411	0.0179108846805355	-0.5675325609721815	-0.8227339726183781	-0.0318685195128229	-0.0033418337530386	-0.0364037700402811	0.9993315754413156
DSC00615.JPG	2693754.4080745131000000	1256232.6587742134000000	583.8778949127204200	2.0398198388217761	-0.1840889996798922	145.4248434447787300	-0.8233782582153597	0.5672213447283661	0.0175553405772965	-0.5674838507192893	-0.8227958571936671	-0.0311296732675774	-0.0032129536331665	-0.0355938684253640	0.9993611726795617
DSC00616.JPG	2693753.1636121199000000	1256233.6273568845000000	583.8151427010666300	2.1147935164209573	-0.2450453727283942	145.4075293687156400	-0.8232034542219008	0.5674788061125322	0.0174320845060497	-0.5677303775868955	-0.8225606919068098	-0.0328043670085535	-0.0042768355326171	-0.0369013921537505	0.9993097597516707
DSC00617.JPG	2693752.5022017453000000	1256234.1801139950000000	583.7925434313493700	2.1115512808516779	-0.2344438879581175	145.4040152947773100	-0.8231692698693469	0.5675246281667624	0.0175541894414002	-0.5677813049613915	-0.8225316114483875	-0.0326517672486219	-0.0040918063378567	-0.0368448719945695	0.9993126200186793
DSC00618.JPG	2693750.8467260748000000	1256235.4619279059000000	583.8159442315201200	2.1590098943117053	-0.2054631957433376	145.3805983253364800	-0.8229387450310011	0.5678303246123886	0.0184538445151861	-0.5681187926125396	-0.8222830973737274	-0.0330385419463296	-0.0035860015717039	-0.0376726721119935	0.9992836986405160
DSC00619.JPG	2693750.3333003577000000	1256235.8982961834000000	583.8128253944249800	2.1730179248934838	-0.1809391439372815	145.3514461052088500	-0.8226507657521652	0.5682307465285637	0.0189614426394043	-0.5685382526961590	-0.8219952049841526	-0.0329869399044488	-0.0031579785584255	-0.0379170368390210	0.9992759005844046
DSC00620.JPG	2693749.9720165972000000	1256236.0958894694000000	583.8757003668201800	1.9083042080451447	-0.0923119455609036	145.3184955457751900	-0.8223266989760375	0.5687426426870192	0.0176240330389763	-0.5690133604384974	-0.8218411750422806	-0.0282997994270638	-0.0016111466919247	-0.0332999909085286	0.9994441028951189
DSC00621.JPG	2693752.1335039549000000	1256238.4102853201000000	583.8343987797001100	2.0793510738796583	-0.1071811776366112	145.3114386609990700	-0.8222562382193840	0.5687964449697645	0.0191123755474113	-0.5691143815859173	-0.8216776206731492	-0.0308983552473458	-0.0018706633548946	-0.0362834931431515	0.9993397864309936
DSC00622.JPG	2693752.9860439356000000	1256237.7346882846000000	583.8412356873780000	2.0815075758153978	-0.0073436054395607	145.1997420773779800	-0.8211466332570527	0.5703445096773160	0.0206239417073704	-0.5707172594753334	-0.8206021648285405	-0.0298981072256663	-0.0001281700935368	-0.0363211695799238	0.9993401604122461
DSC00623.JPG	2693754.5474009905000000	1256236.3415047498000000	583.8418538944722500	1.9670388733878810	0.0032265420862124	145.2091942680581300	-0.8212407798073926	0.5702439810989072	0.0196311895160348	-0.5705817894133182	-0.8207579585488455	-0.0281566167823390	0.0000563137828288	-0.0343245611654370	0.9994107370493666
DSC00624.JPG	2693756.3656763211000000	1256234.6809117505000000	583.8444294633880000	1.9596815364607851	0.0525731527197058	145.1886431769721400	-0.8210357239775600	0.5705166737102141	0.0202747372677710	-0.5708760793812528	-0.8205737895353281	-0.0275528205075340	0.0009175744843551	-0.0341962124549371	0.9994147172774688
DSC00625.JPG	2693758.1724090278000000	1256233.1322779604000000	583.8620966332475700	2.0173365272959880	0.0875783427490474	145.1704788345367100	-0.8208540858896173	0.5707384359968016	0.0213590110783532	-0.5711359148879117	-0.8203770276484527	-0.0280231909645899	0.0015285298392000	-0.0352018491362849	0.9993790539199414
DSC00626.JPG	2693759.8146287519000000	1256231.7912117483000000	583.8889437060701100	2.0838883189067121	0.0335128046113896	145.1609687663175000	-0.8207600947154693	0.5708775583568946	0.0212527712810457	-0.5712727236656852	-0.8202295826686481	-0.0295111319810841	0.0005849087486950	-0.0363626880151222	0.9993384876017087
DSC00627.JPG	2693761.5008396972000000	1256230.4028602056000000	583.8981113043838600	2.1315110922448057	0.0331136089607804	145.1307149950697800	-0.8204583356859383	0.5712929204353862	0.0217374898244502	-0.5717060305673861	-0.8199030781166136	-0.0301853790399557	0.0005779414714099	-0.0371932998712067	0.9993079227286984
DSC00628.JPG	2693763.2809487134000000	1256229.0412632364000000	583.8740269251795800	2.1906010683190789	0.0285391673305526	145.1143576358448100	-0.8202951212623241	0.5715067434249209	0.0222700752821093	-0.5719402642997028	-0.8197066408363067	-0.0310701953911475	0.0004981024150987	-0.0382238824388492	0.9992690762278625
DSC00629.JPG	2693764.2264587805000000	1256228.2981178714000000	583.8846750210918800	2.1661584345472438	0.0877930728295819	145.0996982343721700	-0.8201478996784498	0.5716938434238145	0.0228816967101314	-0.5721495213477340	-0.8195959338949538	-0.0301235848533616	0.0015322775817195	-0.0377975466685957	0.9992842426413257
DSC00630.JPG	2693765.9991529509000000	1256226.8794824001000000	583.8627987181311000	2.2027276059337453	0.0811902222345749	145.0720610562592000	-0.8198719617050119	0.5720780183978521	0.0231669436042474	-0.5725451584096365	-0.8192981541678388	-0.0307014032066333	0.0014170362241860	-0.0384353410698799	0.9992600845451505
DSC00631.JPG	2693767.6919516865000000	1256225.5288029178000000	583.8576822168577100	2.2037944861653358	0.0910734875261163	145.0511856754706600	-0.8196630912789943	0.5723706182612350	0.0233300695715845	-0.5728436873916112	-0.8190928946171163	-0.0306094724445869	0.0015895315492494	-0.0384539378868386	0.9992591095659069
DSC00632.JPG	2693768.9209642150000000	1256224.5378959780000000	583.8538471998545000	2.2669057688046466	0.0764378057044703	145.0236952229235800	-0.8193884531318292	0.5727457695365711	0.0237664964222509	-0.5732371089483542	-0.8187781849149910	-0.0316464979396674	0.0013340909868068	-0.0395546126927463	0.9992165194871260
DSC00633.JPG	2693769.8799195196000000	1256223.7914317956000000	583.8626349861975800	2.2968750564345828	0.0609185337260626	145.0253347647827400	-0.8194051222455806	0.5727187253877756	0.0238433896060779	-0.5732138476888439	-0.8187716859801192	-0.0322305919124020	0.0010632287886848	-0.0400772732040733	0.9991960176647370
DSC00634.JPG	2693771.6478109751000000	1256222.3918631421000000	583.8776000758836100	2.2325465129553197	0.1270500895967336	144.9889004062278000	-0.8190388995029612	0.5732288714381120	0.0241648929392795	-0.5737337048303303	-0.8184687795160549	-0.0306348314694745	0.0022174405612045	-0.0389553322060984	0.9992384925782584
DSC00635.JPG	2693773.2264067940000000	1256221.1878353627000000	583.8676055489295300	2.2788181106061396	0.1097854994294168	144.9685330966072500	-0.8188354087919818	0.5735098812985251	0.0243924037646919	-0.5740251752345896	-0.8182330804165873	-0.0314598841205937	0.0019161172634819	-0.0397623209198550	0.9992073290011935
DSC00636.JPG	2693774.8792460635000000	1256219.9032868922000000	583.8592627768578000	2.2747055629184487	0.1231216396045506	144.9454216337155700	-0.8186034097350959	0.5738340739124304	0.0245542906054755	-0.5743551513659128	-0.8180092379442452	-0.0312577468368218	0.0021488763377497	-0.0396905814386492	0.9992097077568588
DSC00637.JPG	2693775.9223744757000000	1256219.0592287420000000	583.8630068306962400	2.2737562344290621	0.1213061701834523	144.9409176978311700	-0.8185583133271349	0.5738998104453958	0.0245213224311987	-0.5744195376094567	-0.8179639228285685	-0.0312604504676134	0.0021171904909665	-0.0396740283011178	0.9992104327831985
DSC00638.JPG	2693778.1306194793000000	1256217.2171188795000000	583.8025216918810000	2.3139963042927012	0.1940897441006697	144.8945687625517300	-0.8180905133955093	0.5745019663255705	0.0259885086206366	-0.5750795047169622	-0.8175067571718270	-0.0310848071072847	0.0033874986002025	-0.0403756444710870	0.9991788289324279
DSC00639.JPG	2693778.9710145593000000	1256216.4787677063000000	583.7789370774256700	2.3047096959764666	0.2407456835273820	144.8652980776127800	-0.8177940888966352	0.5748969584782191	0.0265765930513115	-0.5754955891279545	-0.8172370255005753	-0.0304708228513861	0.0042017924736025	-0.0402135708867585	0.9991822724891311
DSC00640.JPG	2693780.5593707263000000	1256215.1995749723000000	583.8000006091351700	2.3057380854143683	0.2235188598855295	144.8113882969118200	-0.8172532368847898	0.5756750529097413	0.0263700636840442	-0.5762655012968297	-0.8166882241839401	-0.0306335844196518	0.0039011301501413	-0.0402315539924590	0.9991827676891267
DSC00641.JPG	2693781.7872166429000000	1256214.2630416043000000	583.7844038803666500	2.3577085743391408	0.2186205998176042	144.7096948664772600	-0.8162294142967831	0.5771023380354867	0.0268781448523766	-0.5777153140846825	-0.8156350700128601	-0.0313759212956936	0.0038156400207218	-0.0411378657576103	0.9991461939536882
DSC00642.JPG	2693783.2943408154000000	1256213.1169763224000000	583.7757140043260100	2.3993497083764987	0.1650550518963418	144.7029499374890500	-0.8161639540668765	0.5772106056942250	0.0265389667475486	-0.5778132062878787	-0.8155214959986813	-0.0325052027127109	0.0028807501182027	-0.0418641402417198	0.9991191595803668
DSC00643.JPG	2693783.9828542266000000	1256212.5991547222000000	583.7868980300359000	2.3794701951882251	0.1880961715789439	144.6973046605471000	-0.8161060075054021	0.5772865037864817	0.0266697780188133	-0.5778929028256759	-0.8154854968916545	-0.0319874541513597	0.0032828916075932	-0.0415174289347367	0.9991323864820627
DSC00644.JPG	2693785.2213917952000000	1256211.6113320596000000	583.7879513872113600	2.3967344336167438	0.2095794407632835	144.6732489928087400	-0.8158622452684445	0.5776079758327343	0.0271628974880103	-0.5782347420634444	-0.8152424456871070	-0.0320052780167057	0.0036578431288804	-0.0418184290058257	0.9991185310958500
DSC00645.JPG	2693786.6362057440000000	1256210.4401109265000000	583.7821906098687400	2.3763610607601251	0.2359799954279597	144.6634945664305000	-0.8157623292615271	0.5777407985229486	0.0273384688648332	-0.5783725954417580	-0.8151664753063512	-0.0314445285953629	0.0041186162449558	-0.0414630830822414	0.9991315477661298
DSC00646.JPG	2693787.2515239380000000	1256209.9202889083000000	583.7688157497485700	2.4182750037720040	0.2068006088130354	144.6795109678248500	-0.8159255806645793	0.5775102910668384	0.0273369809793382	-0.5781456732133813	-0.8152922944280320	-0.0323427764875144	0.0036093436821660	-0.0421940559578008	0.9991029147590423
DSC00647.JPG	2693787.6634059139000000	1256209.7065632020000000	583.7449077009753200	2.4708785217008149	0.2525134695382822	144.6553708864770200	-0.8156793131349255	0.5778003313959456	0.0285313014507181	-0.5784875408451101	-0.8150387739850243	-0.0326184301885496	0.0044071771820309	-0.0431111811450721	0.9990605601511670
DSC00648.JPG	2693788.9527272675000000	1256212.3955142340000000	583.8264178945501000	2.5629671739225777	0.0548993859634903	144.4878675610093800	-0.8139921620069220	0.5802593948529992	0.0267543431264580	-0.5808750658206691	-0.8132031724374255	-0.0358435244575655	0.0009581748957694	-0.0447172787917316	0.9989992226615253
DSC00649.JPG	2693788.0452864114000000	1256213.0986349941000000	583.8706591189799200	2.5618635003964223	-0.0358606538119405	144.5522765997870100	-0.8146448525298011	0.5794030612053615	0.0254137150482749	-0.5799598024974348	-0.8138145840745138	-0.0367756744977231	-0.0006258864400727	-0.0446980470880052	0.9990003467730543
DSC00650.JPG	2693786.5271673650000000	1256214.2967026299000000	583.9201913152402300	2.7070479071290108	-0.0129295986259712	144.5638229737863000	-0.8147618496267095	0.5791574091415011	0.0271997027440981	-0.5797957204641940	-0.8138464760633565	-0.0386113445850103	-0.0002256640650692	-0.0472293217795835	0.9988840474449326
DSC00651.JPG	2693784.5869610682000000	1256215.7928961958000000	583.9248311447572600	2.6634648997387322	0.0331226761109674	144.5701486463195000	-0.8148257409094558	0.5790576388510423	0.0274091743694051	-0.5797056820077474	-0.8139612017729259	-0.0375297782608253	0.0005780997230080	-0.0464694834986298	0.9989195427581148
DSC00652.JPG	2693782.7663800083000000	1256217.1179331094000000	583.9120671598299200	2.5913898105153450	0.0186822282031331	144.5431194267989100	-0.8145522675579416	0.5794848847301478	0.0264928629163227	-0.5800900767095809	-0.8137278816165514	-0.0366392901529576	0.0003260663879758	-0.0452128637571910	0.9989773223810360
DSC00653.JPG	2693780.3631465118000000	1256218.8696094912000000	583.9319481467298400	2.4994868814881310	-0.1433963271725189	144.5359500897296800	-0.8144771678301022	0.5797289358267259	0.0232659418177659	-0.5801902096716347	-0.8136415072847044	-0.0369705047931351	-0.0025027354316959	-0.0436103036986194	0.9990454833122830
DSC00654.JPG	2693779.3010669891000000	1256219.6812054655000000	583.9384720398098800	2.5061946051846955	-0.1812916731883925	144.5248425466206200	-0.8143631488478207	0.5799074838918918	0.0228028929050187	-0.5803470083248716	-0.8135079862657352	-0.0374447087081732	-0.0031641313238267	-0.0437271815698574	0.9990384986900764
DSC00655.JPG	2693777.4637084715000000	1256221.1572876365000000	583.9286105302162500	2.4792480339710448	-0.2215117328007033	144.5141469720986400	-0.8142527903522975	0.5800947225450079	0.0219660255605822	-0.5804975854201572	-0.8133996103728290	-0.0374650125676940	-0.0038660994381846	-0.0432572158230241	0.9990564881699008
DSC00656.JPG	2693775.7522619125000000	1256222.6420070583000000	583.9698218871336600	2.4592031612143632	-0.2777892009526077	144.5092397334699700	-0.8141995845889454	0.5802063513038046	0.0209672688234537	-0.5805648372711076	-0.8133385122077788	-0.0377483017367569	-0.0048483171886705	-0.0429075106055135	0.9990672846981205
DSC00657.JPG	2693774.5131802652000000	1256223.7120618152000000	583.9606906729495700	2.4299973474531757	-0.3014902097295554	144.5016920395204900	-0.8141213960487991	0.5803383826536946	0.0203399634819792	-0.5806708741968634	-0.8132710237906425	-0.0375709691380352	-0.0052619725394458	-0.0423981542217768	0.9990869372399885
DSC00658.JPG	2693773.6354017947000000	1256224.4398399813000000	583.9263247990639900	2.4002098934858696	-0.2718081834965230	144.4885662880379300	-0.8139904599048740	0.5805175183209582	0.0204680752961148	-0.5808588695307638	-0.8131700765921441	-0.0368429127861747	-0.0047439299421102	-0.0418788426010252	0.9991114340608374
DSC00659.JPG	2693771.9119952600000000	1256225.7443822571000000	583.9158243710817300	2.3137140376401617	-0.2499274071389964	144.4888872017558000	-0.8139951286283726	0.5805306516808492	0.0199020860285463	-0.5808553203304114	-0.8132369762684677	-0.0353937462495119	-0.0043620423123659	-0.0403705695863662	0.9991752547467023
DSC00660.JPG	2693770.5448290017000000	1256226.7801662532000000	583.8965087068368100	2.3000257502446164	-0.2388952527830523	144.4883483154400200	-0.8139903340375692	0.5805367486660782	0.0199203298573398	-0.5808634533099104	-0.8132444371973046	-0.0350875188140375	-0.0041694966474442	-0.0401318927519948	0.9991856916919146
DSC00661.JPG	2693768.5459214114000000	1256228.3932487492000000	583.8864504435038000	2.2720319410541028	-0.2400443040489793	144.4825635680297500	-0.8139316160130644	0.5806291655180799	0.0196238784173694	-0.5809455844699260	-0.8132024036664231	-0.0346998351011712	-0.0041895512001456	-0.0396436983760286	0.9992050964841062
DSC00662.JPG	2693767.6156811249000000	1256229.1388053233000000	583.8837191747775300	2.2746728692510882	-0.2535086527393349	144.4831257431727600	-0.8139364922705861	0.5806278730239011	0.0194591782456198	-0.5809370103039219	-0.8132010819209588	-0.0348739218001639	-0.0044245462362003	-0.0396897144147258	0.9992022567830204
DSC00663.JPG	2693765.6902850866000000	1256230.6958527216000000	583.8581193345962700	2.2425107232083441	-0.2439312181303395	144.4798167441044800	-0.8139035306948349	0.5806803460316953	0.0192711819822309	-0.5809844381328124	-0.8131907948969258	-0.0343192911116499	-0.0042573900435417	-0.0391288490428174	0.9992251036691390
DSC00664.JPG	2693764.5625008605000000	1256231.5465215486000000	583.8249450671098700	2.2643178788852416	-0.2734604519233511	144.4683582082118400	-0.8137854301249665	0.5808521550858458	0.0190800327162137	-0.5811458460749359	-0.8130496956743364	-0.0349241743455186	-0.0047727671398144	-0.0395090659975285	0.9992078134191268
DSC00665.JPG	2693763.1534188092000000	1256232.7047700910000000	583.8272807628176200	2.2483309505038651	-0.3029809941641696	144.4529679982525500	-0.8136271904853761	0.5810922768263217	0.0185083958158195	-0.5813629090775894	-0.8128916043453376	-0.0349915351721755	-0.0052879912742677	-0.0392301592867517	0.9992162087109175
DSC00666.JPG	2693761.1682005450000000	1256234.3236814111000000	583.8516957874843500	2.2242248137706109	-0.3263174431471423	144.4338439509645300	-0.8134312797979348	0.5813841681851193	0.0179444150083180	-0.5816331462338112	-0.8127030569067337	-0.0348801447331946	-0.0056952830002219	-0.0388096673284729	0.9992303905873765
DSC00667.JPG	2693760.2633419335000000	1256235.0441972909000000	583.8552775007750600	2.2629307184006526	-0.3482986985779608	144.4304668599095600	-0.8133951590025237	0.5814321342845646	0.0180274383248202	-0.5816797761853758	-0.8126362285757955	-0.0356510586524213	-0.0060789216306170	-0.0394845948111716	0.9992016880912513
DSC00668.JPG	2693759.1258395966000000	1256235.9793792169000000	583.8534972287011400	2.2264625129612226	-0.3519167331892991	144.4304314675485200	-0.8133944858311635	0.5814459882101521	0.0176060561676087	-0.5816800541806370	-0.8126569693730502	-0.0351705089218280	-0.0061420670681258	-0.0388485897263725	0.9992262316854993
DSC00669.JPG	2693757.6877454091000000	1256237.0538652332000000	583.8420703648527000	2.1551630572671221	-0.3492859368015241	144.3988937086724300	-0.8130744124262875	0.5819132959090835	0.0169385920865588	-0.5821278526149045	-0.8123809271248249	-0.0341231952456038	-0.0060961518688506	-0.0376051231620951	0.9992740823439562
DSC00670.JPG	2693756.5951799378000000	1256237.8759218834000000	583.7949760853889500	2.1931977124272715	-0.3893735702552850	144.3840979525965300	-0.8129203933758202	0.5821334493245689	0.0167654767657139	-0.5823351708048288	-0.8121922094764338	-0.0350651352414351	-0.0067957985118581	-0.0382682903102300	0.9992443920679859
DSC00671.JPG	2693755.4962747693000000	1256238.7950448112000000	583.7760664983327400	2.2006272099171205	-0.4066847471867661	144.3557735179007300	-0.8126307082805880	0.5825421359499575	0.0166130010007584	-0.5827357474652442	-0.8118930165282481	-0.0353380579373734	-0.0070979282550683	-0.0383977806067261	0.9992373240922118
DSC00672.JPG	2693754.3573859669000000	1256239.7295084088000000	583.8100589315411100	2.1996052188395887	-0.3672279881747623	144.3424812763798900	-0.8124992744897316	0.5827092953086616	0.0171699188857445	-0.5829269679033484	-0.8117738862221346	-0.0349185872970471	-0.0064092936170367	-0.0383801356002705	0.9992426562885690
DSC00673.JPG	2693753.4933045115000000	1256240.4434607115000000	583.8378132417078600	2.1532038575440544	-0.3310054847436946	144.3162007725725900	-0.8122349402059302	0.5830760135673959	0.0172268485516868	-0.5833018318030535	-0.8115483845771349	-0.0338849893824055	-0.0057771034153902	-0.0375710246412893	0.9992772604155125
DSC00674.JPG	2693753.3507251646000000	1256240.4972181225000000	583.8093857882267900	2.0411889084945880	-0.3311942704926332	144.3044492309076100	-0.8121152706485167	0.5832751256437143	0.0160908354287826	-0.5834684003226385	-0.8114933968498285	-0.0322969455841932	-0.0057803982932742	-0.0356173367117140	0.9993487841195061
DSC00675.JPG	2693755.2357644066000000	1256242.5035484051000000	583.8072809979242900	2.1593177948373810	-0.2210495107821561	144.2756420560589000	-0.8118293329173982	0.5835898030885105	0.0188699747219064	-0.5838820512761280	-0.8111740317258734	-0.0328396170984460	-0.0038580322022501	-0.0376780039904495	0.9992824843870837
DSC00676.JPG	2693755.7065013051000000	1256242.0652147464000000	583.8509590685322300	2.1983229493556040	-0.1242577458428612	144.2225662737706400	-0.8112922371612962	0.5842754071642365	0.0206677164893623	-0.5846368125939979	-0.8106484295505866	-0.0323870502994398	-0.0021687050860555	-0.0383584703844251	0.9992616896829462
DSC00677.JPG	2693757.6534602065000000	1256240.4774851317000000	583.8521834506216200	2.0000299710545058	-0.1235200882631320	144.1835009503263600	-0.8108934549859224	0.5848957241078825	0.0186760965222990	-0.5851898470202471	-0.8103573200888771	-0.0295610676869576	-0.0021558305626339	-0.0348999383765692	0.9993884863734910
DSC00678.JPG	2693759.3363377694000000	1256239.0916275459000000	583.8576108030204100	1.9790052196914198	-0.1238572407421324	144.1729174350043600	-0.8107853362295244	0.5850523816422476	0.0184621041571850	-0.5853396155596914	-0.8102599386745077	-0.0292637358451679	-0.0021617149697621	-0.0345332088563462	0.9994012129642796
DSC00679.JPG	2693761.8347459137000000	1256237.1590834188000000	583.8335719981306500	2.0650033432667221	-0.1576546590378287	144.1306421829244500	-0.8103520529137600	0.5856388878385923	0.0188850043587942	-0.5859368388266599	-0.8097707723762986	-0.0308109900995367	-0.0027515894091481	-0.0360331688346847	0.9993468064188000
DSC00680.JPG	2693763.4964781813000000	1256235.8666357365000000	583.8406700784743200	2.0864006761884011	-0.1461400409395302	144.1180527363020800	-0.8102237187148909	0.5858037783467309	0.0192732692221000	-0.5861151934207359	-0.8096347989235986	-0.0309914893691415	-0.0025506221178004	-0.0364063956831399	0.9993338124371530
DSC00681.JPG	2693765.2358038314000000	1256234.4941069565000000	583.8242423888209500	2.1957689940115688	-0.1581991451684001	144.0957713540572300	-0.8099952741643085	0.5860872391182850	0.0202337335702871	-0.5864299039100728	-0.8093415813646584	-0.0326522966141282	-0.0027610924487585	-0.0383138723814206	0.9992619394090969
DSC00682.JPG	2693766.2191709839000000	1256233.7152965607000000	583.8170981947575900	2.1973937679729034	-0.1527050758752345	144.0871953278576400	-0.8099076990337183	0.5862048228259468	0.0203328488291370	-0.5865512899464076	-0.8092550771744541	-0.0326160133917970	-0.0026652032032273	-0.0383422190668188	0.9992611124870804
DSC00683.JPG	2693767.9795540143000000	1256232.3385898669000000	583.8187173444803200	2.2275901416309560	-0.1652764527572791	144.0472886936480800	-0.8094984755132437	0.5867644227633906	0.0204873209785801	-0.5871148926251257	-0.8088242865318521	-0.0331568450553991	-0.0028846142761374	-0.0388688267816901	0.9992401579725931
DSC00684.JPG	2693769.9154426288000000	1256230.8336145198000000	583.8422631813368800	2.1898872049283686	-0.1009149066110657	144.0177143565681500	-0.8091974283983590	0.5871604669552040	0.0210263624630988	-0.5875341859910913	-0.8085681645078595	-0.0319547122687361	-0.0017612964740656	-0.0382113777471811	0.9992681264032156
DSC00685.JPG	2693770.7262668926000000	1256230.1486394659000000	583.8459311934073000	2.2435113949709962	-0.0803611907868473	143.9854920844655100	-0.8088673392115093	0.5875837883529207	0.0218842231235911	-0.5879895070177325	-0.8082158338331650	-0.0324885453414828	-0.0014025669101999	-0.0391466167911239	0.9992324930664893
DSC00686.JPG	2693772.8505473901000000	1256228.4995668977000000	583.8479290534230600	2.2131813802852771	-0.0314546652853890	143.9530324070941600	-0.8085347701933794	0.5880264311278275	0.0222809713300255	-0.5884481489486759	-0.8079192968510214	-0.0315465651795607	-0.0005489874467665	-0.0386176911637785	0.9992539079443032
DSC00687.JPG	2693773.7204645630000000	1256227.8140545175000000	583.8413926758439600	2.2420363037778372	0.0024404925696430	143.9287736022564800	-0.8082856721979312	0.5883384395396375	0.0230684347020489	-0.5887905147887802	-0.8076678979710306	-0.0315958269684598	0.0000425946306978	-0.0391209297834418	0.9992344825107752
DSC00688.JPG	2693774.8753106818000000	1256226.9006709356000000	583.8205217320972900	2.2440456463368252	0.0019268382145426	143.9115833852053800	-0.8081089837012939	0.5885802083091840	0.0230913154233238	-0.5890329951117407	-0.8074900297829265	-0.0316224994404479	0.0000336296709907	-0.0391559725697855	0.9992331102806590
DSC00689.JPG	2693777.1481191106000000	1256225.0437353742000000	583.7845710782314700	2.2864096557000044	-0.0053610222521991	143.8610449253718300	-0.8075891023921502	0.5892790788360227	0.0234522694767423	-0.5897455662763110	-0.8069439715935324	-0.0322737318308451	-0.0000935674894370	-0.0398947860631434	0.9992038817429109
DSC00690.JPG	2693778.1086837947000000	1256224.3294522492000000	583.7928409513128800	2.2846456651135481	0.0434435035923525	143.8568699877752700	-0.8075458990070881	0.5893111770433811	0.0241237975571647	-0.5898042438647860	-0.8069220514850621	-0.0317451846147919	0.0007582321036352	-0.0398640118262487	0.9992048266722864
DSC00691.JPG	2693780.2120540440000000	1256222.6995516641000000	583.7664370785858000	2.3219870598167716	0.0387664080293223	143.8365794367622900	-0.8073370241937451	0.5895837163202231	0.0244534418032157	-0.5900902232510930	-0.8066904973917082	-0.0323105221467292	0.0006766014076597	-0.0405152177330035	0.9991786923982028
DSC00692.JPG	2693781.0841954276000000	1256221.9636700875000000	583.7277953799344900	2.2855945883341930	0.0577704244244185	143.8284479751290800	-0.8072530444339764	0.5897029344402924	0.0243510033588963	-0.5902046302898365	-0.8066349798455215	-0.0315991087540885	0.0010082839456375	-0.0398805516777621	0.9992039456294006
DSC00693.JPG	2693782.6783432905000000	1256220.6444437809000000	583.7332779729855500	2.3040659672391395	0.0491997172433570	143.8108682592140900	-0.8070720302362904	0.5899473709465853	0.0244302583589478	-0.5904523695014012	-0.8064402294253186	-0.0319398765592551	0.0008586969514186	-0.0402026849557466	0.9991911762830449
DSC00694.JPG	2693783.8907321543000000	1256219.7008069758000000	583.7522165132301100	2.3904131628158023	0.0195000425252119	143.7964497885452300	-0.8069236682336662	0.5901302386587725	0.0249097383540017	-0.5906556338621098	-0.8062299327621397	-0.0334547112572406	0.0003403399397735	-0.0417084756242129	0.9991297649604032
DSC00695.JPG	2693785.7547038887000000	1256218.3370767334000000	583.8090582955815100	2.3544391622645127	0.0068482310728827	143.7939087524358700	-0.8068975131579751	0.5901888381435405	0.0243626474393367	-0.5906914498902510	-0.8062192470722250	-0.0330777368761512	0.0001195241798746	-0.0410811511653672	0.9991558060347242
DSC00696.JPG	2693786.6455045082000000	1256217.6598711552000000	583.8312781478800800	2.3605824073895074	0.0089284644061896	143.7920930275569400	-0.8068787894844949	0.5902105649525554	0.0244562486579883	-0.5907170175276018	-0.8061978755887655	-0.0331419763963539	0.0001558311004044	-0.0411882800629740	0.9991513905820891
DSC00697.JPG	2693788.0333456304000000	1256216.5196559583000000	583.8754048853913900	2.3710534538547470	0.0532429199280552	143.7955415200500800	-0.8069140032310879	0.5901317425102279	0.0251856679764856	-0.5906682045427633	-0.8062462268614965	-0.0328343389430766	0.0009292641223787	-0.0413708611638852	0.9991434272989787
DSC00698.JPG	2693789.2853213679000000	1256215.4359270681000000	583.8554136356245900	2.4303133253755544	0.0473374234117868	143.7830498288589900	-0.8067852788870759	0.5902846611936576	0.0257202746989922	-0.5908441682668132	-0.8060805787734817	-0.0337234243413487	0.0008261938039535	-0.0424042366243822	0.9991001942348435
DSC00699.JPG	2693790.0061096083000000	1256214.8655856282000000	583.8375429923147500	2.3941849782781639	0.0921235275946348	143.7829619012948700	-0.8067836046620054	0.5902756547495122	0.0259781958306633	-0.5908448443040254	-0.8061200703696745	-0.0327536579108841	0.0016078581823028	-0.0417741972660770	0.9991257834901675
DSC00700.JPG	2693791.3277795576000000	1256213.7302355433000000	583.7913603963553400	2.3834670114173133	0.0982609771644370	143.7790680133701900	-0.8067433047195194	0.5903316940467407	0.0259563343739886	-0.5908995677312862	-0.8060886976067266	-0.0325378617255352	0.0017149767370793	-0.0415872888584436	0.9991334026346009
DSC00701.JPG	2693791.9400018174000000	1256213.2392576493000000	583.7927848561666900	2.3946931581414699	0.0798974600419623	143.7745196420683300	-0.8066967961475526	0.5904013882259878	0.0258162713438768	-0.5909639028989155	-0.8060275278484224	-0.0328829715968825	0.0013944732897739	-0.0417830723066909	0.9991257329850224
DSC00702.JPG	2693792.2068503089000000	1256213.1557401207000000	583.8024025955578500	2.5037340547442235	0.1231672339177467	143.7677558262410300	-0.8066259472466197	0.5904197170716743	0.0275524757779967	-0.5910583390312052	-0.8059132901568814	-0.0339677583920885	0.0021496721067972	-0.0436843958584029	0.9990430683750926
DSC00703.JPG	2693795.9560089279000000	1256213.6959177745000000	584.1056042281455800	2.6077335946484275	0.1544300648522287	143.7097516292257400	-0.8060261022734908	0.5911642344316922	0.0290993192806260	-0.5918738529101563	-0.8052669190062688	-0.0350789309335161	0.0026953098322951	-0.0454976601919499	0.9989608091521737
DSC00704.JPG	2693795.4224483594000000	1256214.0772746559000000	583.9977637122730100	2.5679030878905160	0.0888216309427276	143.7430766719530500	-0.8063721786129927	0.5907572075666913	0.0277458333257603	-0.5914063800366861	-0.8056044844597234	-0.0352123312248141	0.0015502292860199	-0.0448033070920849	0.9989946248417823
DSC00705.JPG	2693793.0649385042000000	1256216.0075859306000000	583.8862452634247100	2.7130377826483958	0.1339388714098974	143.7835526510890200	-0.8067885349613837	0.5900857657563142	0.0298504423191419	-0.5908356752462352	-0.8059518084169016	-0.0368087946807737	0.0023376721733856	-0.0473336197782247	0.9988764006259734
DSC00706.JPG	2693791.3426449876000000	1256217.3313994142000000	583.8444965477931400	2.6999055280510023	0.1387836565309242	143.7887951555644900	-0.8068424300648101	0.5900156313108140	0.0297799908665787	-0.5907617335710865	-0.8060165663907922	-0.0365768895845752	0.0024222293857999	-0.0471046655067020	0.9988870222864567
DSC00707.JPG	2693789.8259040806000000	1256218.4956133908000000	583.8382433338722400	2.6737294766924027	0.0791755784593076	143.7795758511038300	-0.8067489582005933	0.5901980162297913	0.0286778674359926	-0.5908927219608087	-0.8059095657243328	-0.0368179712608415	0.0013818740914867	-0.0466484031070281	0.9989104148578887
DSC00708.JPG	2693787.9957990497000000	1256219.8651550359000000	583.8589748404406200	2.6460273794192779	0.0299585887357047	143.7863592077582400	-0.8068195695133669	0.5901483886707746	0.0276958769414124	-0.5907976885964996	-0.8059737146958566	-0.0369386297579596	0.0005228759888633	-0.0461654694403699	0.9989336694856422
DSC00709.JPG	2693786.2470130567000000	1256221.2220560093000000	583.9091400194666900	2.6519473522388552	-0.0365379236409835	143.7724657488662400	-0.8066762315170318	0.5903842608844844	0.0268306169396290	-0.5909932747800348	-0.8057950321564202	-0.0377003357651408	-0.0006377070261547	-0.0462686789514706	0.9989288276337984
DSC00710.JPG	2693784.4371533841000000	1256222.6879948478000000	583.9011196067160700	2.6505117884411988	-0.0512347691703419	143.7713200855180300	-0.8066642556023238	0.5904106137620708	0.0266098833263874	-0.5910092885163120	-0.8057771607519574	-0.0378310467467780	-0.0008942152943495	-0.0462436413748767	0.9989297903313320
DSC00711.JPG	2693783.5466131810000000	1256223.4514013620000000	583.9227868700920700	2.6009054730837038	-0.0572906161559511	143.7735982889076900	-0.8066876740158390	0.5904052590537279	0.0260120486047519	-0.5909771541874328	-0.8058302543892590	-0.0371968323848389	-0.0009999097157960	-0.0453787526563042	0.9989693533777292
DSC00712.JPG	2693781.9653087333000000	1256224.7603563974000000	583.9270791444399700	2.6156707523549700	-0.0995143722125050	143.7616621881224400	-0.8065637282785434	0.5905935210596269	0.0255782154930369	-0.5911445978511096	-0.8056777491042262	-0.0378342309264699	-0.0017368525749141	-0.0456361422639852	0.9989566186088335
DSC00713.JPG	2693779.7456162628000000	1256226.5887179081000000	583.9213057875488200	2.5530638042430942	-0.1041917415500826	143.7717399038687600	-0.8066675747589045	0.5904823246725087	0.0248605728400832	-0.5910026369942827	-0.8058203318244156	-0.0370064303087064	-0.0018184879411753	-0.0445445514932863	0.9990057437441838
DSC00714.JPG	2693778.8868609332000000	1256227.2936260074000000	583.9384961227850700	2.4709662673922517	-0.1016449829607031	143.7520803826562900	-0.8064648048481865	0.5907922739871474	0.0240625754704687	-0.5912794359081860	-0.8056709954322932	-0.0358172554955715	-0.0017740386902501	-0.0431130620141106	0.9990686246051834
DSC00715.JPG	2693777.3123507407000000	1256228.6434741910000000	584.0418271128628500	2.4869264132335642	-0.1424446760638037	143.7622956221235300	-0.8065689875677379	0.5906668197685597	0.0236469092790239	-0.5911347456132803	-0.8057480398908518	-0.0364665427587118	-0.0024861260381923	-0.0433912921741860	0.9990550610155462
DSC00716.JPG	2693776.0913066417000000	1256229.6495820091000000	584.0182932467673700	2.4817726634364723	-0.1494730487897431	143.7814790691240600	-0.8067666106194457	0.5904034195655141	0.0234827203483613	-0.5908644770030409	-0.8059458975321493	-0.0364743754850079	-0.0026087938852088	-0.0433014135617440	0.9990586478170436
DSC00717.JPG	2693774.2119652424000000	1256231.0410943262000000	583.9608007813799300	2.4479154969326942	-0.1356544552961078	143.7739060773954000	-0.8066889909634634	0.5905154055790074	0.0233329730683861	-0.5909714597669563	-0.8058953532359802	-0.0358526620150772	-0.0023676146779278	-0.0427110688992239	0.9990846605739792
