<?xml version="1.0" encoding="UTF-8"?>
<document version="1.5.0">
  <chunk label="SonyA9" enabled="true">
    <sensors next_id="1">
      <sensor id="0" label="SonyA9" type="frame">
        <resolution width="6000" height="4000"/>
        <property name="pixel_width" value="0.006"/>
        <property name="pixel_height" value="0.006"/>
        <property name="focal_length" value="55"/>
        <property name="fixed" value="true"/>
        <property name="layer_index" value="0"/>
        <calibration type="frame" class="initial">
          <resolution width="6000" height="4000"/>
          <f>9227.77018581081</f>
          <cx>-37.8304617831239</cx>
          <cy>31.7622333680372</cy>
          <k1>-0.017282082281574</k1>
        </calibration>
      </sensor>
    </sensors>
    <cameras next_id="570" next_group_id="0">
      <camera id="0" sensor_id="0" label="DSC00594.JPG">
        <transform>9.9407412952789354e-001 1.0858335500849103e-001 5.1264040477759509e-003 -2.4812400578731818e+001 1.0833614140559850e-001 -9.9348312781418546e-001 3.5419700928848774e-002 2.2794025246270564e+001 8.9389858880755194e-003 -3.4654433535161580e-002 -9.9935937718502943e-001 8.5100950918739870e-001 0 0 0 1</transform>
        <rotation_covariance>1.2481416621222242e-008 -4.4715360020859516e-010 8.7014275931605636e-011 -4.4715360020859511e-010 5.8672722559372456e-009 -1.8415489147612696e-010 8.7014275931605636e-011 -1.8415489147612696e-010 2.4897832317938637e-010</rotation_covariance>
        <location_covariance>5.9996057619611393e-005 -3.0560689092208573e-005 -1.0169054017994032e-005 -3.0560689092208573e-005 2.0099953723864571e-005 5.0370308712488533e-006 -1.0169054017994032e-005 5.0370308712488533e-006 4.1997132962786981e-006</location_covariance>
      </camera>
      <camera id="1" sensor_id="0" label="DSC00595.JPG">
        <transform>9.9673015625278705e-001 8.0629654349429702e-002 5.2777320683659174e-003 -2.4367638231235638e+001 8.0429779597529200e-002 -9.9628144265638041e-001 3.0892354594855259e-002 2.2707663654764410e+001 7.7489463920486345e-003 -3.0366854595313117e-002 -9.9950878333899607e-001 8.8004613391944309e-001 0 0 0 1</transform>
        <rotation_covariance>1.2243920900613910e-008 -4.4218543239964099e-010 8.8184325837252165e-011 -4.4218543239964099e-010 5.6459535867861047e-009 -1.5174385391648327e-010 8.8184325837252178e-011 -1.5174385391648327e-010 2.3897603414166942e-010</rotation_covariance>
        <location_covariance>5.8053967503183520e-005 -2.9815212451875094e-005 -1.0013570637783437e-005 -2.9815212451875094e-005 1.9838829863359368e-005 5.0151734731089721e-006 -1.0013570637783437e-005 5.0151734731089721e-006 4.1279788756455939e-006</location_covariance>
      </camera>
      <camera id="2" sensor_id="0" label="DSC00596.JPG">
        <transform>9.9860007546624718e-001 5.2266043311746745e-002 8.1332647405830891e-003 -2.2796665784157568e+001 5.2045483293226939e-002 -9.9832402404873077e-001 2.5306336675300335e-002 2.2554465179867041e+001 9.4422956732054565e-003 -2.4847610019553761e-002 -9.9964665723881452e-001 8.9069486166214451e-001 0 0 0 1</transform>
        <rotation_covariance>1.2194403991844993e-008 -2.4741341123855673e-010 1.2250313521522965e-010 -2.4741341123855668e-010 5.0372871240793637e-009 -1.0772446927229437e-010 1.2250313521522965e-010 -1.0772446927229437e-010 2.1483838059600547e-010</rotation_covariance>
        <location_covariance>5.1558630234251793e-005 -2.7668994740069856e-005 -9.2815592057855997e-006 -2.7668994740069856e-005 1.9499741182994815e-005 4.8670169497186106e-006 -9.2815592057855997e-006 4.8670169497186106e-006 3.8583256608202653e-006</location_covariance>
      </camera>
      <camera id="3" sensor_id="0" label="DSC00597.JPG">
        <transform>9.9953334989271636e-001 2.9559112083469587e-002 7.7033333746068973e-003 -2.1366852751745853e+001 2.9370349944716424e-002 -9.9929085533193118e-001 2.3562024405860214e-002 2.2464149739454225e+001 8.3943431171442061e-003 -2.3324779587690393e-002 -9.9969269761303015e-001 8.7460682159588277e-001 0 0 0 1</transform>
        <rotation_covariance>1.2010719786144386e-008 -2.1726608296506572e-010 1.2258080013712840e-010 -2.1726608296506569e-010 4.9052476766709080e-009 -9.6607018180137178e-011 1.2258080013712837e-010 -9.6607018180137178e-011 2.0463470812394611e-010</rotation_covariance>
        <location_covariance>4.6151913741046374e-005 -2.5893766852520806e-005 -8.5764296404169093e-006 -2.5893766852520806e-005 1.9224669974308082e-005 4.7187592752594989e-006 -8.5764296404169093e-006 4.7187592752594989e-006 3.6241796847220337e-006</location_covariance>
      </camera>
      <camera id="4" sensor_id="0" label="DSC00598.JPG">
        <transform>9.9958164591145238e-001 2.7871535602969292e-002 7.7272673103031611e-003 -1.9702161401537982e+001 2.7715141684986965e-002 -9.9942257015073965e-001 1.9656988443576277e-002 2.2395090696984546e+001 8.2706758087572711e-003 -1.9434602553749545e-002 -9.9977692119054451e-001 8.3617667197327650e-001 0 0 0 1</transform>
        <rotation_covariance>1.1768906819902150e-008 -2.2486762828875269e-010 1.4924621255347506e-010 -2.2486762828875264e-010 4.8344338825031769e-009 -7.8100643639359364e-011 1.4924621255347509e-010 -7.8100643639359364e-011 1.9729603024374472e-010</rotation_covariance>
        <location_covariance>4.0286508223967956e-005 -2.4002989220984428e-005 -7.7627713353788655e-006 -2.4002989220984428e-005 1.8961330436769391e-005 4.5326789779859727e-006 -7.7627713353788655e-006 4.5326789779859727e-006 3.3607378130449581e-006</location_covariance>
      </camera>
      <camera id="5" sensor_id="0" label="DSC00599.JPG">
        <transform>9.9956976545427834e-001 2.8121575719990164e-002 8.3343247299476429e-003 -1.8260772674416831e+001 2.7980934869563465e-002 -9.9947166413776611e-001 1.6536622070718047e-002 2.2404522598257614e+001 8.7949572770198662e-003 -1.6296305247183219e-002 -9.9982852487903451e-001 8.2639512249493741e-001 0 0 0 1</transform>
        <rotation_covariance>1.1078270933180220e-008 -1.6249645817464261e-010 1.4674441608397002e-010 -1.6249645817464266e-010 4.5832444680456132e-009 -6.8945743650841161e-011 1.4674441608396999e-010 -6.8945743650841161e-011 1.9012062002390209e-010</rotation_covariance>
        <location_covariance>3.5462446836718865e-005 -2.2455630951574717e-005 -7.1331585346307866e-006 -2.2455630951574717e-005 1.8697087337009041e-005 4.4033645148817349e-006 -7.1331585346307866e-006 4.4033645148817349e-006 3.1781879480239065e-006</location_covariance>
      </camera>
      <camera id="6" sensor_id="0" label="DSC00600.JPG">
        <transform>9.9957026315628639e-001 2.8221025145154396e-002 7.9286034980001942e-003 -1.6901070918456469e+001 2.8113842644019549e-002 -9.9951598489167892e-001 1.3319451858251716e-002 2.2395042697141538e+001 8.3006545199306708e-003 -1.3090824487920559e-002 -9.9987985750727437e-001 8.2394002740106786e-001 0 0 0 1</transform>
        <rotation_covariance>1.0889090213687873e-008 -1.0569178640370078e-010 1.4074845687265517e-010 -1.0569178640370076e-010 4.5550979196281769e-009 -6.0331051672266944e-011 1.4074845687265514e-010 -6.0331051672266944e-011 1.8768106985457284e-010</rotation_covariance>
        <location_covariance>3.1277335805610158e-005 -2.0968451497239481e-005 -6.5675886758563674e-006 -2.0968451497239481e-005 1.8590167051312775e-005 4.2894118140915040e-006 -6.5675886758563674e-006 4.2894118140915040e-006 3.0196543205738042e-006</location_covariance>
      </camera>
      <camera id="7" sensor_id="0" label="DSC00601.JPG">
        <transform>9.9957038418732835e-001 2.8235422682486005e-002 7.8618039620852731e-003 -1.5663239894911960e+001 2.8147101797362146e-002 -9.9954186132054212e-001 1.1126910095579657e-002 2.2338901676215389e+001 8.1723751752986393e-003 -1.0900842802624702e-002 -9.9990718764802700e-001 7.9136264706519022e-001 0 0 0 1</transform>
        <rotation_covariance>1.0673846146390842e-008 -1.0906754709401814e-010 1.3724784452427306e-010 -1.0906754709401815e-010 4.4841760340051225e-009 -5.2888598983264763e-011 1.3724784452427303e-010 -5.2888598983264757e-011 1.8422109462352304e-010</rotation_covariance>
        <location_covariance>2.7688521402339808e-005 -1.9581287402333067e-005 -6.0144697530234624e-006 -1.9581287402333067e-005 1.8374596029409961e-005 4.1346368316313636e-006 -6.0144697530234624e-006 4.1346368316313636e-006 2.8528108007217244e-006</location_covariance>
      </camera>
      <camera id="8" sensor_id="0" label="DSC00602.JPG">
        <transform>9.9957226724232462e-001 2.8154035543389973e-002 7.9140913982677415e-003 -1.4438453015809028e+001 2.8074994613021369e-002 -9.9955652541045059e-001 9.9270935759707551e-003 2.2296054638104003e+001 8.1900694452136779e-003 -9.7006593594864791e-003 -9.9991940673759994e-001 7.8632869876471212e-001 0 0 0 1</transform>
        <rotation_covariance>1.0721753458637185e-008 -4.1339628362024372e-011 1.2736004593741161e-010 -4.1339628362024417e-011 4.5526274863238927e-009 -5.0540928281927949e-011 1.2736004593741164e-010 -5.0540928281927949e-011 1.8418733930205687e-010</rotation_covariance>
        <location_covariance>2.4413840632074860e-005 -1.8200372174989749e-005 -5.5169626451400423e-006 -1.8200372174989749e-005 1.8293010463903475e-005 4.0197260975867685e-006 -5.5169626451400423e-006 4.0197260975867685e-006 2.7197537233573180e-006</location_covariance>
      </camera>
      <camera id="9" sensor_id="0" label="DSC00603.JPG">
        <transform>9.9957051379330764e-001 2.8299007382633124e-002 7.6127614004374766e-003 -1.3182797094232781e+001 2.8231658606718984e-002 -9.9956255274745209e-001 8.8134327767771456e-003 2.2228072307416095e+001 7.8588426180949099e-003 -8.5947266480543537e-003 -9.9993218233365666e-001 8.2984341553904939e-001 0 0 0 1</transform>
        <rotation_covariance>1.0436300002924197e-008 -7.8564196605606963e-011 1.2460955002544403e-010 -7.8564196605606938e-011 4.4227440688198342e-009 -4.7413136586254535e-011 1.2460955002544406e-010 -4.7413136586254535e-011 1.8059804183126125e-010</rotation_covariance>
        <location_covariance>2.1211353106152676e-005 -1.6790434978464997e-005 -5.0840545003126033e-006 -1.6790434978464997e-005 1.8025136197662321e-005 3.9326621195601039e-006 -5.0840545003126033e-006 3.9326621195601039e-006 2.6184239736515172e-006</location_covariance>
      </camera>
      <camera id="10" sensor_id="0" label="DSC00604.JPG">
        <transform>9.9957304225760490e-001 2.8118850720355380e-002 7.9412483932346494e-003 -1.1882082415156589e+001 2.8074582103411842e-002 -9.9958996482548046e-001 5.6320564551025926e-003 2.2159577033249015e+001 8.0963591567734718e-003 -5.4067045749740267e-003 -9.9995260713397982e-001 8.1853449496407626e-001 0 0 0 1</transform>
        <rotation_covariance>1.0291043185555904e-008 -9.1352127003212853e-011 1.2135176063057341e-010 -9.1352127003212918e-011 4.3818897225932725e-009 -3.6668702333742408e-011 1.2135176063057339e-010 -3.6668702333742408e-011 1.7872280593041241e-010</rotation_covariance>
        <location_covariance>1.8176863254480140e-005 -1.5351407168717331e-005 -4.5822806706476242e-006 -1.5351407168717331e-005 1.7812767280764130e-005 3.7874462627616781e-006 -4.5822806706476242e-006 3.7874462627616781e-006 2.4845523867809455e-006</location_covariance>
      </camera>
      <camera id="11" sensor_id="0" label="DSC00605.JPG">
        <transform>9.9957185235774082e-001 2.8261673023625086e-002 7.5756063797191324e-003 -1.0590310578407536e+001 2.8226292159793828e-002 -9.9959033323632218e-001 4.7373126779081797e-003 2.2091108468271234e+001 7.7063872874843708e-003 -4.5214531296929386e-003 -9.9996008323161145e-001 7.9956739825977485e-001 0 0 0 1</transform>
        <rotation_covariance>1.0318081547137070e-008 -3.9731680378479974e-011 1.1080106214350296e-010 -3.9731680378479897e-011 4.3958623905351001e-009 -3.4138038731308902e-011 1.1080106214350296e-010 -3.4138038731308902e-011 1.7870753006370268e-010</rotation_covariance>
        <location_covariance>1.5431659923827158e-005 -1.3913859949593045e-005 -4.0953004042959243e-006 -1.3913859949593045e-005 1.7669490444647449e-005 3.6398071841292531e-006 -4.0953004042959243e-006 3.6398071841292531e-006 2.3559499382048230e-006</location_covariance>
      </camera>
      <camera id="12" sensor_id="0" label="DSC00606.JPG">
        <transform>9.9957368782843792e-001 2.8215138818924630e-002 7.5065666243916522e-003 -9.1087144720262092e+000 2.8178712174755975e-002 -9.9959081797891436e-001 4.9149559934220108e-003 2.2029969061783557e+001 7.6421712379321771e-003 -4.7013353075299582e-003 -9.9995974652237696e-001 7.3971426120797346e-001 0 0 0 1</transform>
        <rotation_covariance>1.0510886195912714e-008 6.5001758419886910e-011 1.0544687318856079e-010 6.5001758419886936e-011 4.4508759534259387e-009 -3.8238421490756417e-011 1.0544687318856079e-010 -3.8238421490756417e-011 1.7992924846657231e-010</rotation_covariance>
        <location_covariance>1.2600567071318864e-005 -1.2288896199592864e-005 -3.5348713051921755e-006 -1.2288896199592864e-005 1.7604507562625663e-005 3.4398779244269904e-006 -3.5348713051921755e-006 3.4398779244269904e-006 2.1992427626150767e-006</location_covariance>
      </camera>
      <camera id="13" sensor_id="0" label="DSC00607.JPG">
        <transform>9.9958357032838996e-001 2.7855652360927966e-002 7.5331640826004354e-003 -8.2990497007858703e+000 2.7829726783690448e-002 -9.9960646379930829e-001 3.5247464855386757e-003 2.2013832475442992e+001 7.6283836225897496e-003 -3.3136327782817146e-003 -9.9996541320243537e-001 6.8764882762768520e-001 0 0 0 1</transform>
        <rotation_covariance>1.0433672933939693e-008 1.4263962022466174e-010 1.0306823310580720e-010 1.4263962022466168e-010 4.3933508639115684e-009 -3.0589671191954943e-011 1.0306823310580720e-010 -3.0589671191954943e-011 1.8007128529290661e-010</rotation_covariance>
        <location_covariance>1.1153825980874724e-005 -1.1415434883900702e-005 -3.2282536797909317e-006 -1.1415434883900702e-005 1.7537107461567224e-005 3.3205445850275579e-006 -3.2282536797909317e-006 3.3205445850275579e-006 2.1104024583899049e-006</location_covariance>
      </camera>
      <camera id="14" sensor_id="0" label="DSC00608.JPG">
        <transform>9.9958275979455902e-001 2.8043860502015391e-002 6.9172400303160533e-003 -6.8043501428151663e+000 2.8027743239020367e-002 -9.9960422579168640e-001 2.4160687760784016e-003 2.1961260066950913e+001 6.9822582608389579e-003 -2.2211860675535383e-003 -9.9997315684073851e-001 6.3114284666533682e-001 0 0 0 1</transform>
        <rotation_covariance>1.0319146370019299e-008 2.4442377078425867e-011 1.1018366391339015e-010 2.4442377078425864e-011 4.2829968801090931e-009 -2.2133406143914890e-011 1.1018366391339017e-010 -2.2133406143914887e-011 1.7934617656844883e-010</rotation_covariance>
        <location_covariance>8.7465645767637837e-006 -9.8829469410874542e-006 -2.7170236712447277e-006 -9.8829469410874542e-006 1.7370825957246064e-005 3.1303428063738536e-006 -2.7170236712447277e-006 3.1303428063738536e-006 1.9764195048679706e-006</location_covariance>
      </camera>
      <camera id="15" sensor_id="0" label="DSC00609.JPG">
        <transform>9.9959465210468279e-001 2.7548607982014760e-002 7.1837094854783120e-003 -5.8725948257355478e+000 2.7534796380976449e-002 -9.9961881571204703e-001 2.0145130187778225e-003 2.1931885505010307e+001 7.2364681977222043e-003 -1.8158944622228370e-003 -9.9997216764034258e-001 6.1031356218654353e-001 0 0 0 1</transform>
        <rotation_covariance>1.0268804850593552e-008 -3.4217082651868705e-011 1.2531375678602900e-010 -3.4217082651868776e-011 4.2822256203203376e-009 -2.3374716308895404e-011 1.2531375678602897e-010 -2.3374716308895404e-011 1.8083616703512006e-010</rotation_covariance>
        <location_covariance>7.4416418572285462e-006 -8.9237878688650337e-006 -2.4303484697809489e-006 -8.9237878688650337e-006 1.7283839325327295e-005 3.0246501415383126e-006 -2.4303484697809489e-006 3.0246501415383126e-006 1.9092471888955979e-006</location_covariance>
      </camera>
      <camera id="16" sensor_id="0" label="DSC00610.JPG">
        <transform>9.9960631074311301e-001 2.7237812412532512e-002 6.7323916644202227e-003 -4.6817691101797783e+000 2.7232244562281478e-002 -9.9962871275171628e-001 9.1733224447631439e-004 2.1879535526239710e+001 6.7548781368397849e-003 -7.3363296433211114e-004 -9.9997691643558961e-001 5.7833763191781506e-001 0 0 0 1</transform>
        <rotation_covariance>1.0171304311755434e-008 3.4178924100556112e-011 1.2635806578690188e-010 3.4178924100556157e-011 4.0177627771932719e-009 -1.4562966338462744e-011 1.2635806578690188e-010 -1.4562966338462741e-011 1.7998743799967851e-010</rotation_covariance>
        <location_covariance>5.8572567592242530e-006 -7.6415860768783314e-006 -2.0521517675291178e-006 -7.6415860768783314e-006 1.7129972575199675e-005 2.8780312655778120e-006 -2.0521517675291178e-006 2.8780312655778120e-006 1.8227856227108259e-006</location_covariance>
      </camera>
      <camera id="17" sensor_id="0" label="DSC00611.JPG">
        <transform>9.9961440614041353e-001 2.7132236035513589e-002 5.9059973129525671e-003 -3.0776692595623363e+000 2.7140898579299876e-002 -9.9963064939719637e-001 -1.3915495131641773e-003 2.1832383809588428e+001 5.8660600794385965e-003 1.5513070142970547e-003 -9.9998159122340435e-001 5.5925946506189261e-001 0 0 0 1</transform>
        <rotation_covariance>1.0224957609174540e-008 4.5134141472110675e-012 1.2463536721325685e-010 4.5134141472110336e-012 4.0126183492583019e-009 -7.1771134820873730e-012 1.2463536721325682e-010 -7.1771134820873738e-012 1.8113507850641723e-010</rotation_covariance>
        <location_covariance>4.2019825364010539e-006 -5.9829463023655976e-006 -1.6039111684476894e-006 -5.9829463023655976e-006 1.7039438212988029e-005 2.7111318845392947e-006 -1.6039111684476894e-006 2.7111318845392947e-006 1.7369791293602756e-006</location_covariance>
      </camera>
      <camera id="18" sensor_id="0" label="DSC00612.JPG">
        <transform>9.9962508281660334e-001 2.6927461693346484e-002 4.9604042831811043e-003 -2.0147465642842928e+000 2.6937898898464700e-002 -9.9963500809868178e-001 -2.0494356502707227e-003 2.1780579803962357e+001 4.9034076758248347e-003 2.1822901507050139e-003 -9.9998559699770817e-001 5.7451905385748614e-001 0 0 0 1</transform>
        <rotation_covariance>1.0024582888684113e-008 7.5004478693700011e-012 1.1524065224097893e-010 7.5004478693700399e-012 3.9643027840081111e-009 -3.1338416544869031e-012 1.1524065224097894e-010 -3.1338416544869048e-012 1.7975721284245081e-010</rotation_covariance>
        <location_covariance>3.3021657846530462e-006 -4.8681034382411266e-006 -1.3354483394339338e-006 -4.8681034382411266e-006 1.6849315976903728e-005 2.6196135463941067e-006 -1.3354483394339338e-006 2.6196135463941067e-006 1.6974095224554353e-006</location_covariance>
      </camera>
      <camera id="19" sensor_id="0" label="DSC00613.JPG">
        <transform>9.9963852057512259e-001 2.6407992416708308e-002 5.0444146242383855e-003 -8.7735177545930476e-001 2.6416315052596704e-002 -9.9964976309962972e-001 -1.5904194088760689e-003 2.1735125483715304e+001 5.0006481004072241e-003 1.7230993509526403e-003 -9.9998601212577098e-001 6.0266096131867009e-001 0 0 0 1</transform>
        <rotation_covariance>1.0050889027101505e-008 2.8060344648031489e-011 1.1601460122724298e-010 2.8060344648031463e-011 3.9795152690459271e-009 -1.2271735483977911e-012 1.1601460122724298e-010 -1.2271735483977887e-012 1.8091289883489193e-010</rotation_covariance>
        <location_covariance>2.5531766091765625e-006 -3.6794929579709033e-006 -1.0583786492315410e-006 -3.6794929579709033e-006 1.6755722806460069e-005 2.5327763449161371e-006 -1.0583786492315410e-006 2.5327763449161371e-006 1.6698299520935104e-006</location_covariance>
      </camera>
      <camera id="20" sensor_id="0" label="DSC00614.JPG">
        <transform>9.9964728551958193e-001 2.6154451863546417e-002 4.6096855694087117e-003 4.7108761071038979e-001 2.6169226895640385e-002 -9.9965248643505367e-001 -3.1745752313265883e-003 2.1658922926093680e+001 4.5250543660682666e-003 3.2940874202567389e-003 -9.9998433631285033e-001 5.9198609018313186e-001 0 0 0 1</transform>
        <rotation_covariance>1.0245312971399079e-008 -1.5877736715832553e-011 1.1368213591437861e-010 -1.5877736715832550e-011 4.0509828146045765e-009 7.6906055353612623e-012 1.1368213591437861e-010 7.6906055353612639e-012 1.8448213980321398e-010</rotation_covariance>
        <location_covariance>1.9327118020511959e-006 -2.3117710988230585e-006 -7.3393186857459672e-007 -2.3117710988230585e-006 1.6661354042455118e-005 2.3793412859143115e-006 -7.3393186857459672e-007 2.3793412859143115e-006 1.6187971174713233e-006</location_covariance>
      </camera>
      <camera id="21" sensor_id="0" label="DSC00615.JPG">
        <transform>9.9964722484744128e-001 2.6219817296853541e-002 4.2363941896097785e-003 1.3280655577778480e+000 2.6230323119178708e-002 -9.9965293912226838e-001 -2.4436557191769119e-003 2.1598643468065028e+001 4.1708516964306854e-003 2.5539156466114531e-003 -9.9998804068398561e-001 5.6720716325712650e-001 0 0 0 1</transform>
        <rotation_covariance>1.0501698642146551e-008 -8.3255546603803842e-011 1.2198898742763956e-010 -8.3255546603803893e-011 4.1559037370415143e-009 8.3892795870837094e-012 1.2198898742763956e-010 8.3892795870837061e-012 1.8885883951235468e-010</rotation_covariance>
        <location_covariance>1.7020506319779588e-006 -1.4695783091926230e-006 -5.4161302426073437e-007 -1.4695783091926230e-006 1.6627453232459134e-005 2.2651416462733369e-006 -5.4161302426073437e-007 2.2651416462733369e-006 1.5803386908642077e-006</location_covariance>
      </camera>
      <camera id="22" sensor_id="0" label="DSC00616.JPG">
        <transform>9.9965578746304429e-001 2.5905795428991372e-002 4.1468487835292014e-003 2.3481470114465206e+000 2.5922908914760699e-002 -9.9965542298740684e-001 -4.1277215586555654e-003 2.1567740503177479e+001 4.0384879644773282e-003 4.2337991284447252e-003 -9.9998288263344826e-001 5.1125446764863491e-001 0 0 0 1</transform>
        <rotation_covariance>1.0604826986172287e-008 -4.6965901482620247e-011 1.2922689735064655e-010 -4.6965901482620247e-011 4.1413137395933238e-009 1.2354381411549457e-011 1.2922689735064655e-010 1.2354381411549455e-011 1.9372615435487553e-010</rotation_covariance>
        <location_covariance>1.5109931482231120e-006 -4.3685499991573883e-007 -3.2539253709570903e-007 -4.3685499991573883e-007 1.6596587905987674e-005 2.1120159967003318e-006 -3.2539253709570903e-007 2.1120159967003318e-006 1.5342367738448768e-006</location_covariance>
      </camera>
      <camera id="23" sensor_id="0" label="DSC00617.JPG">
        <transform>9.9965686344370064e-001 2.5845361976608604e-002 4.2629372738240846e-003 2.9048792238885834e+000 2.5862324048208832e-002 -9.9965761905297856e-001 -3.9730170092088608e-003 2.1531256723524763e+001 4.1587936625809528e-003 4.0819031870070284e-003 -9.9998302110668058e-001 4.8771066411700426e-001 0 0 0 1</transform>
        <rotation_covariance>1.0687881533477501e-008 5.2791335486064260e-011 1.3271676635411813e-010 5.2791335486064228e-011 4.1979164834007959e-009 1.4645272321296673e-011 1.3271676635411813e-010 1.4645272321296673e-011 1.9852152574205341e-010</rotation_covariance>
        <location_covariance>1.4964186177228917e-006 1.5445684387300711e-007 -2.1499513984292780e-007 1.5445684387300711e-007 1.6553935465787029e-005 2.0356045585351786e-006 -2.1499513984292780e-007 2.0356045585351786e-006 1.5119072067305659e-006</location_covariance>
      </camera>
      <camera id="24" sensor_id="0" label="DSC00618.JPG">
        <transform>9.9966324734483869e-001 2.5431768840608725e-002 5.1591706319082543e-003 4.2603031990135287e+000 2.5454274798227195e-002 -9.9966654662817589e-001 -4.3445882420885280e-003 2.1491681448671915e+001 5.0469597251848065e-003 4.4744481374579589e-003 -9.9997725349699706e-001 4.8259026106715935e-001 0 0 0 1</transform>
        <rotation_covariance>1.0978686245064794e-008 2.4081926041051936e-010 1.7426196407511629e-010 2.4081926041051936e-010 4.3324107743452024e-009 1.0964987531917488e-011 1.7426196407511629e-010 1.0964987531917491e-011 2.1157861323710543e-010</rotation_covariance>
        <location_covariance>1.6621766547626576e-006 1.5686842982452568e-006 2.8966622125556279e-008 1.5686842982452568e-006 1.6584410821643715e-005 1.8993983215451810e-006 2.8966622125556279e-008 1.8993983215451810e-006 1.4978471048949158e-006</location_covariance>
      </camera>
      <camera id="25" sensor_id="0" label="DSC00619.JPG">
        <transform>9.9967342470850995e-001 2.4922541342862866e-002 5.6489702222921583e-003 4.6953814354826440e+000 2.4946937251008858e-002 -9.9967957126401896e-001 -4.2901187840847007e-003 2.1459285973083350e+001 5.5402394671420913e-003 4.4296422429606006e-003 -9.9997484169165285e-001 4.7350323190695615e-001 0 0 0 1</transform>
        <rotation_covariance>1.0981716490128712e-008 2.6532637329299683e-010 1.8271187289428867e-010 2.6532637329299678e-010 4.3565763615894716e-009 5.4672586492705179e-012 1.8271187289428867e-010 5.4672586492705163e-012 2.1651185185668229e-010</rotation_covariance>
        <location_covariance>1.7662116964346626e-006 2.0052985247456760e-006 1.0124797578215264e-007 2.0052985247456760e-006 1.6521608935160914e-005 1.8457772217964833e-006 1.0124797578215264e-007 1.8457772217964833e-006 1.4886425066384118e-006</location_covariance>
      </camera>
      <camera id="26" sensor_id="0" label="DSC00620.JPG">
        <transform>9.9969399151518201e-001 2.4381637709833637e-002 4.1784053212618076e-003 4.9603918378663980e+000 2.4380366900038999e-002 -9.9970269171322346e-001 3.5481143611301323e-004 2.1492562699230682e+001 4.1858139306248992e-003 -2.5283180601361416e-004 -9.9999120748025383e-001 5.1143258015263848e-001 0 0 0 1</transform>
        <rotation_covariance>1.1679070854577217e-008 4.6676508699184105e-010 1.8692529051465224e-010 4.6676508699184115e-010 4.6655601260265917e-009 -8.7418889822052159e-012 1.8692529051465226e-010 -8.7418889822052175e-012 2.2435348780941009e-010</rotation_covariance>
        <location_covariance>1.9585779412591816e-006 2.3472608620762589e-006 1.4534887990323342e-007 2.3472608620762589e-006 1.6854705551825435e-005 1.8637790664316746e-006 1.4534887990323342e-007 1.8637790664316746e-006 1.5144882361395484e-006</location_covariance>
      </camera>
      <camera id="27" sensor_id="0" label="DSC00621.JPG">
        <transform>9.9968975523016224e-001 2.4240419461141222e-002 5.7267226409927026e-003 4.7111266281584019e+000 2.4253411991379828e-002 -9.9970339930971985e-001 -2.2102975743586431e-003 1.9458332682564734e+001 5.6714455507679449e-003 2.3485044046687711e-003 -9.9998115943872956e-001 4.3076995123687911e-001 0 0 0 1</transform>
        <rotation_covariance>1.0206194175032603e-008 2.0177046444868864e-010 1.6943373330266855e-010 2.0177046444868869e-010 4.1951828566405440e-009 2.3254067425403220e-011 1.6943373330266855e-010 2.3254067425403223e-011 1.9376682069132738e-010</rotation_covariance>
        <location_covariance>1.6942426344010196e-006 1.7443984191696610e-006 8.7812267378294968e-008 1.7443984191696610e-006 1.2544144637589869e-005 1.3254053478991992e-006 8.7812267378294968e-008 1.3254053478991992e-006 1.1286757045242171e-006</location_covariance>
      </camera>
      <camera id="28" sensor_id="0" label="DSC00622.JPG">
        <transform>9.9972575551950182e-001 2.2297672172307201e-002 7.1573435474889709e-003 4.0073761298872004e+000 2.2306918139982965e-002 -9.9975043195058289e-001 -1.2145854103359048e-003 1.9486468760103051e+001 7.1284748759158790e-003 1.3739105936045990e-003 -9.9997364826060497e-001 4.4594457541427152e-001 0 0 0 1</transform>
        <rotation_covariance>1.0358021649417753e-008 1.5162415063338354e-010 1.6735353956619676e-010 1.5162415063338351e-010 4.2314362814762043e-009 2.3630694298073364e-011 1.6735353956619676e-010 2.3630694298073367e-011 1.9027277128838676e-010</rotation_covariance>
        <location_covariance>1.5689431196284097e-006 1.1408880587552839e-006 -4.9848617452198550e-009 1.1408880587552839e-006 1.2648843899727628e-005 1.3994120964270996e-006 -4.9848617452198550e-009 1.3994120964270996e-006 1.1395921056705957e-006</location_covariance>
      </camera>
      <camera id="29" sensor_id="0" label="DSC00623.JPG">
        <transform>9.9972862677124674e-001 2.2474263473115787e-002 6.1302769445935592e-003 2.6589705164508839e+000 2.2471565052071821e-002 -9.9974735307260942e-001 5.0871251390601706e-004 1.9619756439306801e+001 6.1401610880290483e-003 -3.7081754580096108e-004 -9.9998108027910249e-001 4.6917331942203833e-001 0 0 0 1</transform>
        <rotation_covariance>1.0143128515403590e-008 8.9075864507467378e-011 1.4807175162909365e-010 8.9075864507467416e-011 4.0771225106870329e-009 2.3222853451635636e-011 1.4807175162909362e-010 2.3222853451635639e-011 1.7993909718789688e-010</rotation_covariance>
        <location_covariance>1.4480331821147628e-006 -2.1934242953254436e-008 -2.2842242861154593e-007 -2.1934242953254436e-008 1.2804613854850999e-005 1.5573306019638882e-006 -2.2842242861154593e-007 1.5573306019638882e-006 1.1764176810902077e-006</location_covariance>
      </camera>
      <camera id="30" sensor_id="0" label="DSC00624.JPG">
        <transform>9.9973254046167825e-001 2.2119450966241141e-002 6.7511059087674618e-003 1.0741531716869219e+000 2.2112384053831494e-002 -9.9975486439194294e-001 1.1196410602251686e-003 1.9794905668180775e+001 6.7742168178468983e-003 -9.7005855490135717e-004 -9.9997658421230284e-001 4.9819414096740378e-001 0 0 0 1</transform>
        <rotation_covariance>9.6484731724325022e-009 -5.5030379629636190e-011 1.4433587536338974e-010 -5.5030379629636268e-011 3.8700526618256854e-009 1.2540642147378839e-011 1.4433587536338972e-010 1.2540642147378843e-011 1.6919066264034256e-010</rotation_covariance>
        <location_covariance>1.6441370168194587e-006 -1.4499167443376390e-006 -5.2247323449603835e-007 -1.4499167443376390e-006 1.2932693431204004e-005 1.7252448784015963e-006 -5.2247323449603835e-007 1.7252448784015963e-006 1.2351468196048994e-006</location_covariance>
      </camera>
      <camera id="31" sensor_id="0" label="DSC00625.JPG">
        <transform>9.9973162284590844e-001 2.1800250261352089e-002 7.8378166876485935e-003 -4.6179664364180856e-001 2.1795695220014264e-002 -9.9976222370832402e-001 6.6611985655427614e-004 1.9915616183511926e+001 7.8504746202387090e-003 -4.9511042148855965e-004 -9.9996906197837321e-001 5.3476453502428090e-001 0 0 0 1</transform>
        <rotation_covariance>9.7145971508566095e-009 -7.3311034551984298e-011 1.4335487899650176e-010 -7.3311034551984272e-011 3.8922512011042332e-009 1.4002228518958951e-011 1.4335487899650173e-010 1.4002228518958946e-011 1.6662233998612409e-010</rotation_covariance>
        <location_covariance>2.2769817571381402e-006 -2.8236202280806740e-006 -8.3929922864576480e-007 -2.8236202280806740e-006 1.3183663218228690e-005 1.9072780572945001e-006 -8.3929922864576480e-007 1.9072780572945001e-006 1.3037259672243131e-006</location_covariance>
      </camera>
      <camera id="32" sensor_id="0" label="DSC00626.JPG">
        <transform>9.9973606361870471e-001 2.1623893826190878e-002 7.7595306540447946e-003 -1.8324144765227124e+000 2.1630963850196076e-002 -9.9976568015325329e-001 -8.2836623201159318e-004 1.9990323292199779e+001 7.7397999385608925e-003 9.9599372309806008e-004 -9.9996955128314513e-001 5.7364590459248355e-001 0 0 0 1</transform>
        <rotation_covariance>9.5782686449020812e-009 -7.9193430197861838e-011 1.3693540656323040e-010 -7.9193430197861851e-011 3.8118855121463238e-009 1.9426253546258725e-011 1.3693540656323040e-010 1.9426253546258725e-011 1.6393846379959848e-010</rotation_covariance>
        <location_covariance>3.1027116835902652e-006 -4.0558393132804695e-006 -1.1569597428252074e-006 -4.0558393132804695e-006 1.3274519059688281e-005 2.0599845602462182e-006 -1.1569597428252074e-006 2.0599845602462182e-006 1.3727843413996755e-006</location_covariance>
      </camera>
      <camera id="33" sensor_id="0" label="DSC00627.JPG">
        <transform>9.9974357297362393e-001 2.1090989429543013e-002 8.2436923046850553e-003 -3.2442481933086360e+000 2.1104080521424557e-002 -9.9977615244977225e-001 -1.5042533280475597e-003 2.0073310847775051e+001 8.2101207833166143e-003 1.6778431430316543e-003 -9.9996488876315592e-001 6.0188864001035369e-001 0 0 0 1</transform>
        <rotation_covariance>9.4294343565968778e-009 -2.0504828820598702e-010 1.3724384017629615e-010 -2.0504828820598705e-010 3.7796928120314473e-009 1.4321911499467630e-011 1.3724384017629618e-010 1.4321911499467629e-011 1.6205619183038561e-010</rotation_covariance>
        <location_covariance>4.2657765506750901e-006 -5.3895056882654230e-006 -1.5103110040460497e-006 -5.3895056882654230e-006 1.3375295611703310e-005 2.2030813643200542e-006 -1.5103110040460497e-006 2.2030813643200542e-006 1.4497580388996213e-006</location_covariance>
      </camera>
      <camera id="34" sensor_id="0" label="DSC00628.JPG">
        <transform>9.9974507408073232e-001 2.0798526077653492e-002 8.7868176439030651e-003 -4.6953314978518295e+000 2.0820220923566349e-002 -9.9978039146086883e-001 -2.3847958079683670e-003 2.0107100353906848e+001 8.7352877459147688e-003 2.5671313462659086e-003 -9.9995855143333168e-001 6.0775272534926583e-001 0 0 0 1</transform>
        <rotation_covariance>9.2438807348333432e-009 -1.8817841586378414e-010 1.3474594250670869e-010 -1.8817841586378422e-010 3.7700138017825108e-009 1.7601952263936226e-011 1.3474594250670869e-010 1.7601952263936229e-011 1.6075364020004197e-010</rotation_covariance>
        <location_covariance>5.7769309191209950e-006 -6.6971847504551633e-006 -1.8841842064461388e-006 -6.6971847504551633e-006 1.3377191857878953e-005 2.3266249487414915e-006 -1.8841842064461388e-006 2.3266249487414915e-006 1.5189689232561057e-006</location_covariance>
      </camera>
      <camera id="35" sensor_id="0" label="DSC00629.JPG">
        <transform>9.9974488531998906e-001 2.0550847355254941e-002 9.3716033581329114e-003 -5.4734627506841615e+000 2.0565137330633178e-002 -9.9978749110576537e-001 -1.4309979075431650e-003 2.0135044245281268e+001 9.3402035895024590e-003 1.6233611490381128e-003 -9.9995506163801506e-001 6.2644113484627129e-001 0 0 0 1</transform>
        <rotation_covariance>9.3068985310963423e-009 -1.8517935668610916e-010 1.3766643386856469e-010 -1.8517935668610919e-010 3.8722485707635144e-009 1.3950399678779344e-011 1.3766643386856469e-010 1.3950399678779346e-011 1.6121082062493665e-010</rotation_covariance>
        <location_covariance>6.7604259265936396e-006 -7.4079475376468907e-006 -2.1054784502964446e-006 -7.4079475376468907e-006 1.3456179866513225e-005 2.4072507415807704e-006 -2.1054784502964446e-006 2.4072507415807704e-006 1.5704902877440114e-006</location_covariance>
      </camera>
      <camera id="36" sensor_id="0" label="DSC00630.JPG">
        <transform>9.9975208227373447e-001 2.0063935464971108e-002 9.6546612053730867e-003 -6.9423926658750217e+000 2.0084278333975907e-002 -9.9979626057953264e-001 -2.0147195801805918e-003 2.0201457697918343e+001 9.6122709666575362e-003 2.2081269983521617e-003 -9.9995136302823384e-001 6.3490835127100975e-001 0 0 0 1</transform>
        <rotation_covariance>9.2046851573420569e-009 -1.5515731899340294e-010 1.2615194958933494e-010 -1.5515731899340302e-010 3.9914651959494597e-009 1.5938890758323279e-011 1.2615194958933491e-010 1.5938890758323279e-011 1.6032150239279715e-010</rotation_covariance>
        <location_covariance>8.8363814821935142e-006 -8.7639915746835027e-006 -2.5209790927139959e-006 -8.7639915746835027e-006 1.3549164025556521e-005 2.5424853742898482e-006 -2.5209790927139959e-006 2.5424853742898482e-006 1.6630917741898951e-006</location_covariance>
      </camera>
      <camera id="37" sensor_id="0" label="DSC00631.JPG">
        <transform>9.9975784289794978e-001 1.9700513530887604e-002 9.8053725405035756e-003 -8.3434414994552561e+000 1.9720328008874220e-002 -9.9980367607787679e-001 -1.9282023717744584e-003 2.0262487887522624e+001 9.7654609343931116e-003 2.1211006066238817e-003 -9.9995006710583079e-001 6.5312225326187057e-001 0 0 0 1</transform>
        <rotation_covariance>9.1155171341636035e-009 -1.0827534220033327e-010 1.2482360570890223e-010 -1.0827534220033324e-010 4.0105676119668474e-009 1.3447977963930552e-011 1.2482360570890223e-010 1.3447977963930551e-011 1.5997115775832197e-010</rotation_covariance>
        <location_covariance>1.1079061539194883e-005 -1.0059240089356988e-005 -2.9455944277579924e-006 -1.0059240089356988e-005 1.3637361689061764e-005 2.6770749741581464e-006 -2.9455944277579924e-006 2.6770749741581464e-006 1.7669515026245795e-006</location_covariance>
      </camera>
      <camera id="38" sensor_id="0" label="DSC00632.JPG">
        <transform>9.9976291442731569e-001 1.9211914886127199e-002 1.0247793040868487e-002 -9.3645577359287895e+000 1.9243259517490761e-002 -9.9981042338941806e-001 -2.9688794207791327e-003 2.0312177498998938e+001 1.0188812440258672e-002 3.1653764832683942e-003 -9.9994308262659448e-001 6.6647504810582092e-001 0 0 0 1</transform>
        <rotation_covariance>9.0401196469665296e-009 -1.5709124745635622e-010 1.2974367763662478e-010 -1.5709124745635624e-010 3.9992234047234197e-009 1.5399216011584357e-011 1.2974367763662478e-010 1.5399216011584364e-011 1.5954861889234647e-010</rotation_covariance>
        <location_covariance>1.2889258090460173e-005 -1.1047206406407373e-005 -3.2699542000580441e-006 -1.1047206406407373e-005 1.3705943118490170e-005 2.7746728740483037e-006 -3.2699542000580441e-006 2.7746728740483037e-006 1.8498341040396775e-006</location_covariance>
      </camera>
      <camera id="39" sensor_id="0" label="DSC00633.JPG">
        <transform>9.9976154874853140e-001 1.9235136342676342e-002 1.0337077624563960e-002 -1.0151008687961026e+001 1.9272746343256566e-002 -9.9980795690157598e-001 -3.5511356894590207e-003 2.0336763751013191e+001 1.0266785880990201e-002 3.7495127916985088e-003 -9.9994026534663494e-001 6.8398008956266110e-001 0 0 0 1</transform>
        <rotation_covariance>9.0056242078343275e-009 -1.8732957914197695e-010 1.3158384653424826e-010 -1.8732957914197695e-010 3.9896931135539386e-009 1.7640219784347789e-011 1.3158384653424823e-010 1.7640219784347789e-011 1.5925878641973593e-010</rotation_covariance>
        <location_covariance>1.4388368686856884e-005 -1.1795766176585085e-005 -3.5329036304785773e-006 -1.1795766176585085e-005 1.3742667687992677e-005 2.8520888909475854e-006 -3.5329036304785773e-006 2.8520888909475854e-006 1.9193715276278453e-006</location_covariance>
      </camera>
      <camera id="40" sensor_id="0" label="DSC00634.JPG">
        <transform>9.9977045455251923e-001 1.8614101196846432e-002 1.0609120627175707e-002 -1.1609817959047177e+001 1.8635947140095883e-002 -9.9982440660839822e-001 -1.9640326768793292e-003 2.0394361980120635e+001 1.0570699032701525e-002 2.1612928533305963e-003 -9.9994179287354634e-001 7.1592347287798164e-001 0 0 0 1</transform>
        <rotation_covariance>9.1591232052688352e-009 -1.6393849405198099e-010 1.3572242972276017e-010 -1.6393849405198096e-010 4.1063439899893686e-009 1.3143546426800800e-011 1.3572242972276017e-010 1.3143546426800800e-011 1.6132304895386691e-010</rotation_covariance>
        <location_covariance>1.7463622146788177e-005 -1.3173661306285861e-005 -4.0435759722896092e-006 -1.3173661306285861e-005 1.3918682785917760e-005 3.0083689708037798e-006 -4.0435759722896092e-006 3.0083689708037798e-006 2.0600761742924069e-006</location_covariance>
      </camera>
      <camera id="41" sensor_id="0" label="DSC00635.JPG">
        <transform>9.9977464889019085e-001 1.8251418863142750e-002 1.0841454975116441e-002 -1.2895221900975059e+001 1.8282710084977859e-002 -9.9982895288879114e-001 -2.7941863309557855e-003 2.0422323217625898e+001 1.0788602710453706e-002 2.9917678361744862e-003 -9.9993732572435279e-001 7.2840705945064410e-001 0 0 0 1</transform>
