<?xml version="1.0" encoding="UTF-8"?>
<document version="1.5.0">
  <chunk label="SonyA9" enabled="true">
    <sensors next_id="1">
      <sensor id="0" label="SonyA9" type="frame">
        <resolution width="6000" height="4000"/>
        <property name="pixel_width" value="0.006"/>
        <property name="pixel_height" value="0.006"/>
        <property name="focal_length" value="55"/>
        <property name="fixed" value="true"/>
        <property name="layer_index" value="0"/>
        <calibration type="frame" class="initial">
          <resolution width="6000" height="4000"/>
          <f>9227.77018581081</f>
          <cx>-37.8304617831239</cx>
          <cy>31.7622333680372</cy>
          <k1>-0.017282082281574</k1>
        </calibration>
      </sensor>
    </sensors>
    <cameras next_id="553" next_group_id="0">
      <camera id="0" sensor_id="0" label="DSC00727.JPG">
        <transform>9.6569278111683288e-001 -2.5965469247708783e-001 -4.1101305898231209e-003 -3.2039441623244471e+001 -2.5966940973446462e-001 -9.6569096107465191e-001 -3.5728625595936835e-003 1.7549748469250645e+001 -3.0414054302544172e-003 4.5175627659131672e-003 -9.9998517062987735e-001 1.8875091383816367e+000 0 0 0 1</transform>
        <rotation_covariance>9.5515701683386483e-009 -1.9333978607514791e-009 5.5663987213254922e-011 -1.9333978607514791e-009 6.0767122356671252e-009 1.2073901320735128e-010 5.5663987213254910e-011 1.2073901320735128e-010 2.0689517362322559e-010</rotation_covariance>
        <location_covariance>6.1013745695072653e-006 -2.8887502610550534e-006 -4.0385499947616511e-007 -2.8887502610550534e-006 7.7896949983169360e-006 -7.7638465423299114e-007 -4.0385499947616511e-007 -7.7638465423299114e-007 4.7871307515201101e-006</location_covariance>
      </camera>
      <camera id="1" sensor_id="0" label="DSC00728.JPG">
        <transform>9.7312698468392800e-001 -2.3022138468719708e-001 -4.6888924786055147e-003 -3.1460505116751293e+001 -2.3025039225903346e-001 -9.7310580825301840e-001 -7.0599439658577358e-003 1.7902363024424741e+001 -2.9374384295711283e-003 7.9498413159919817e-003 -9.9996408509432133e-001 1.7874674227858949e+000 0 0 0 1</transform>
        <rotation_covariance>1.0075956275157860e-008 -1.6830698962056899e-009 6.2119344678144997e-011 -1.6830698962056889e-009 5.9448214698064020e-009 1.3535852774187339e-010 6.2119344678144984e-011 1.3535852774187339e-010 2.1042811665361658e-010</rotation_covariance>
        <location_covariance>5.9888513296754083e-006 -2.7430811511770032e-006 -3.5898459822120277e-007 -2.7430811511770032e-006 7.9959194967522410e-006 -8.3109637593568548e-007 -3.5898459822120277e-007 -8.3109637593568548e-007 4.7009385365763765e-006</location_covariance>
      </camera>
      <camera id="2" sensor_id="0" label="DSC00729.JPG">
        <transform>9.7931823208761815e-001 -2.0231273621832013e-001 -2.3145333522177915e-003 -2.9570194413901877e+001 -2.0232549279985595e-001 -9.7927679974832482e-001 -9.0191151436658564e-003 1.8228058185338281e+001 -4.4188695108747424e-004 9.3008729985786780e-003 -9.9995664830900888e-001 1.7482361519933958e+000 0 0 0 1</transform>
        <rotation_covariance>1.0726916460525210e-008 -1.7374084105921176e-009 8.6661419147884448e-011 -1.7374084105921179e-009 5.6046249375881656e-009 1.3311058402217777e-010 8.6661419147884448e-011 1.3311058402217779e-010 2.0321213282601416e-010</rotation_covariance>
        <location_covariance>5.3324859854477226e-006 -2.6009719290675698e-006 -2.4390202309331184e-007 -2.6009719290675698e-006 8.3841737350279388e-006 -9.0553644521588182e-007 -2.4390202309331184e-007 -9.0553644521588182e-007 4.3511465437243611e-006</location_covariance>
      </camera>
      <camera id="3" sensor_id="0" label="DSC00730.JPG">
        <transform>9.8266807934084577e-001 -1.8536864644286458e-001 -1.3823026128486314e-003 -2.7788838956304819e+001 -1.8537335185850520e-001 -9.8262197898256554e-001 -9.5271633306800441e-003 1.8262225751161711e+001 4.0775644205815994e-004 9.6182813603524139e-003 -9.9995366012548659e-001 1.6417096939123867e+000 0 0 0 1</transform>
        <rotation_covariance>1.0957215577620618e-008 -1.6638173955635782e-009 8.2342775661911325e-011 -1.6638173955635780e-009 5.3411092208587436e-009 1.3145794138711778e-010 8.2342775661911325e-011 1.3145794138711776e-010 1.9662082324048535e-010</rotation_covariance>
        <location_covariance>4.7936159867675062e-006 -2.3915901041225752e-006 -1.1908128465679183e-007 -2.3915901041225752e-006 8.4140885919346164e-006 -9.3579595877494447e-007 -1.1908128465679183e-007 -9.3579595877494447e-007 3.9921646227737412e-006</location_covariance>
      </camera>
      <camera id="4" sensor_id="0" label="DSC00731.JPG">
        <transform>9.8261961932628961e-001 -1.8562956296004784e-001 -5.9082173315485416e-004 -2.5405594396832686e+001 -1.8562302218114035e-001 -9.8254646824451519e-001 -1.2105014521671627e-002 1.8299330706184666e+001 1.6665387480095310e-003 1.2004294876902678e-002 -9.9992655707962363e-001 1.5439723041702358e+000 0 0 0 1</transform>
        <rotation_covariance>1.0584450257689101e-008 -1.6108437701040401e-009 9.7782072045122694e-011 -1.6108437701040397e-009 5.1545591060030877e-009 1.2780356303779984e-010 9.7782072045122694e-011 1.2780356303779981e-010 1.9268936388933068e-010</rotation_covariance>
        <location_covariance>4.2176290005889821e-006 -2.1372185358474523e-006 5.0360762885217848e-008 -2.1372185358474523e-006 8.1052303091685744e-006 -9.8317018618434044e-007 5.0360762885217848e-008 -9.8317018618434044e-007 3.5587533174500058e-006</location_covariance>
      </camera>
      <camera id="5" sensor_id="0" label="DSC00732.JPG">
        <transform>9.8270417934003529e-001 -1.8518063349234848e-001 -7.9302395942701734e-004 -2.3541681745314492e+001 -1.8517371389692550e-001 -9.8260812446612000e-001 -1.3855302768024880e-002 1.8304879355700155e+001 1.7865019583818594e-003 1.3762511127935955e-002 -9.9990369621189323e-001 1.4638801121001863e+000 0 0 0 1</transform>
        <rotation_covariance>1.0550073341944668e-008 -1.6020654748015813e-009 1.0047722833973511e-010 -1.6020654748015811e-009 5.0221417104204813e-009 1.2241293673473903e-010 1.0047722833973511e-010 1.2241293673473900e-010 1.8834134575456066e-010</rotation_covariance>
        <location_covariance>3.8187188940749164e-006 -1.9391036309386142e-006 1.6383392608426425e-007 -1.9391036309386142e-006 8.0157001401083925e-006 -1.0211920706534765e-006 1.6383392608426425e-007 -1.0211920706534765e-006 3.2437092801339627e-006</location_covariance>
      </camera>
      <camera id="6" sensor_id="0" label="DSC00733.JPG">
        <transform>9.8264280660001480e-001 -1.8550264151430426e-001 -1.3728177091115747e-003 -2.1542305459265190e+001 -1.8550361844296739e-001 -9.8254494922956959e-001 -1.3922294639478038e-002 1.8187741241152576e+001 1.2337673252631278e-003 1.3935305331351816e-002 -9.9990213775324488e-001 1.3423257580288177e+000 0 0 0 1</transform>
        <rotation_covariance>1.0779421095581901e-008 -1.6838013613058541e-009 1.0921920463406606e-010 -1.6838013613058539e-009 4.9721230112983286e-009 1.1078979076559299e-010 1.0921920463406605e-010 1.1078979076559298e-010 1.8557609794267217e-010</rotation_covariance>
        <location_covariance>3.4532688086561871e-006 -1.7566903526531755e-006 2.5126047993020060e-007 -1.7566903526531755e-006 8.0615424384129885e-006 -1.0496853644301707e-006 2.5126047993020060e-007 -1.0496853644301707e-006 2.9083938650836564e-006</location_covariance>
      </camera>
      <camera id="7" sensor_id="0" label="DSC00734.JPG">
        <transform>9.8271986648349496e-001 -1.8509119993738471e-001 -1.7063775668946695e-003 -2.0412781041579482e+001 -1.8509546183534126e-001 -9.8260145226544704e-001 -1.5298889299424545e-002 1.8117071661384156e+001 1.1550007027958217e-003 1.5350365193486095e-002 -9.9988150911085616e-001 1.2752888252670154e+000 0 0 0 1</transform>
        <rotation_covariance>1.0374629377315192e-008 -1.6667198794434211e-009 1.0151610055798209e-010 -1.6667198794434211e-009 4.8001484421415163e-009 1.1010352082929952e-010 1.0151610055798210e-010 1.1010352082929953e-010 1.8045251308797053e-010</rotation_covariance>
        <location_covariance>3.1830191978550987e-006 -1.6660418234013524e-006 2.9307285752617825e-007 -1.6660418234013524e-006 7.7760802593847821e-006 -1.0779399918980703e-006 2.9307285752617825e-007 -1.0779399918980703e-006 2.7294444047572896e-006</location_covariance>
      </camera>
      <camera id="8" sensor_id="0" label="DSC00735.JPG">
        <transform>9.8264285152508402e-001 -1.8549180108847274e-001 -2.4120687400339610e-003 -1.9386871538181069e+001 -1.8550703302869709e-001 -9.8252875034459086e-001 -1.4979834551375753e-002 1.8075806576313930e+001 4.0870960605120222e-004 1.5167283054362811e-002 -9.9988488661505770e-001 1.2571323420511300e+000 0 0 0 1</transform>
        <rotation_covariance>1.0484533945867173e-008 -1.6875676497675987e-009 8.7572749538808072e-011 -1.6875676497675989e-009 4.8340400273433940e-009 1.1403645328435575e-010 8.7572749538808072e-011 1.1403645328435576e-010 1.7961659801804813e-010</rotation_covariance>
        <location_covariance>3.0650143497552698e-006 -1.5714049894303494e-006 3.2860744651518537e-007 -1.5714049894303494e-006 7.8260410319109699e-006 -1.0971079034874063e-006 3.2860744651518537e-007 -1.0971079034874063e-006 2.5862684613380711e-006</location_covariance>
      </camera>
      <camera id="9" sensor_id="0" label="DSC00736.JPG">
        <transform>9.8264535174013168e-001 -1.8547353005451633e-001 -2.7717057255990749e-003 -1.7684752417687971e+001 -1.8549409805835609e-001 -9.8251648059329322e-001 -1.5915556794717883e-002 1.8110439050743903e+001 2.2866794674358576e-004 1.6153482958338777e-002 -9.9986949783423473e-001 1.1856153113119479e+000 0 0 0 1</transform>
        <rotation_covariance>1.0445616848703374e-008 -1.6645594173344984e-009 7.2992252182370816e-011 -1.6645594173344984e-009 4.8492375753046615e-009 1.1543363413623176e-010 7.2992252182370816e-011 1.1543363413623175e-010 1.7794739239750711e-010</rotation_covariance>
        <location_covariance>2.8739353220046449e-006 -1.4218903625515879e-006 3.7484566474201134e-007 -1.4218903625515879e-006 7.7730908176768380e-006 -1.1547772015352309e-006 3.7484566474201134e-007 -1.1547772015352309e-006 2.3760101007995699e-006</location_covariance>
      </camera>
      <camera id="10" sensor_id="0" label="DSC00737.JPG">
        <transform>9.8267910621242338e-001 -1.8529714236966785e-001 -2.5967755367055914e-003 -1.6219176606520005e+001 -1.8531515420139197e-001 -9.8256195862762330e-001 -1.5175344515463787e-002 1.8030628904140734e+001 2.6045511572890773e-004 1.5393715843932551e-002 -9.9988147581383313e-001 1.1095466309038400e+000 0 0 0 1</transform>
        <rotation_covariance>1.0490299952472802e-008 -1.5578729565648350e-009 6.7587622676889463e-011 -1.5578729565648350e-009 4.8437110711069914e-009 1.0655216258990072e-010 6.7587622676889450e-011 1.0655216258990070e-010 1.7675060121103041e-010</rotation_covariance>
        <location_covariance>2.7427457829735351e-006 -1.2330059487067220e-006 3.9587202005414667e-007 -1.2330059487067220e-006 7.7182179536918441e-006 -1.1812212958267148e-006 3.9587202005414667e-007 -1.1812212958267148e-006 2.1916821493793239e-006</location_covariance>
      </camera>
      <camera id="11" sensor_id="0" label="DSC00738.JPG">
        <transform>9.8271420237974572e-001 -1.8509802409236190e-001 -3.3938058640005341e-003 -1.4307419040110005e+001 -1.8512880464561168e-001 -9.8258191548045537e-001 -1.6127772978502718e-002 1.8023630512891724e+001 -3.4947335528740658e-004 1.6477282781532609e-002 -9.9986417928662263e-001 1.0884943529172972e+000 0 0 0 1</transform>
        <rotation_covariance>1.0733246178647993e-008 -1.3876479059931059e-009 5.1689750193876624e-011 -1.3876479059931055e-009 4.8313740277048790e-009 9.4305780115218416e-011 5.1689750193876630e-011 9.4305780115218416e-011 1.7766842820863541e-010</rotation_covariance>
        <location_covariance>2.6310580673937764e-006 -9.6564902182033443e-007 4.1404329637537696e-007 -9.6564902182033443e-007 7.7968592946334102e-006 -1.2521798308328237e-006 4.1404329637537696e-007 -1.2521798308328237e-006 1.9950546818283080e-006</location_covariance>
      </camera>
      <camera id="12" sensor_id="0" label="DSC00739.JPG">
        <transform>9.8265747297567363e-001 -1.8540786763154002e-001 -2.8659074283804795e-003 -1.3532140246561712e+001 -1.8543000942316204e-001 -9.8254415921412452e-001 -1.4922694111160891e-002 1.7985138188289266e+001 -4.9095710135532060e-005 1.5195322126712834e-002 -9.9988454322240461e-001 1.0891067767939173e+000 0 0 0 1</transform>
        <rotation_covariance>1.0564105714942169e-008 -1.4503862812369679e-009 6.6517059149093381e-011 -1.4503862812369683e-009 4.7974178025619139e-009 7.9713716837192989e-011 6.6517059149093381e-011 7.9713716837193002e-011 1.7605087765509487e-010</rotation_covariance>
        <location_covariance>2.5469099160968316e-006 -9.4940723944907397e-007 4.1914965475203461e-007 -9.4940723944907397e-007 7.7058313895315160e-006 -1.2668287166808130e-006 4.1914965475203461e-007 -1.2668287166808130e-006 1.9156268615402764e-006</location_covariance>
      </camera>
      <camera id="13" sensor_id="0" label="DSC00740.JPG">
        <transform>9.8269318672716921e-001 -1.8521376938738346e-001 -3.1560084471602243e-003 -1.2182504529969014e+001 -1.8524025496024035e-001 -9.8258389071055974e-001 -1.4661025147103770e-002 1.7935774495748202e+001 -3.8561932854777907e-004 1.4991909331903195e-002 -9.9988754065260632e-001 1.0599238932690378e+000 0 0 0 1</transform>
        <rotation_covariance>1.0156226110325953e-008 -1.4515842862098265e-009 4.8633537078073601e-011 -1.4515842862098272e-009 4.5475571737707487e-009 8.8314068614078206e-011 4.8633537078073582e-011 8.8314068614078194e-011 1.7285594607226414e-010</rotation_covariance>
        <location_covariance>2.3299041732201038e-006 -8.6109113017783130e-007 4.3748442304223018e-007 -8.6109113017783130e-007 7.4535514750321673e-006 -1.2780128975062872e-006 4.3748442304223018e-007 -1.2780128975062872e-006 1.7834082665511329e-006</location_covariance>
      </camera>
      <camera id="14" sensor_id="0" label="DSC00741.JPG">
        <transform>9.8264344203907406e-001 -1.8545532121526920e-001 -4.2649326538889750e-003 -1.0129673883901765e+001 -1.8550052021310054e-001 -9.8251122773182786e-001 -1.6163056071342448e-002 1.7896066811391254e+001 -1.1928194624347991e-003 1.6673668277784742e-002 -9.9986027322215998e-001 9.7456084162811640e-001 0 0 0 1</transform>
        <rotation_covariance>9.8691691964944746e-009 -1.3510579687256891e-009 2.0153951478141500e-011 -1.3510579687256893e-009 4.2886881944307975e-009 8.3371419669560627e-011 2.0153951478141493e-011 8.3371419669560614e-011 1.6877105557719582e-010</rotation_covariance>
        <location_covariance>2.1127581481166882e-006 -6.5499740504329787e-007 4.4738100905256658e-007 -6.5499740504329787e-007 7.2246866294544138e-006 -1.3206123067207986e-006 4.4738100905256658e-007 -1.3206123067207986e-006 1.6049607670274383e-006</location_covariance>
      </camera>
      <camera id="15" sensor_id="0" label="DSC00742.JPG">
        <transform>9.8271066201307855e-001 -1.8508854832860575e-001 -4.6887144746806256e-003 -8.6551630897638123e+000 -1.8513979500618086e-001 -9.8258969526181650e-001 -1.5516026242559868e-002 1.7848997010478612e+001 -1.7352437537821459e-003 1.6115832057323202e-002 -9.9986862581351910e-001 9.3870932526759832e-001 0 0 0 1</transform>
        <rotation_covariance>9.5298109611933287e-009 -1.3562253743891035e-009 1.2978067720528713e-011 -1.3562253743891037e-009 4.2181048890809856e-009 7.1931394092318314e-011 1.2978067720528706e-011 7.1931394092318314e-011 1.6851257248389500e-010</rotation_covariance>
        <location_covariance>2.0232412385053316e-006 -5.7345970178660067e-007 4.4152574721303825e-007 -5.7345970178660067e-007 7.0117909038051930e-006 -1.3356113084112672e-006 4.4152574721303825e-007 -1.3356113084112672e-006 1.4904409603988328e-006</location_covariance>
      </camera>
      <camera id="16" sensor_id="0" label="DSC00743.JPG">
        <transform>9.8265878066513157e-001 -1.8535042622447029e-001 -5.1904026938758953e-003 -6.9062227392894755e+000 -1.8541444624694303e-001 -9.8249816624714958e-001 -1.7855991821456398e-002 1.7840824284423480e+001 -1.7899454340497341e-003 1.8508722792122539e-002 -9.9982709669019643e-001 8.8717475210343477e-001 0 0 0 1</transform>
        <rotation_covariance>9.3348596804659434e-009 -1.1371018054690813e-009 -3.9535530956912897e-012 -1.1371018054690811e-009 3.9164080522599289e-009 7.4293173744689508e-011 -3.9535530956912938e-012 7.4293173744689508e-011 1.6712001131707583e-010</rotation_covariance>
        <location_covariance>1.8790254446844529e-006 -3.2274971579214963e-007 4.3251179926560482e-007 -3.2274971579214963e-007 6.8392982274624033e-006 -1.3748064998151150e-006 4.3251179926560482e-007 -1.3748064998151150e-006 1.3769026982319229e-006</location_covariance>
      </camera>
      <camera id="17" sensor_id="0" label="DSC00744.JPG">
        <transform>9.8269282440028483e-001 -1.8515200193422662e-001 -5.7921543435287045e-003 -4.6800366046497839e+000 -1.8523419946414951e-001 -9.8246529312444997e-001 -2.1218839618703807e-002 1.7742533275251141e+001 -1.7618799808126933e-003 2.1924506508397043e-002 -9.9975807663319050e-001 8.1083300581471374e-001 0 0 0 1</transform>
        <rotation_covariance>9.2363956787745599e-009 -7.6716091414632108e-010 -3.4525744320506232e-011 -7.6716091414632149e-010 3.7178252244625521e-009 7.8191823496880598e-011 -3.4525744320506252e-011 7.8191823496880585e-011 1.6621582973246134e-010</rotation_covariance>
        <location_covariance>1.8285940774478364e-006 4.8413319896691316e-008 4.1129157171462699e-007 4.8413319896691316e-008 6.6567327506131804e-006 -1.4310896332004187e-006 4.1129157171462699e-007 -1.4310896332004187e-006 1.2450678225446137e-006</location_covariance>
      </camera>
      <camera id="18" sensor_id="0" label="DSC00745.JPG">
        <transform>9.8268301916130441e-001 -1.8523003404382682e-001 -4.8906380101881083e-003 -2.9592457419735370e+000 -1.8529086794587524e-001 -9.8248817620355566e-001 -1.9603006812100122e-002 1.7582906487516276e+001 -1.1739283999348264e-003 2.0169732480471006e-002 -9.9979588105961814e-001 7.1933766554556733e-001 0 0 0 1</transform>
        <rotation_covariance>8.9358263248683635e-009 -7.3164575570461443e-010 -4.1505698646793490e-011 -7.3164575570461433e-010 3.7306019399150158e-009 7.2816065415323195e-011 -4.1505698646793477e-011 7.2816065415323208e-011 1.6424419426936681e-010</rotation_covariance>
        <location_covariance>1.8374398111640096e-006 1.6349756761506510e-007 3.8733638756760831e-007 1.6349756761506510e-007 6.4192592327997330e-006 -1.4650111831734702e-006 3.8733638756760831e-007 -1.4650111831734702e-006 1.1484411656693462e-006</location_covariance>
      </camera>
      <camera id="19" sensor_id="0" label="DSC00746.JPG">
        <transform>9.8270861058873982e-001 -1.8507982576253670e-001 -5.4078434201691190e-003 -1.8189888563988090e+000 -1.8515477948059841e-001 -9.8246080000851166e-001 -2.2101676002653847e-002 1.7576800302488870e+001 -1.2224198292689055e-003 2.2720795372177482e-002 -9.9974110205963662e-001 6.7176625611823226e-001 0 0 0 1</transform>
        <rotation_covariance>8.7142991461540532e-009 -7.2528666311357648e-010 -4.8969113165308755e-011 -7.2528666311357596e-010 3.6755813961521802e-009 7.9563203177045553e-011 -4.8969113165308742e-011 7.9563203177045553e-011 1.6331854815665283e-010</rotation_covariance>
        <location_covariance>1.8149464661185897e-006 2.3623200297543123e-007 3.5691154202216899e-007 2.3623200297543123e-007 6.2795187686382580e-006 -1.5077286376050282e-006 3.5691154202216899e-007 -1.5077286376050282e-006 1.1066257427883407e-006</location_covariance>
      </camera>
      <camera id="20" sensor_id="0" label="DSC00747.JPG">
        <transform>9.8273489446199980e-001 -1.8491195497170776e-001 -6.3004853228827203e-003 -3.3300288398149058e-001 -1.8500462261758899e-001 -9.8251558407866946e-001 -2.0890587657473716e-002 1.7489675718909762e+001 -2.3274056127399073e-003 2.1695528366284154e-002 -9.9976191527384239e-001 5.9792768443730615e-001 0 0 0 1</transform>
        <rotation_covariance>8.6360366430164562e-009 -6.7260953806351315e-010 -6.2333659261840151e-011 -6.7260953806351356e-010 3.6341825709424375e-009 8.2285035295088131e-011 -6.2333659261840176e-011 8.2285035295088144e-011 1.6381090253026650e-010</rotation_covariance>
        <location_covariance>1.8284492034616154e-006 3.7189685274069029e-007 3.0612067329852437e-007 3.7189685274069029e-007 6.1908583861637034e-006 -1.5386735997892984e-006 3.0612067329852437e-007 -1.5386735997892984e-006 1.0490258422507105e-006</location_covariance>
      </camera>
      <camera id="21" sensor_id="0" label="DSC00748.JPG">
        <transform>9.8274975280760646e-001 -1.8486184390850380e-001 -5.3872092346254324e-003 7.0762068945045165e-001 -1.8493532437407439e-001 -9.8252034987122916e-001 -2.1276463229900767e-002 1.7452258646852879e+001 -1.3598364775027614e-003 2.1905724267081560e-002 -9.9975911603200152e-001 5.8856511529432920e-001 0 0 0 1</transform>
        <rotation_covariance>8.6303107525598618e-009 -7.2120738178801629e-010 -4.8884930718524202e-011 -7.2120738178801608e-010 3.5598438320690859e-009 8.5453604512905888e-011 -4.8884930718524196e-011 8.5453604512905888e-011 1.6428017358042663e-010</rotation_covariance>
        <location_covariance>1.8142070810711011e-006 4.3614432960483528e-007 2.6279391465221600e-007 4.3614432960483528e-007 6.1927865562033186e-006 -1.5637559433135029e-006 2.6279391465221600e-007 -1.5637559433135029e-006 1.0183150848237325e-006</location_covariance>
      </camera>
      <camera id="22" sensor_id="0" label="DSC00749.JPG">
        <transform>9.8275205697980517e-001 -1.8485148849485755e-001 -5.3218139010427950e-003 2.2965258258735548e+000 -1.8492514042035429e-001 -9.8249166375137142e-001 -2.2645597796798474e-002 1.7499079067108177e+001 -1.0425653332166475e-003 2.3239144999282379e-002 -9.9972939098399438e-001 5.7311011065748219e-001 0 0 0 1</transform>
        <rotation_covariance>8.5278604641886668e-009 -6.9701464406974717e-010 -3.8114235866344933e-011 -6.9701464406974727e-010 3.4669296036556308e-009 8.6369130055033473e-011 -3.8114235866344926e-011 8.6369130055033486e-011 1.6731410357342449e-010</rotation_covariance>
        <location_covariance>1.8433860079743286e-006 5.7938553197190100e-007 1.8650958759898073e-007 5.7938553197190100e-007 6.1440575971720396e-006 -1.6216368099670421e-006 1.8650958759898073e-007 -1.6216368099670421e-006 9.9659739258126681e-007</location_covariance>
      </camera>
      <camera id="23" sensor_id="0" label="DSC00750.JPG">
        <transform>9.8277714709780617e-001 -1.8472697665568133e-001 -5.0023232551059289e-003 2.9640232116658312e+000 -1.8479125577506667e-001 -9.8256386796635087e-001 -2.0504564274261054e-002 1.7450648767885578e+001 -1.1273559203285695e-003 2.1075802776045718e-002 -9.9977724499309051e-001 5.5287523631470392e-001 0 0 0 1</transform>
        <rotation_covariance>8.5925679037896461e-009 -7.1487216663521247e-010 -3.1271201828470369e-011 -7.1487216663521257e-010 3.4854190932747952e-009 8.0189713047915696e-011 -3.1271201828470362e-011 8.0189713047915709e-011 1.6972335854344784e-010</rotation_covariance>
        <location_covariance>1.8891007743487352e-006 6.2721860960655580e-007 1.5131178984209808e-007 6.2721860960655580e-007 6.1699025398515773e-006 -1.6322979278300790e-006 1.5131178984209808e-007 -1.6322979278300790e-006 9.8107778520345647e-007</location_covariance>
      </camera>
      <camera id="24" sensor_id="0" label="DSC00751.JPG">
        <transform>9.8271430904472046e-001 -1.8507227086007552e-001 -4.5652335594068092e-003 4.0110979091874990e+000 -1.8512508768813254e-001 -9.8254821050826069e-001 -1.8102926157832863e-002 1.7420792127483672e+001 -1.1352124111050274e-003 1.8635143833884316e-002 -9.9982570616436550e-001 5.4402128638286595e-001 0 0 0 1</transform>
        <rotation_covariance>8.9157165453829690e-009 -6.6542393663991681e-010 -1.1470496496033497e-011 -6.6542393663991681e-010 3.5532106258762380e-009 6.3084726477252703e-011 -1.1470496496033502e-011 6.3084726477252703e-011 1.7582650134908970e-010</rotation_covariance>
        <location_covariance>2.0170299490057404e-006 7.6611435565582759e-007 8.7676429408703235e-008 7.6611435565582759e-007 6.3308438505799406e-006 -1.6750529593257504e-006 8.7676429408703235e-008 -1.6750529593257504e-006 9.7096325845872702e-007</location_covariance>
      </camera>
      <camera id="25" sensor_id="0" label="DSC00752.JPG">
        <transform>9.8256647773623762e-001 -1.8583453572558217e-001 -5.3518371295075973e-003 4.1898833850948032e+000 -1.8590003656445059e-001 -9.8241910550148226e-001 -1.7142857142362827e-002 1.7382878203374453e+001 -2.0720121474994977e-003 1.7838903478769395e-002 -9.9983872713970012e-001 4.7243204892288737e-001 0 0 0 1</transform>
        <rotation_covariance>8.9489026727427312e-009 -6.5895489094321663e-010 -1.1226621175935805e-011 -6.5895489094321715e-010 3.5355445567505839e-009 6.3777632402225066e-011 -1.1226621175935813e-011 6.3777632402225066e-011 1.7602344820618878e-010</rotation_covariance>
        <location_covariance>2.0110652724203443e-006 7.8745834404915540e-007 6.7757512610816482e-008 7.8745834404915540e-007 6.3113808555460507e-006 -1.6733959789917936e-006 6.7757512610816482e-008 -1.6733959789917936e-006 9.6313664363278526e-007</location_covariance>
      </camera>
      <camera id="26" sensor_id="0" label="DSC00753.JPG">
        <transform>9.8268539843345837e-001 -1.8520306507041145e-001 -5.4066990115394543e-003 4.0472963700403550e+000 -1.8526978820282891e-001 -9.8253693614475557e-001 -1.7212631714978093e-002 1.5022183139714372e+001 -2.1244493299127400e-003 1.7916299835665974e-002 -9.9983723321110773e-001 4.6074344747332208e-001 0 0 0 1</transform>
        <rotation_covariance>8.1245246645166043e-009 -6.3392881196164990e-010 -3.4131581339733047e-012 -6.3392881196164990e-010 3.4706995335796892e-009 7.4715617644931822e-011 -3.4131581339732925e-012 7.4715617644931835e-011 1.5727072760589964e-010</rotation_covariance>
        <location_covariance>1.9457783833489442e-006 6.1686800967981188e-007 1.0157051104039984e-007 6.1686800967981188e-007 5.4790886572994918e-006 -1.2720081583691321e-006 1.0157051104039984e-007 -1.2720081583691321e-006 6.5896243034558589e-007</location_covariance>
      </camera>
      <camera id="27" sensor_id="0" label="DSC00754.JPG">
        <transform>9.8258502701831596e-001 -1.8576075889368865e-001 -4.4277685865242739e-003 3.5520302882438290e+000 -1.8580478846926035e-001 -9.8249087575819338e-001 -1.3720773804404895e-002 1.5091866686486441e+001 -1.8014608817139546e-003 1.4304527504923368e-002 -9.9989606221424465e-001 5.0563912478471817e-001 0 0 0 1</transform>
        <rotation_covariance>8.2159437225480129e-009 -6.9693465268864007e-010 1.6767205067686619e-013 -6.9693465268864039e-010 3.4486779824868488e-009 6.1853210914128026e-011 1.6767205067685937e-013 6.1853210914128026e-011 1.5428999506704503e-010</rotation_covariance>
        <location_covariance>1.8934492848298483e-006 5.6596333353092537e-007 1.3333760174644459e-007 5.6596333353092537e-007 5.5610923475169318e-006 -1.2569925907976177e-006 1.3333760174644459e-007 -1.2569925907976177e-006 6.7015470407602382e-007</location_covariance>
      </camera>
      <camera id="28" sensor_id="0" label="DSC00755.JPG">
        <transform>9.8247799236711897e-001 -1.8624911648792622e-001 -6.9470225091635904e-003 1.6207904379180387e+000 -1.8632348837920729e-001 -9.8241142059524589e-001 -1.2302778638762999e-002 1.5231470614501237e+001 -4.5334526003184116e-003 1.3381602725305178e-002 -9.9990018527652191e-001 5.5600709557306827e-001 0 0 0 1</transform>
        <rotation_covariance>8.3434013463745025e-009 -7.7192991932509010e-010 -3.6867587296609772e-011 -7.7192991932509010e-010 3.5753804782489250e-009 6.6379111755592930e-011 -3.6867587296609779e-011 6.6379111755592918e-011 1.5028442996641156e-010</rotation_covariance>
        <location_covariance>1.8376754792270610e-006 3.9676227753659369e-007 2.3934256723231458e-007 3.9676227753659369e-007 5.6687665917110438e-006 -1.2415143974443356e-006 2.3934256723231458e-007 -1.2415143974443356e-006 7.1383649908553444e-007</location_covariance>
      </camera>
      <camera id="29" sensor_id="0" label="DSC00756.JPG">
        <transform>9.8245728699753987e-001 -1.8637820836019720e-001 -6.3908273233628148e-003 -1.5200701669459013e-001 -1.8644014271821047e-001 -9.8240384449214702e-001 -1.1079689086914625e-002 1.5263342759719238e+001 -4.2133607307499104e-003 1.2076828039361592e-002 -9.9991819556194705e-001 5.8370765274675851e-001 0 0 0 1</transform>
        <rotation_covariance>8.4550115921607852e-009 -7.0735185798024090e-010 -3.9158325280036232e-011 -7.0735185798024090e-010 3.7788492067405775e-009 6.7477542081571691e-011 -3.9158325280036232e-011 6.7477542081571678e-011 1.4990440194611744e-010</rotation_covariance>
        <location_covariance>1.8931875689893132e-006 2.9612262447538980e-007 3.2904794842669948e-007 2.9612262447538980e-007 5.7207040491707871e-006 -1.2006871238344198e-006 3.2904794842669948e-007 -1.2006871238344198e-006 7.5963232588726886e-007</location_covariance>
      </camera>
      <camera id="30" sensor_id="0" label="DSC00757.JPG">
        <transform>9.8241036255920611e-001 -1.8664292314173322e-001 -5.8565158070009215e-003 -2.1042920786302699e+000 -1.8669712039254663e-001 -9.8235890955274030e-001 -1.0731172325609417e-002 1.5249610633359914e+001 -3.7503031103543983e-003 1.1635809531787772e-002 -9.9992526878918331e-001 6.1669254870360912e-001 0 0 0 1</transform>
        <rotation_covariance>8.6846244847561010e-009 -8.1546177016523566e-010 -1.9984264977658674e-011 -8.1546177016523566e-010 3.9051711350052545e-009 6.8655593444441889e-011 -1.9984264977658680e-011 6.8655593444441901e-011 1.4861144520301609e-010</rotation_covariance>
        <location_covariance>1.8998570308923117e-006 1.2036512609034481e-007 3.9805706512306494e-007 1.2036512609034481e-007 5.8565861306894876e-006 -1.1495009791023229e-006 3.9805706512306494e-007 -1.1495009791023229e-006 8.1775936633096893e-007</location_covariance>
      </camera>
      <camera id="31" sensor_id="0" label="DSC00758.JPG">
        <transform>9.8239794642710387e-001 -1.8672437195623612e-001 -5.3182490875579493e-003 -4.3560649744703266e+000 -1.8677389146964948e-001 -9.8233881499440812e-001 -1.1223458498409167e-002 1.5340011364256814e+001 -3.1286292672244348e-003 1.2019212658535110e-002 -9.9992287212863429e-001 7.0580555508914056e-001 0 0 0 1</transform>
        <rotation_covariance>9.4453156202941956e-009 -6.7892513892018148e-010 7.4934333080652818e-012 -6.7892513892018169e-010 3.7043474106212339e-009 7.7635624550767286e-011 7.4934333080652737e-012 7.7635624550767299e-011 1.4778359351769714e-010</rotation_covariance>
        <location_covariance>1.8174840836666930e-006 1.4769408949385661e-007 4.3033352642271862e-007 1.4769408949385661e-007 6.2556643411466631e-006 -1.0856705596729517e-006 4.3033352642271862e-007 -1.0856705596729517e-006 9.1389494358808843e-007</location_covariance>
      </camera>
      <camera id="32" sensor_id="0" label="DSC00759.JPG">
        <transform>9.8241037224083105e-001 -1.8664809444467231e-001 -5.6876492337259218e-003 -6.0774202066856837e+000 -1.8671451135730280e-001 -9.8229646657710390e-001 -1.5209963798124006e-002 1.5487874243115431e+001 -2.7480469859266499e-003 1.6004392844131431e-002 -9.9986814513087363e-001 7.7837231199788748e-001 0 0 0 1</transform>
        <rotation_covariance>1.1988647111684157e-008 -9.8906909735920490e-010 1.2339598011041834e-011 -9.8906909735920490e-010 3.8742567223554788e-009 1.0783034476944883e-010 1.2339598011041822e-011 1.0783034476944883e-010 1.5707368633010338e-010</rotation_covariance>
        <location_covariance>1.9005978709538190e-006 1.2230413789762588e-007 4.2749125606873426e-007 1.2230413789762588e-007 7.7284000008162420e-006 -9.6993697524420426e-007 4.2749125606873426e-007 -9.6993697524420426e-007 1.0196777858138339e-006</location_covariance>
      </camera>
      <camera id="33" sensor_id="0" label="DSC00760.JPG">
        <transform>9.8237142766584795e-001 -1.8686965499296046e-001 -5.1098090547079681e-003 -7.4792476199414830e+000 -1.8693187899527433e-001 -9.8221119287738545e-001 -1.7822603672854712e-002 1.5629129142380462e+001 -1.6884078475777489e-003 1.8463602822728496e-002 -9.9982810755136542e-001 8.3107433252597496e-001 0 0 0 1</transform>
        <rotation_covariance>1.2817273751578458e-008 -1.3333423448531482e-009 6.5382994131735990e-012 -1.3333423448531484e-009 4.3235060346023192e-009 1.3298456557217092e-010 6.5382994131736023e-012 1.3298456557217092e-010 1.6493855794526792e-010</rotation_covariance>
        <location_covariance>2.1130406811979944e-006 -1.0387171292175485e-007 4.1906465723491273e-007 -1.0387171292175485e-007 8.2907838482037319e-006 -9.1812532494202982e-007 4.1906465723491273e-007 -9.1812532494202982e-007 1.1225894024294571e-006</location_covariance>
      </camera>
      <camera id="34" sensor_id="0" label="DSC00761.JPG">
        <transform>9.8240342926377655e-001 -1.8669544365935731e-001 -5.3210419662964702e-003 -8.9306878630028574e+000 -1.8675949934088670e-001 -9.8226250372983481e-001 -1.6770902549878005e-002 1.5658478226890770e+001 -2.0956089121485738e-003 1.7469547310446146e-002 -9.9984519968845953e-001 8.8439325708816774e-001 0 0 0 1</transform>
        <rotation_covariance>1.1789224704970920e-008 -1.2537937545297906e-009 -7.1058704972991707e-013 -1.2537937545297906e-009 4.3350083016528853e-009 1.3908164839281098e-010 -7.1058704972992525e-013 1.3908164839281101e-010 1.6048814004870713e-010</rotation_covariance>
        <location_covariance>2.1458752597292075e-006 -2.6136711948348614e-007 4.3572185548633052e-007 -2.6136711948348614e-007 7.7691322951068844e-006 -9.1107639568453484e-007 4.3572185548633052e-007 -9.1107639568453484e-007 1.2155424372364568e-006</location_covariance>
      </camera>
      <camera id="35" sensor_id="0" label="DSC00762.JPG">
        <transform>9.8238579580042751e-001 -1.8679992522902369e-001 -4.8924578681097484e-003 -1.0356614869782913e+001 -1.8685787498423698e-001 -9.8222862071658679e-001 -1.7637210708234940e-002 1.5664516170002280e+001 -1.5108825021606280e-003 1.8240739557994105e-002 -9.9983248229613053e-001 9.5948096342100253e-001 0 0 0 1</transform>
        <rotation_covariance>1.1584176610767458e-008 -1.2836897748985710e-009 1.6175632485950607e-011 -1.2836897748985710e-009 4.3378253652927823e-009 1.4636827867758291e-010 1.6175632485950607e-011 1.4636827867758291e-010 1.6066745605924304e-010</rotation_covariance>
        <location_covariance>2.1867460337538159e-006 -3.9274775391535978e-007 4.3842477943706387e-007 -3.9274775391535978e-007 7.7236606752751477e-006 -8.9831676606908494e-007 4.3842477943706387e-007 -8.9831676606908494e-007 1.3190511734580051e-006</location_covariance>
      </camera>
      <camera id="36" sensor_id="0" label="DSC00763.JPG">
        <transform>9.8234793715286450e-001 -1.8701393753870080e-001 -4.2798992725859835e-003 -1.1817628338196979e+001 -1.8706087620551129e-001 -9.8218669199591246e-001 -1.7819389982630912e-002 1.5700136788386091e+001 -8.7118582342745254e-004 1.8305442698761151e-002 -9.9983206179981221e-001 9.7449751853543454e-001 0 0 0 1</transform>
        <rotation_covariance>1.1048492397009734e-008 -1.3133108279420026e-009 4.3251835736024183e-011 -1.3133108279420028e-009 4.4225455284994716e-009 1.5161878649320781e-010 4.3251835736024177e-011 1.5161878649320781e-010 1.6216410622908141e-010</rotation_covariance>
        <location_covariance>2.2751097400880887e-006 -5.6541420911798142e-007 4.3119306578540118e-007 -5.6541420911798142e-007 7.4572585196920002e-006 -8.7464467106407381e-007 4.3119306578540118e-007 -8.7464467106407381e-007 1.4377903265698879e-006</location_covariance>
      </camera>
      <camera id="37" sensor_id="0" label="DSC00764.JPG">
        <transform>9.8239421366699808e-001 -1.8677664389516391e-001 -4.0117638090016918e-003 -1.3301176141691682e+001 -1.8681937892474137e-001 -9.8220709332141642e-001 -1.9176691249229359e-002 1.5767287192881703e+001 -3.5862483738678804e-004 1.9588545743711935e-002 -9.9980806171178305e-001 1.0047080760717468e+000 0 0 0 1</transform>
        <rotation_covariance>1.1413763000853723e-008 -1.2116670447050596e-009 6.9865498781460401e-011 -1.2116670447050600e-009 4.7325882164161722e-009 1.7419462730700675e-010 6.9865498781460401e-011 1.7419462730700678e-010 1.6863874007380045e-010</rotation_covariance>
        <location_covariance>2.5542030225763189e-006 -6.0190114354426147e-007 4.1912396622342092e-007 -6.0190114354426147e-007 7.6673887305609154e-006 -8.2390075543763529e-007 4.1912396622342092e-007 -8.2390075543763529e-007 1.5793941807211659e-006</location_covariance>
      </camera>
      <camera id="38" sensor_id="0" label="DSC00765.JPG">
        <transform>9.8235921396375847e-001 -1.8697067459621133e-001 -3.5130587162795863e-003 -1.4509055279424608e+001 -1.8700315662827985e-001 -9.8222739185573127e-001 -1.6098760801592303e-002 1.5733930661313135e+001 -4.4062633309058436e-004 1.6471719076207557e-002 -9.9986423494347931e-001 1.0533055300832046e+000 0 0 0 1</transform>
        <rotation_covariance>1.1148399765217530e-008 -1.2992827928551592e-009 7.0487893214909070e-011 -1.2992827928551587e-009 4.6725246738477905e-009 1.6406179838528464e-010 7.0487893214909044e-011 1.6406179838528467e-010 1.6607138297038136e-010</rotation_covariance>
        <location_covariance>2.5796106227094587e-006 -7.5061081529407662e-007 4.1348889450552789e-007 -7.5061081529407662e-007 7.5648367468577971e-006 -7.9127499441315649e-007 4.1348889450552789e-007 -7.9127499441315649e-007 1.6896919112552556e-006</location_covariance>
      </camera>
      <camera id="39" sensor_id="0" label="DSC00766.JPG">
        <transform>9.8238893413333472e-001 -1.8682168073209371e-001 -3.1051088236610626e-003 -1.6507108087429543e+001 -1.8684748047763239e-001 -9.8225026302437346e-001 -1.6505751352481651e-002 1.5844540551144929e+001 3.3638250656268642e-005 1.6795249238544228e-002 -9.9985894928808994e-001 1.1236083430209773e+000 0 0 0 1</transform>
        <rotation_covariance>1.1579834200169799e-008 -1.5218217567645008e-009 7.8384161090764031e-011 -1.5218217567645014e-009 4.9087150882477037e-009 1.7632257731074890e-010 7.8384161090764031e-011 1.7632257731074893e-010 1.7251725618405682e-010</rotation_covariance>
        <location_covariance>2.8335882207692943e-006 -9.9476391525357589e-007 3.8168263012052598e-007 -9.9476391525357589e-007 7.9182867647659413e-006 -7.3529985678888041e-007 3.8168263012052598e-007 -7.3529985678888041e-007 1.9173955600377383e-006</location_covariance>
      </camera>
      <camera id="40" sensor_id="0" label="DSC00767.JPG">
        <transform>9.8237251335653286e-001 -1.8691847895826724e-001 -2.3931622381067365e-003 -1.7382800146763536e+001 -1.8693231143127415e-001 -9.8223312894833537e-001 -1.6564761976075079e-002 1.5866932690194890e+001 7.4561687965711359e-004 1.6720126204388924e-002 -9.9985993090791381e-001 1.1512612041723338e+000 0 0 0 1</transform>
        <rotation_covariance>1.1176505904140411e-008 -1.6203772326155157e-009 8.1266488129400254e-011 -1.6203772326155153e-009 4.8613826808858752e-009 1.7146463538618831e-010 8.1266488129400241e-011 1.7146463538618831e-010 1.7146610305766608e-010</rotation_covariance>
        <location_covariance>2.8695789514079561e-006 -1.1498546331621171e-006 3.6401974575350233e-007 -1.1498546331621171e-006 7.7361993823807297e-006 -7.3317201656623290e-007 3.6401974575350233e-007 -7.3317201656623290e-007 2.0175482190897616e-006</location_covariance>
      </camera>
      <camera id="41" sensor_id="0" label="DSC00768.JPG">
