# Cameras (554)
# PhotoID, X, Y, Z, Omega, Phi, Kappa, r11, r12, r13, r21, r22, r23, r31, r32, r33
_DSC0557.JPG	2693753.3383754883000000	1256231.3589546031000000	568.8403797961444800	-3.0366788589068934	-2.6537100769389599	54.2426145934019740	0.5837276148506296	0.8117924396103299	-0.0159720584867405	-0.8106284199928202	0.5815433563514728	-0.0684754655581700	-0.0462994207386989	0.0529184247211965	0.9975249390187135
_DSC0558.JPG	2693753.4316166397000000	1256231.2986711573000000	568.8150008646407500	-2.9783682051026834	-2.7025224520790756	54.2444207555719020	0.5836788005504390	0.8118524457012903	-0.0146514230310240	-0.8106145169145432	0.5815512690860067	-0.0685727817129876	-0.0471504268846219	0.0519011351830481	0.9975385252767480
_DSC0559.JPG	2693753.1115871202000000	1256230.9945912722000000	573.4318601833833800	-2.8002471674565474	-3.0126636293621649	54.3117701415793450	0.5825681179145646	0.8127314314837523	-0.0090558416424158	-0.8110808738950441	0.5805923629359158	-0.0711359550588956	-0.0525566740874365	0.0487865594079018	0.9974255198409585
_DSC0560.JPG	2693753.0330254026000000	1256230.9739826340000000	573.5043049932933200	-2.7822986493914774	-2.9957232539343517	54.3261446132781880	0.5823736506467417	0.8128715104110414	-0.0089910285540194	-0.8112395919362225	0.5804223427821859	-0.0707122936581035	-0.0522614150931463	0.0484748549385238	0.9974562310854301
_DSC0561.JPG	2693753.0382380281000000	1256230.8973459548000000	579.1710901587074400	-2.7068152172570090	-3.2387938082717613	54.4045562839089030	0.5811286101722084	0.8137927890002307	-0.0055529281053600	-0.8118482426620789	0.5792393198027124	-0.0733773894397009	-0.0564975161030282	0.0471498352671238	0.9972887865149549
_DSC0562.JPG	2693752.9454275239000000	1256230.8401538229000000	579.3284838948579800	-2.6666829701904242	-3.2581534866314601	54.4532970647329930	0.5804266397611190	0.8142981040726595	-0.0048490781895632	-0.8123267287052696	0.5785853081220639	-0.0732415664516521	-0.0568348633024756	0.0464503921293371	0.9973024412806878
_DSC0563.JPG	2693752.8484299984000000	1256230.6102647432000000	584.8800745419077900	-2.5847549313908336	-3.3532020603305916	54.5330379605499470	0.5792400256563060	0.8151521387017533	-0.0028254995380417	-0.8130558369671365	0.5774947555322232	-0.0737564458637133	-0.0584910134238682	0.0450199744861681	0.9972722813985725
_DSC0564.JPG	2693724.5449792538000000	1256256.0850877208000000	584.0150618898272800	-2.4786343130516402	-2.9207388360009934	127.3063506214139100	-0.6052892600976573	0.7933265794113286	-0.0652522031042034	-0.7943730592407508	-0.6072623035916291	-0.0142806648682236	-0.0509544341831149	0.0431906591302955	0.9977666122901534
_DSC0565.JPG	2693726.1297240630000000	1256255.6967077295000000	583.9138698180827300	-1.5220091754111846	-2.9981051100605303	144.7949727618552600	-0.8159759324106446	0.5751654987557309	-0.0580338415724033	-0.5757149305823419	-0.8176069318678203	-0.0084394114876971	-0.0523029294700420	0.0265245924146122	0.9982789437657647
_DSC0566.JPG	2693727.8517710082000000	1256254.5175018322000000	583.8096743172254700	-1.0743989147053667	-2.9820857770779088	147.7522748354091100	-0.8446037358188285	0.5326621162709768	-0.0539962899707300	-0.5328583883146049	-0.8461208144923871	-0.0118955994174769	-0.0520237200096262	0.0187253083409662	0.9984702776667394
_DSC0567.JPG	2693729.4215638116000000	1256252.8590107488000000	583.7331275210565300	-0.5624154939946078	-2.9963063844547566	149.2488433827316500	-0.8582212152054224	0.5108448541695291	-0.0499387699071668	-0.5106114254777580	-0.8596170353281103	-0.0182900176402924	-0.0522715787297447	0.0098024253235240	0.9985847958560539
_DSC0568.JPG	2693730.7665577307000000	1256251.3294280039000000	583.6402715710794400	-0.1073575622303517	-3.0362242059451194	150.1928542306031900	-0.8664854238351372	0.4969951928133551	-0.0468912422703714	-0.4963844017006686	-0.8677512761511264	-0.0247032080176011	-0.0529673109522426	0.0018711115701609	0.9985944937320557
_DSC0569.JPG	2693732.1642282214000000	1256249.8936883989000000	583.5661427223703900	0.3086705243847059	-2.9780432343100327	151.1931004504105300	-0.8750653024990616	0.4820974536988561	-0.0429273980029670	-0.4812084529228791	-0.8761010789690920	-0.0297543990825253	-0.0519532597417601	-0.0053800154528151	0.9986350255403285
_DSC0570.JPG	2693733.4402206894000000	1256248.6250993747000000	583.4894433632857700	0.7193745920127400	-2.9771836433828955	152.0937832686296400	-0.8825221006216397	0.4685650760669107	-0.0400188881002213	-0.4673940064495566	-0.8833400044955180	-0.0354016834753683	-0.0519382773048878	-0.0125381796234054	0.9985715845157681
_DSC0571.JPG	2693734.7424074654000000	1256247.3839572165000000	583.4593130895908600	1.0622303462285980	-3.0413623631004389	153.0608605206843400	-0.8902325899186311	0.4538428026018857	-0.0388927547652754	-0.4524056864987157	-0.8908894473309937	-0.0405596777341993	-0.0530568626135344	-0.0185122435361706	0.9984198847022557
_DSC0572.JPG	2693736.1246251278000000	1256246.2778923877000000	583.4433053386610500	1.3273610910947125	-3.0309902383480112	154.0558415850187800	-0.8979629273874413	0.4384789805051678	-0.0374000627395964	-0.4368829365518783	-0.8984436979220748	-0.0439570405500075	-0.0528760889966722	-0.0231323435746736	0.9983331176982756
_DSC0573.JPG	2693737.5497850142000000	1256245.1858148500000000	583.4115795635099200	1.6785054110925191	-2.9498381980272357	154.0556677701459900	-0.8980280457712849	0.4386654247251668	-0.0334406064373317	-0.4369179875475920	-0.8981742256761280	-0.0488439606138817	-0.0514616475209383	-0.0292524440308436	0.9982464592236995
_DSC0574.JPG	2693739.0210060105000000	1256244.0896269642000000	583.3785064929231800	1.9730990116395228	-2.9488698126145496	153.7910937938754900	-0.8960017083352792	0.4429726230078443	-0.0309223855129455	-0.4410605111150587	-0.8958755210732694	-0.0535973532613472	-0.0514447683946956	-0.0343846769251798	0.9980837288512259
_DSC0575.JPG	2693740.4089312833000000	1256243.0026654687000000	583.3606907264497700	2.2406904677725281	-2.9691066817329030	153.2283103417267700	-0.8916099935643999	0.4519001200625742	-0.0285989661267904	-0.4498317892620424	-0.8912136508488225	-0.0582201847302340	-0.0517974974820167	-0.0390449744287833	0.9978940370733038
_DSC0576.JPG	2693741.8418227434000000	1256241.8654973067000000	583.3868237392447300	2.3725212408577905	-3.0430642363351690	153.5365988273602200	-0.8939568628143287	0.4472114027372651	-0.0290359895462648	-0.4449976948165746	-0.8934725080044632	-0.0606953791334206	-0.0530865240442198	-0.0413381023026328	0.9977339235802898
_DSC0577.JPG	2693743.1176940035000000	1256240.7380258255000000	583.3668384254659700	2.6041195232170105	-3.0459231338189805	153.1119968086565600	-0.8906322362455631	0.4539341795860143	-0.0267951556031894	-0.4516090654367235	-0.8898793552527218	-0.0645289478479975	-0.0531363507929920	-0.0453706259442473	0.9975560307701173
_DSC0578.JPG	2693744.3454780523000000	1256239.6058840379000000	583.3905021176924500	2.6650899447290626	-3.0189927260654859	153.3062937296417400	-0.8921807882655992	0.4509228793268896	-0.0261150904520931	-0.4485974027732865	-0.8913543102877231	-0.0651756377533767	-0.0526669846757459	-0.0464332901165223	0.9975320236935351
_DSC0579.JPG	2693745.8410738669000000	1256238.3475937971000000	583.3379432441182600	2.7556087790377441	-2.9893959545656008	153.2236502086406900	-0.8915569723516978	0.4522265049338483	-0.0248465950663277	-0.4498960150165676	-0.8906100052759743	-0.0663882080985873	-0.0521511334803573	-0.0480104857051596	0.9974844623045857
_DSC0580.JPG	2693747.2883485891000000	1256237.1237720659000000	583.3313288090672600	2.9197488287532805	-2.9865602626023686	152.9370986689058900	-0.8892980785420364	0.4567411219614675	-0.0231619302050252	-0.4543504588552694	-0.8881441294594263	-0.0690338021896799	-0.0521017086039226	-0.0508679940251064	0.9973454061379208
_DSC0581.JPG	2693748.7627625018000000	1256235.9787550166000000	583.3374182690056400	3.0671320830770492	-2.9864204176037048	152.7131217299838700	-0.8875152839607080	0.4602667454498055	-0.0217058464287389	-0.4578234230360108	-0.8861712040508631	-0.0714024539538625	-0.0520992711631726	-0.0534333242844543	0.9972113847124782
_DSC0582.JPG	2693750.1640403327000000	1256234.9140837737000000	583.3609673843055800	3.0646004936425144	-2.9620886432999556	152.6454865272332000	-0.8869937958546146	0.4612914179574619	-0.0212657902325894	-0.4588809023531210	-0.8856408349545172	-0.0711943039621246	-0.0516751736427411	-0.0533904409034092	0.9972357480802281
_DSC0583.JPG	2693751.5318315905000000	1256233.8870155730000000	583.3684044210795000	3.1541216920879034	-2.8972427918752546	152.5269877302531000	-0.8860941664047506	0.4630993607015096	-0.0193935654618442	-0.4607410806965846	-0.8846012068407554	-0.0720996630673275	-0.0505448792857663	-0.0549516785342568	0.9972088688957068
_DSC0584.JPG	2693752.9725291729000000	1256232.8472903119000000	583.3891637315418800	3.2001686019726066	-2.9226615364080679	152.3215020729464000	-0.8844161241472222	0.4663060417895326	-0.0191518860424718	-0.4639055383433165	-0.8828648870529222	-0.0730838060272512	-0.0509879480152189	-0.0557518304597260	0.9971418969021344
_DSC0585.JPG	2693754.4469285551000000	1256231.7986916464000000	583.3662577694109400	3.2227527490094983	-2.8435055770449185	152.2016399776580600	-0.8835051736890686	0.4680907986246720	-0.0175958036919637	-0.4657871166759663	-0.8818947326337588	-0.0728288575464465	-0.0496081646842391	-0.0561487737688733	0.9971892223650000
_DSC0586.JPG	2693755.8533181101000000	1256230.6138346496000000	583.3618761412323000	3.3147429474768861	-2.8349332410766976	152.0910835657749700	-0.8826113080834345	0.4698113908530837	-0.0165691239339938	-0.4674945054089852	-0.8808758013473216	-0.0742072099807188	-0.0494587328553483	-0.0577501482717215	0.9971051870885728
_DSC0587.JPG	2693757.3119785450000000	1256229.5271689699000000	583.3375606155010500	3.3287522198978339	-2.8101900022054203	151.9278421603377500	-0.8812945529331260	0.4723010707348113	-0.0158622051793536	-0.4700172597389299	-0.8795272920781252	-0.0742665337633843	-0.0490274057839939	-0.0579951814590781	0.9971122667030129
_DSC0588.JPG	2693758.8037934545000000	1256228.3250648631000000	583.3350566250699100	3.2031271794476570	-2.7721650484087785	151.5773852666729900	-0.8784315868704121	0.4776044375929325	-0.0158728819018079	-0.4754143657751149	-0.8768005342948049	-0.0721249185440792	-0.0483645324899846	-0.0558106105672033	0.9972692954990349
_DSC0589.JPG	2693759.1431851331000000	1256228.1784067985000000	583.3475890609419100	3.2111820139037541	-2.6256145257089956	150.9846499353471400	-0.8735717427583463	0.4865263463002810	-0.0128267146941501	-0.4845347175658211	-0.8718720469636266	-0.0711705079149080	-0.0458095811763825	-0.0559575560505954	0.9973816893212391
_DSC0590.JPG	2693760.3433721513000000	1256231.1353872339000000	583.4884690850728900	3.2833575803422645	-2.6235552133041002	151.2966309585677300	-0.8761985611280683	0.4817861900289149	-0.0125757136785480	-0.4797716664853371	-0.8744190210196531	-0.0721839574761186	-0.0457736770970479	-0.0572140085683051	0.9973120513202280
_DSC0591.JPG	2693759.2637007423000000	1256231.7662679642000000	583.5239630233102200	3.0052835683831431	-2.3501528539794383	150.8800690847118600	-0.8728681917527934	0.4878481750642829	-0.0102605025538527	-0.4862299812148082	-0.8713553122349020	-0.0657291807941021	-0.0410064043053724	-0.0523839472211258	0.9977847447618541
_DSC0592.JPG	2693757.7438104935000000	1256233.0705183642000000	583.4636774232096700	3.1764855319060912	-2.3813369154883732	151.1943653269864300	-0.8755025760872113	0.4831170193333211	-0.0096532323676594	-0.4814237423852475	-0.8738036313273527	-0.0685448331161042	-0.0415502049626597	-0.0553638827180640	0.9976013336789109
_DSC0593.JPG	2693756.1794772930000000	1256234.3630130007000000	583.4683995673740400	3.0696669072926959	-2.3010835846483779	151.0139795656660900	-0.8740326122924648	0.4857816432500811	-0.0091207308074010	-0.4842054468809181	-0.8724409420916580	-0.0662713193853173	-0.0401506894095238	-0.0535069868659387	0.9977599533437230
_DSC0594.JPG	2693754.6292722058000000	1256235.6663191321000000	583.4507748864927000	3.1691931174796930	-2.3138927080298495	150.8097101617835000	-0.8722929267565469	0.4889144291951781	-0.0082298757737336	-0.4873140511433253	-0.8705809957153490	-0.0679245571023650	-0.0403740695097487	-0.0552395766097598	0.9976565158846988
_DSC0595.JPG	2693753.1332569253000000	1256236.8651778239000000	583.4516240239428300	3.1069088264726812	-2.2886607328824748	150.7792081482533600	-0.8720488092023396	0.4893478124788769	-0.0083422293734741	-0.4877869888871165	-0.8704055651253597	-0.0667682984000870	-0.0399340436372437	-0.0541559841655696	0.9977336325582280
_DSC0596.JPG	2693751.7057869583000000	1256237.9577852841000000	583.4303145056948100	3.1684781665872035	-2.3260951874889022	150.6186951218968800	-0.8706559421334825	0.4918242348113049	-0.0081946616728371	-0.4902151941161846	-0.8689412748064392	-0.0680450174178235	-0.0405868683848456	-0.0552266510847380	0.9976485970143375
_DSC0597.JPG	2693750.3342672568000000	1256238.9269339587000000	583.4292274707013300	3.2512129889109138	-2.3868855252809835	150.5744990653513500	-0.8702395505605973	0.4925579706555334	-0.0083528548288960	-0.4908652107680724	-0.8684329307544348	-0.0698254225828846	-0.0416469626468152	-0.0566647185201320	0.9975242554330842
_DSC0598.JPG	2693748.7644488737000000	1256239.9529245801000000	583.3843718042679700	3.2387993837373279	-2.3667436402720869	150.4502772294167100	-0.8691859536358001	0.4944205920822420	-0.0080035071855840	-0.4927579946329995	-0.8673878839495396	-0.0694824978163934	-0.0412957228716130	-0.0564494189747401	0.9975510645425254
_DSC0599.JPG	2693747.3014672194000000	1256241.0370998103000000	583.3667809298666500	3.3047011014548411	-2.3437347823147201	150.3283885370200900	-0.8681500535147368	0.4962533276138476	-0.0069368158792677	-0.4946141182193357	-0.8662650505042420	-0.0702974845424238	-0.0408944817850533	-0.0575977178980827	0.9975019520043382
_DSC0600.JPG	2693746.1179188620000000	1256242.1877926383000000	583.3212925789098300	3.2429354506403785	-2.2924502262322699	150.2522325592675800	-0.8675232920716890	0.4973527124343551	-0.0066043279210570	-0.4957855658637706	-0.8657050712128984	-0.0689304167796180	-0.0400001299277856	-0.0565244116330366	0.9975996093099171
_DSC0601.JPG	2693744.8348941933000000	1256243.2811424350000000	583.3198538563052600	3.2645866013601030	-2.2345959378817026	150.1273708849948000	-0.8664753754721841	0.4991906955263083	-0.0053919570007406	-0.4976947984067247	-0.8646216649461940	-0.0687696455172008	-0.0389911700161278	-0.0569036554681043	0.9976179943521170
_DSC0602.JPG	2693743.6050447281000000	1256244.3245756745000000	583.3349053947895300	3.2471545537891111	-2.1544068773581544	150.0143812461228700	-0.8655386353217995	0.5008245565288579	-0.0041993264876186	-0.4994293390219576	-0.8636960374542442	-0.0678195415048460	-0.0375926334454878	-0.0566031665502057	0.9976887668241650
_DSC0603.JPG	2693742.2728603166000000	1256245.3640949703000000	583.3556706625971600	3.2215107201209241	-2.1172006404026011	149.9389828140813800	-0.8649016072726660	0.5019272524385392	-0.0037739894882655	-0.5005800353483528	-0.8630847663280176	-0.0671141888362869	-0.0369437132378429	-0.0561579860038653	0.9977381633776415
_DSC0604.JPG	2693740.8244511597000000	1256246.3405906202000000	583.3805060376455500	3.1448729449099715	-2.0643458118157825	149.7884858531687400	-0.8636128516302427	0.5041435862811382	-0.0034766234586782	-0.5028670498120592	-0.8618778561738952	-0.0655079479941639	-0.0360218366049856	-0.0548252263897124	0.9978459910421651
_DSC0605.JPG	2693739.2822730951000000	1256247.3757841489000000	583.3562479582814100	3.2481866889077771	-2.1382879166124540	149.6701176938720400	-0.8625312862456701	0.5059913496993335	-0.0035403780641402	-0.5046262300699868	-0.8606780658495369	-0.0677173160340319	-0.0373115018826965	-0.0566217360644085	0.9976982664274356
_DSC0606.JPG	2693737.6884332523000000	1256248.4094742248000000	583.3539338113374700	3.3930700191130820	-2.2787641468994893	149.6991271085717000	-0.8627050976417485	0.5056881308847591	-0.0044078095716058	-0.5041417869737004	-0.8606870005633081	-0.0711262658115859	-0.0397614528143131	-0.0591388310978079	0.9974575808155853
_DSC0607.JPG	2693736.2261495478000000	1256249.3874508759000000	583.3432175141740600	3.4192639991680109	-2.3226037413211968	149.5957265166578300	-0.8617673866658679	0.5072818024584088	-0.0047057596228947	-0.5056823272763125	-0.8597173064605714	-0.0719133982828807	-0.0405259812896951	-0.0595930018267914	0.9973997789120364
_DSC0608.JPG	2693734.6078893673000000	1256250.4683249276000000	583.3549970922753100	3.4802669902222361	-2.4201835755586303	149.5686465662336100	-0.8614675271758115	0.5077818305055890	-0.0055957331946659	-0.5060538789583364	-0.8593480751919665	-0.0736909577565911	-0.0422276119714758	-0.0606506246650110	0.9972654263108345
_DSC0609.JPG	2693733.1634545773000000	1256251.5583362600000000	583.3594593892472600	3.5670852327263800	-2.4900068852797381	149.4861510778458200	-0.8606930363401302	0.5090916024490921	-0.0057651982986855	-0.5072672047454615	-0.8584649499249311	-0.0756168813170146	-0.0434451399506701	-0.0621584271535348	0.9971202784762054
_DSC0610.JPG	2693731.7606020551000000	1256252.6809402918000000	583.3727856463459600	3.5300759499488805	-2.4350879213944712	149.4588472300640400	-0.8604866747360940	0.5094460489446675	-0.0052350564741414	-0.5076982314625729	-0.8583008779821763	-0.0745795456194326	-0.0424875084159504	-0.0615168762998658	0.9972013264927556
_DSC0611.JPG	2693730.4597612508000000	1256253.7751721663000000	583.3428627096178600	3.5928090896745415	-2.4328513205181079	149.4452678535965300	-0.8603677512269995	0.5096527584773380	-0.0046258431703103	-0.5079029994521570	-0.8580991822688850	-0.0755005730903609	-0.0424485075838697	-0.0626087786649074	0.9971350284881133
_DSC0612.JPG	2693729.0798655525000000	1256254.8629923698000000	583.2974241003083800	3.6445014821411830	-2.4545646104981520	149.3590676656870900	-0.8595887470634864	0.5109677419102148	-0.0043763739558812	-0.5091885925100704	-0.8572507124728999	-0.0764734805165787	-0.0428271313472981	-0.0635073436059368	0.9970620111751718
_DSC0613.JPG	2693727.7732480876000000	1256255.9848089870000000	583.2868249650771300	3.6907390060074889	-2.4745673281361733	149.4292845334816500	-0.8601991942223668	0.5099395569175172	-0.0043582737358667	-0.5081271357096892	-0.8578028595273791	-0.0773373657562674	-0.0431759217001485	-0.0643109825567768	0.9969954550086597
_DSC0614.JPG	2693726.3669037856000000	1256257.2132302464000000	583.2805103239818400	3.6281210886048729	-2.3759801541672951	149.7462547600790700	-0.8630599601696983	0.5050867601609670	-0.0038561460004202	-0.5033972978830459	-0.8607495828431349	-0.0755070600633952	-0.0414567923979437	-0.0632259467739907	0.9971378109462133
_DSC0615.JPG	2693728.6154880375000000	1256259.8976327989000000	583.2684857642493600	3.7493118033035753	-2.6198813143463626	148.8722902561430300	-0.8551224396544551	0.5183996029201206	-0.0052406957243198	-0.5164070522398263	-0.8526398912630303	-0.0795548378412113	-0.0457096225797852	-0.0653227947904092	0.9968167147898273
_DSC0616.JPG	2693730.1296026185000000	1256258.6507179532000000	583.2665760211308500	3.6721243822176373	-2.8011878955519531	149.7816786443318600	-0.8630813994210626	0.5049676432271514	-0.0099084442268463	-0.5026949118308584	-0.8607644767472545	-0.0798895561972350	-0.0488704777216816	-0.0639702654648416	0.9967544740524680
_DSC0617.JPG	2693731.8287714049000000	1256257.3299775091000000	583.1951986335939200	3.6657176890489764	-2.8059460887042742	149.4131646583385300	-0.8598268488254692	0.5104969218613619	-0.0095227521724905	-0.5082335607498606	-0.8575050893803737	-0.0798978686466380	-0.0489534244602108	-0.0638585503815465	0.9967575672031720
_DSC0618.JPG	2693733.1898360904000000	1256255.8043031031000000	583.2307882489351400	3.7657017379379800	-2.8629020065759825	149.4899331612082600	-0.8604646899221429	0.5094197320140039	-0.0095944792443931	-0.5070560983294509	-0.8580145004159528	-0.0818854701572695	-0.0499462765789862	-0.0655946164768386	0.9965955627761703
_DSC0619.JPG	2693734.5397817865000000	1256254.4304100019000000	583.2229660361406300	3.8317239528835314	-2.8858082688828062	149.3814780741786300	-0.8594860905857500	0.5110764531783514	-0.0091934267963690	-0.5086737503998071	-0.8569401471687776	-0.0830939217063941	-0.0503455632982494	-0.0667416150313319	0.9964993131353335
_DSC0620.JPG	2693735.8909929413000000	1256253.2371072460000000	583.2192269285919800	3.8789706002702982	-2.9013580891295558	149.3737528732446500	-0.8594057089290722	0.5112151663950584	-0.0089933924517662	-0.5087826510066165	-0.8567930773159004	-0.0839394823562147	-0.0506166128341058	-0.0675623882883295	0.9964302696094590
_DSC0621.JPG	2693737.2954294011000000	1256252.1041090067000000	583.2299712485287300	3.8499681856384673	-2.8685526006184561	149.4594218662655900	-0.8601903025169214	0.5098957631776060	-0.0088856147437470	-0.5075117377748942	-0.8576183743121582	-0.0832019234325629	-0.0500447747177878	-0.0670599339076486	0.9964930936979682
_DSC0622.JPG	2693738.6568776462000000	1256251.0451897015000000	583.2506687776134400	3.8390503973575458	-2.8356085937536322	149.3708540741219800	-0.8594293818605227	0.5111860964277841	-0.0083613643482876	-0.5088553887648678	-0.8568645838755288	-0.0827603662677512	-0.0494705055542725	-0.0668719651179913	0.9965343994872746
_DSC0623.JPG	2693740.0507736318000000	1256249.9634506900000000	583.2589331892926300	3.8848115707859714	-2.8458399542475581	149.3567835580317400	-0.8592967787551367	0.5114134019396233	-0.0080856872056287	-0.5090619186454141	-0.8566664895566489	-0.0835373488670663	-0.0496488570472226	-0.0676672593447499	0.9964718425558620
_DSC0624.JPG	2693741.4400539044000000	1256248.9182800327000000	583.2825473081761600	3.8526707056815370	-2.8337145732906674	149.3445390216897400	-0.8591969882598544	0.5115796427354798	-0.0081734022190722	-0.5092508910505222	-0.8566111460233696	-0.0829510365985782	-0.0494374891094277	-0.0671089684555543	0.9965201056794520
_DSC0625.JPG	2693742.8713141140000000	1256247.8890546786000000	583.2939707635839600	3.8179544312846692	-2.7998277278188737	149.2792819755568400	-0.8586414054313968	0.5125161447123640	-0.0078827842778326	-0.5102439909149885	-0.8560981303728812	-0.0821404949291312	-0.0488467666682291	-0.0665070866993364	0.9965895849369623
_DSC0626.JPG	2693744.2985010426000000	1256246.7679317615000000	583.3114277160219700	3.8016832553806599	-2.7896827052487758	149.2342970439315800	-0.8582479486658402	0.5131758227376200	-0.0078123983797438	-0.5109223993503635	-0.8557247642201993	-0.0818133836383304	-0.0486699132210493	-0.0662246393561488	0.9966170461562472
_DSC0627.JPG	2693745.6507733352000000	1256245.6203907987000000	583.2977751211618600	3.8008753840025733	-2.8079894695414147	149.2502223645080600	-0.8583765178188032	0.5129560250941084	-0.0081160320919880	-0.5106758532461201	-0.8558577051332899	-0.0819619513879807	-0.0489890453939722	-0.0662095528124999	0.9966024124733777
_DSC0628.JPG	2693747.0585730597000000	1256244.5176494005000000	583.2697051296264600	3.7992560244004712	-2.8184012406977499	149.2214993306216400	-0.8581127397097699	0.5133951160233847	-0.0082450464600640	-0.5111015391735894	-0.8555966089563115	-0.0820345012592199	-0.0491705460838157	-0.0661807946899771	0.9965953842016440
_DSC0629.JPG	2693748.4911591820000000	1256243.4118503239000000	583.2650887429689400	3.7082168353002496	-2.7815865829052893	149.2152451451275700	-0.8580839097963402	0.5134391135004184	-0.0085017925481046	-0.5112112690747949	-0.8556910761307984	-0.0803481213287148	-0.0485287762009678	-0.0645992179366070	0.9967306049893397
_DSC0630.JPG	2693749.7832940873000000	1256242.3168193095000000	583.2530210872590700	3.8124254643827742	-2.8180158492370926	149.2284374094984100	-0.8581749080449715	0.5132930061226675	-0.0081312402227641	-0.5109977937636036	-0.8556401214157601	-0.0822267437781236	-0.0491638278690180	-0.0664098824662343	0.9965804761985289
_DSC0631.JPG	2693751.3106635995000000	1256241.1731629109000000	583.2401025652177400	3.7398823300108406	-2.7836137885601575	149.1736616371219700	-0.8577111874963715	0.5140665797577834	-0.0081896532099112	-0.5118330250098272	-0.8552724915343033	-0.0808450353082661	-0.0485641158969603	-0.0651499562612286	0.9966930369207494
_DSC0632.JPG	2693752.7612749264000000	1256240.0390390567000000	583.2073503098799800	3.7424830132188176	-2.7417743833191190	149.1079817335625000	-0.8571540979979616	0.5150061790366006	-0.0074490160035647	-0.5128339799209601	-0.8547034119131927	-0.0805194802664284	-0.0478347292636690	-0.0651974939554320	0.9967252005734594
_DSC0633.JPG	2693754.1333779655000000	1256238.9184587589000000	583.1844690320526800	3.7413523617382753	-2.7155586157190519	149.0969475968227900	-0.8570740095266538	0.5151450343470629	-0.0070523599928607	-0.5130102299759458	-0.8546211204013718	-0.0802698231213386	-0.0473776965874470	-0.0651792463247902	0.9967482228299182
_DSC0634.JPG	2693755.5589907542000000	1256237.8234653091000000	583.1721064911487200	3.6122060222048584	-2.6687590230748230	149.0906018787070200	-0.8570501031161066	0.5151783944189159	-0.0075061756320212	-0.5131248584462325	-0.8547692278066882	-0.0779259060857969	-0.0465617911296842	-0.0629348005375948	0.9969308955429604
_DSC0635.JPG	2693757.0435075033000000	1256236.6541717194000000	583.1734645688494500	3.6718646138677662	-2.6797196784352004	149.0645583570843700	-0.8568091202998707	0.5155848688244279	-0.0070974932376831	-0.5135097850730582	-0.8544470702329639	-0.0789170754940033	-0.0467528823195197	-0.0639722378036152	0.9968559177660604
_DSC0636.JPG	2693758.4088593293000000	1256235.6054270880000000	583.2020299878838600	3.5973050087592453	-2.6372961833123285	149.0390658429013800	-0.8566100105532976	0.5159155632253856	-0.0071008057086987	-0.5139086209471158	-0.8543434381399564	-0.0774287997029039	-0.0460132495713227	-0.0626771196612627	0.9969725971835208
_DSC0637.JPG	2693759.8610809892000000	1256234.5181359060000000	583.2308183081086100	3.5659926528943378	-2.6171676854197403	148.9626580055980000	-0.8559377145250663	0.5170318253737605	-0.0069800003068123	-0.5150588143834947	-0.8537081171086073	-0.0767910705013632	-0.0456623102730712	-0.0621332626984469	0.9970227736049822
_DSC0638.JPG	2693761.3064542580000000	1256233.3793901911000000	583.2296912803911900	3.4919324762296995	-2.6057724992858677	149.0525781828368100	-0.8567527667173162	0.5156713897890818	-0.0075970043583762	-0.5137195292852790	-0.8546232512624595	-0.0755734320544873	-0.0454636333032788	-0.0608450175000418	0.9971112986483929
_DSC0639.JPG	2693762.7643805146000000	1256232.1763863552000000	583.2486903930607700	3.3072320711654570	-2.6020057913682111	148.5974877194261400	-0.8526479480225543	0.5224146742181630	-0.0086246677882670	-0.5205098481158200	-0.8507418095904046	-0.0728551400334247	-0.0453979597269867	-0.0576305611318752	0.9973052409750247
_DSC0640.JPG	2693764.1237344090000000	1256234.9544340896000000	583.3070694117720900	3.3326870633962966	-2.6028120344102157	149.0097022046046800	-0.8563701093091760	0.5162852588933579	-0.0089312558584007	-0.5143617254530432	-0.8544454277898346	-0.0731780453279168	-0.0454120168100651	-0.0580735945027102	0.9972789009854652
_DSC0641.JPG	2693762.7962720450000000	1256235.7712574045000000	583.3149705346684200	3.1549162233449981	-2.4732879751701313	148.3453603380906100	-0.8504338906654465	0.5260241756919510	-0.0077951392056047	-0.5243090341027566	-0.8486903215715858	-0.0694605991116724	-0.0431536135898865	-0.0549845856429052	0.9975542396159782
_DSC0642.JPG	2693761.2078206670000000	1256237.1618885691000000	583.2363896889294200	3.1801009777706843	-2.5189570960362335	148.7209131184442000	-0.8538225821420329	0.5204913933642125	-0.0087010147737019	-0.5187055056029621	-0.8520664334864306	-0.0701953800679904	-0.0439499338052598	-0.0554211363966412	0.9974953137529111
_DSC0643.JPG	2693759.5838471819000000	1256238.4687247761000000	583.2196104501766700	3.1330158718115571	-2.4396158847974418	148.7073851716215200	-0.8537512764347434	0.5206206325418117	-0.0079318949696905	-0.5189381986915886	-0.8520401915928242	-0.0687797779088654	-0.0425664647906681	-0.0546046598948098	0.9976003343990002
_DSC0644.JPG	2693758.0602537580000000	1256239.6623944580000000	583.1914696086619200	3.1521197438016264	-2.4414097975317244	148.8519879894937800	-0.8550571087940682	0.5184727475922656	-0.0079593156022100	-0.5167811652237426	-0.8533275532188599	-0.0690602214556581	-0.0425977460755761	-0.0549372088992595	0.9975807411471213
_DSC0645.JPG	2693756.6155477017000000	1256240.8469164406000000	583.1803179700236800	3.2119063516427349	-2.3992339643411635	148.8935585527035500	-0.8554584467255963	0.5178262794484382	-0.0068403390572285	-0.5161767082426365	-0.8536522702794844	-0.0695658487656003	-0.0418622956086481	-0.0559798692323443	0.9975539095442930
_DSC0646.JPG	2693755.1876483448000000	1256242.0651126688000000	583.1911304213758700	3.1719509660088350	-2.3437895142638792	148.8772265483943000	-0.8553455555123911	0.5180189089626690	-0.0063553616990236	-0.5164412299188056	-0.8535805886219404	-0.0684736063587496	-0.0408954362386567	-0.0552864240564388	0.9976326852153058
_DSC0647.JPG	2693753.8716547098000000	1256243.1894764670000000	583.2125950613300300	3.1480176889112910	-2.2858613857225443	148.8886382085960100	-0.8554833611139573	0.5177986876140824	-0.0057217097357275	-0.5162919597522163	-0.8537409382986380	-0.0675945454025506	-0.0398852247377637	-0.0548719361613517	0.9976964666017030
_DSC0648.JPG	2693752.5558412503000000	1256244.2630818363000000	583.1834491268235800	3.1713592004465632	-2.2939737465531915	148.9350703366477300	-0.8558966338950768	0.5171156661119639	-0.0056868223690268	-0.5155955929291480	-0.8541286338918531	-0.0680107441370661	-0.0400266990784518	-0.0552780664243731	0.9976683811433865
_DSC0649.JPG	2693751.1794367507000000	1256245.2377788809000000	583.1743944368977300	3.1995055705086211	-2.2887561579340061	148.8829732924503200	-0.8554305841290200	0.5178904344727062	-0.0052927892793532	-0.5163754980438121	-0.8536271946330359	-0.0683882855680552	-0.0399357077900018	-0.0557683643708966	0.9976447407663244
_DSC0650.JPG	2693749.7590746302000000	1256246.1905443757000000	583.1708609738315100	3.2835028546126610	-2.3194109572419288	148.7872456067088400	-0.8545482532043370	0.5193491412658073	-0.0048736446202858	-0.5177928519863766	-0.8526436751847705	-0.0699237127105107	-0.0404703024109058	-0.0572296482068229	0.9975404362675694
_DSC0651.JPG	2693748.1949729212000000	1256247.3213218341000000	583.1680894544772400	3.2217957905111470	-2.3073638279877460	148.8167849892897200	-0.8548223536443812	0.5188937936905635	-0.0052891000459044	-0.5173566072481114	-0.8529922406704669	-0.0688939641238623	-0.0402602117058988	-0.0561557497091064	0.9976099674361743
_DSC0652.JPG	2693746.8054104876000000	1256248.3777730840000000	583.1514038463177500	3.2437875316911011	-2.3010540109353315	148.7610142592167500	-0.8543221484239365	0.5197204781660229	-0.0049286191970889	-0.5181907276928192	-0.8524634752097050	-0.0691693079810607	-0.0401501736670655	-0.0565389070311163	0.9975927603718018
_DSC0653.JPG	2693745.2359495778000000	1256249.5661323040000000	583.1685984749623200	3.3344630955244110	-2.3200684955467303	148.8497723224676600	-0.8551124125209072	0.5184231130038597	-0.0044986504711665	-0.5168597375632260	-0.8531470620077872	-0.0706831116572728	-0.0404817692146385	-0.0581168348318193	0.9974886765624877
_DSC0654.JPG	2693743.9294821732000000	1256250.6880690707000000	583.1803919617273100	3.3056994955581569	-2.3224247468646158	148.8634888955172900	-0.8552346982303756	0.5182185511577903	-0.0048108397103966	-0.5166541481255587	-0.8533052987803235	-0.0702748767204636	-0.0405228598133352	-0.0576159726928590	0.9975160637920597
_DSC0655.JPG	2693742.7333955541000000	1256251.6563633927000000	583.1961387751785000	3.3613039781158403	-2.2750716213466804	148.6635245477469300	-0.8534546656539407	0.5211562851494855	-0.0033556106312180	-0.5196530355358575	-0.8514480675719484	-0.0706888314117864	-0.0396970569675994	-0.0585859597274251	0.9974927713978323
_DSC0656.JPG	2693741.3910421245000000	1256252.6599242406000000	583.1908955842504800	3.3093795788169196	-2.2021450347709197	148.6428928397950800	-0.8533099435096642	0.5213969219664855	-0.0027184685777711	-0.5199861948386165	-0.8513622675327264	-0.0692578269857698	-0.0384252193850554	-0.0576848263012856	0.9975950898685303
_DSC0657.JPG	2693739.9712581672000000	1256253.7729741470000000	583.1515008718611200	3.2743633773585974	-2.1072182887373847	148.6866607582729200	-0.8537601263879807	0.5206638384237549	-0.0016774825846146	-0.5193665782589587	-0.8518516243525629	-0.0678761185946983	-0.0367696067093487	-0.0570786952000749	0.9976923466563711
_DSC0658.JPG	2693738.5727459770000000	1256254.9501428758000000	583.1432077061997500	3.3928952319307952	-2.1338688969406032	148.7865591452519700	-0.8546496531028732	0.5192039283183987	-0.0011186017530023	-0.5178682918906192	-0.8526016407851400	-0.0698775671069024	-0.0372344290332311	-0.0591415501084535	0.9975549480331087
_DSC0659.JPG	2693737.2503378261000000	1256256.1567161665000000	583.1373045621261300	3.3753044342344567	-2.1166387566035425	148.7664146137403800	-0.8544770594765430	0.5194881719405017	-0.0009970166680296	-0.5181745274359200	-0.8524496300085627	-0.0694606897088243	-0.0369339132083378	-0.0588359372508066	0.9975841912054032
_DSC0660.JPG	2693735.8397451621000000	1256257.3487656284000000	583.1257537979689700	3.3158173216730829	-2.1257370844427137	148.7174212769931200	-0.8540286356202157	0.5202234975233289	-0.0016131228310585	-0.5189019450271578	-0.8520719996033553	-0.0686591504387588	-0.0370926001744974	-0.0577998279974522	0.9976388719851286
_DSC0661.JPG	2693734.5221380237000000	1256258.3807982760000000	583.1377831617586500	3.3505289398908449	-2.1439960663806836	148.6015981331128400	-0.8529678005628886	0.5219615769436919	-0.0014294745056984	-0.5206211135915001	-0.8509671794190723	-0.0693434613665521	-0.0374110583337852	-0.0584035251162382	0.9975918208206919
_DSC0662.JPG	2693733.1489317920000000	1256259.4084378225000000	583.1259182954208900	3.4469336319668056	-2.1379640637312662	148.4621175423499400	-0.8517012287334640	0.5240276072911037	-0.0002894316302936	-0.5226980871087436	-0.8495794226461393	-0.0707213853732579	-0.0373058535188209	-0.0600822054606333	0.9974960660976154
_DSC0663.JPG	2693731.6851136852000000	1256260.4438333125000000	583.1215281519618000	3.5212392266600090	-2.2240425574158107	148.7760259890610000	-0.8545032642235869	0.5194444348907974	-0.0012847148380315	-0.5179943812526154	-0.8522974382035344	-0.0726009491839662	-0.0388071181866771	-0.0613722729958175	0.9973602416806937
_DSC0664.JPG	2693729.4932157639000000	1256262.0335403623000000	583.1277380802249600	3.3693917087362730	-2.1460446906781323	149.1610691848089200	-0.8580095699339440	0.5136299297445639	-0.0019680376935626	-0.5122668405542038	-0.8559993358430672	-0.0696262960729760	-0.0374467885189406	-0.0587318678982945	0.9975712033347771
_DSC0665.JPG	2693730.0432917941000000	1256266.3815148650000000	583.0927267151345200	3.3479538998003102	-2.1396734340360433	147.9379883079466300	-0.8468831885283723	0.5317786392514553	-0.0005863649787232	-0.5304666935511192	-0.8448702402595422	-0.0692774433472145	-0.0373356668744552	-0.0583588550235050	0.9975972594285658
_DSC0666.JPG	2693731.6616706867000000	1256265.3745828280000000	583.0690531616710400	3.2653192717319186	-2.2145189384431618	148.5477836761735700	-0.8524385086477686	0.5228177666330780	-0.0031893364777670	-0.5213976028055238	-0.8505421898341773	-0.0687206162715071	-0.0386410243526361	-0.0569171872537910	0.9976308460708780
_DSC0667.JPG	2693733.2832348663000000	1256263.9058141650000000	582.9972315824405800	3.3195084167556637	-2.2026204941735474	148.4898359360514600	-0.8519175651198496	0.5236701918950174	-0.0024479299218739	-0.5222636570041395	-0.8499538904523807	-0.0694194257936831	-0.0384335115872715	-0.0578611633610847	0.9975845583014870
_DSC0668.JPG	2693734.7214061469000000	1256262.2891889939000000	582.9718524644764600	3.3846971969238675	-2.2371723144089009	148.5167026137957600	-0.8521424469697231	0.5233044038948016	-0.0023981110814024	-0.5218519261345361	-0.8501012407259101	-0.0706997008900559	-0.0390361020355103	-0.0589947572295654	0.9974947625713621
_DSC0669.JPG	2693735.9741733707000000	1256260.8733239004000000	582.9103996320321800	3.5419014026166491	-2.2978861810736455	148.5045795487098700	-0.8519962611674647	0.5235446074498565	-0.0018479628884898	-0.5220103137055865	-0.8497591419897719	-0.0735841898086972	-0.0400949291264622	-0.0617287989109101	0.9972872966419258
_DSC0670.JPG	2693737.3495825119000000	1256259.5290330353000000	582.8681841569582500	3.5987087162257909	-2.4053195918197043	148.5435258605591600	-0.8522852660942288	0.5230688078101922	-0.0029744738549709	-0.5213909063410476	-0.8499800800647145	-0.0754015005025945	-0.0419684165003903	-0.0627127243006268	0.9971488184956362
_DSC0671.JPG	2693738.6422143131000000	1256258.4851385974000000	582.8890512227354700	3.5734839420958973	-2.4111401527048084	148.5462609880203500	-0.8523065133358474	0.5230322666103024	-0.0032947548892717	-0.5213479928031671	-0.8500348611982972	-0.0750799916602304	-0.0420699147301174	-0.0622734520649152	0.9971720711304138
_DSC0672.JPG	2693740.0815841109000000	1256257.3716327110000000	582.9053153809035200	3.6038091990865175	-2.4137551607456267	148.3269988459739500	-0.8503035236684715	0.5262853390072919	-0.0027675951584275	-0.5246048046404340	-0.8479857095554947	-0.0755647757744042	-0.0421155147796238	-0.0628011013887831	0.9971370543105913
_DSC0673.JPG	2693741.4816581253000000	1256256.3598067905000000	582.8924789793427400	3.5814158406904388	-2.3712918261977252	148.5778341141807200	-0.8526184372561916	0.5225271868848963	-0.0026719687436208	-0.5208933737911405	-0.8503351795958364	-0.0748343202160580	-0.0413750358464216	-0.0624133103422155	0.9971924012450323
_DSC0674.JPG	2693742.8472421393000000	1256255.4168517536000000	582.8801056795518900	3.5764435457737020	-2.3747166641620963	148.2782422471798000	-0.8498810078636376	0.5269692799514590	-0.0023770696515736	-0.5253431575605098	-0.8475958770953482	-0.0748050528729229	-0.0414347592854173	-0.0623266164524334	0.9971953437539463
_DSC0675.JPG	2693744.2046128232000000	1256254.3892865307000000	582.9055302155176200	3.5128984635137530	-2.3846153185244323	148.4983000882760700	-0.8518863215971669	0.5237157519326168	-0.0033920868653190	-0.5220713758390478	-0.8496904735997618	-0.0739430700156263	-0.0416073744085243	-0.0612201784664709	0.9972566952110986
_DSC0676.JPG	2693745.5857233535000000	1256253.2280889887000000	582.9242332068362200	3.5603047520112030	-2.4310477073809258	148.4079699433364400	-0.8510331863009448	0.5251000465699246	-0.0035294343348255	-0.5233959391266642	-0.8487759340667662	-0.0750739945307716	-0.0424170569485672	-0.0620431691756003	0.9971717196343215
_DSC0677.JPG	2693746.9406569749000000	1256252.1443108579000000	582.9685450042964000	3.5293602185822457	-2.4187029697068887	148.3667997902272800	-0.8506646394363433	0.5256965664547059	-0.0035764829608604	-0.5240120989375283	-0.8484457759432046	-0.0745056068441800	-0.0422017935604845	-0.0615051648389554	0.9972141812661970
_DSC0678.JPG	2693748.2573468797000000	1256251.0704771646000000	582.9821818091862700	3.5809644606558200	-2.4508628390838787	148.3501873210251200	-0.8504923718024339	0.5259753499490834	-0.0035576328941701	-0.5242462084261679	-0.8482074899125895	-0.0755643236386807	-0.0427625824367154	-0.0624018052793671	0.9971345828127812
_DSC0679.JPG	2693749.7066848241000000	1256250.0499534206000000	583.0223619377530900	3.4992250781201903	-2.4369724893106879	148.2427952852737600	-0.8495170503387604	0.5275462779237892	-0.0039630584765567	-0.5258448433399420	-0.8473348711076381	-0.0742348768288484	-0.0425203706066152	-0.0609798397321523	0.9972329102219386
