<?xml version="1.0" encoding="UTF-8"?>
<document version="1.4.0">
  <chunk label="SONY-A-9" enabled="1">
    <sensors next_id="1">
      <sensor id="0" label="SONY-A-9" type="frame">
        <resolution width="6000" height="4000"/>
        <property name="pixel_width" value="0.006"/>
        <property name="pixel_height" value="0.006"/>
        <property name="focal_length" value="55"/>
        <property name="fixed" value="1"/>
        <property name="layer_index" value="0"/>
        <calibration type="frame" class="initial">
          <resolution width="6000" height="4000"/>
          <f>9227.77018581081</f>
          <cx>-37.8304617831239</cx>
          <cy>31.7622333680372</cy>
          <k1>-0.017282082281574</k1>
        </calibration>
      </sensor>
    </sensors>
    <cameras next_id="556" next_group_id="0">
      <camera id="0" sensor_id="0" label="_DSC0555.JPG" enabled="1"/>
      <camera id="1" sensor_id="0" label="_DSC0556.JPG" enabled="1"/>
      <camera id="2" sensor_id="0" label="_DSC0557.JPG" enabled="1">
        <transform>-2.5955397526741919e-002 -9.9730839655252124e-001 -6.8573168988078054e-002 -1.4515971781917347e+001 -9.9659163908276127e-001 2.0441567577973996e-002 7.9920255413067048e-002 2.7549160356254124e+001 -7.8303398710168226e-002 7.0413808878612788e-002 -9.9443977860383415e-001 -6.2473107836557640e+000 0.0000000000000000e+000 0.0000000000000000e+000 0.0000000000000000e+000 1.0000000000000000e+000</transform>
      </camera>
      <camera id="3" sensor_id="0" label="_DSC0558.JPG" enabled="1">
        <transform>-2.5880587440273439e-002 -9.9730130300781028e-001 -6.8704484661998202e-002 -1.4580388049051594e+001 -9.9669615933403144e-001 2.0449830739406094e-002 7.8603882801813005e-002 2.7548565182759198e+001 -7.6986759657345347e-002 7.0511810653634807e-002 -9.9453563203929907e-001 -6.2620682013635172e+000 0.0000000000000000e+000 0.0000000000000000e+000 0.0000000000000000e+000 1.0000000000000000e+000</transform>
      </camera>
      <camera id="4" sensor_id="0" label="_DSC0559.JPG" enabled="1">
        <transform>-2.4464896840558081e-002 -9.9714610295617034e-001 -7.1422112695600518e-002 -1.4524702539132358e+001 -9.9714703343342648e-001 1.9236801756317701e-002 7.2991363688485467e-002 2.7631248063759806e+001 -7.1409120828487174e-002 7.3004073978856387e-002 -9.9477190483295819e-001 -3.5728865324678636e+000 0.0000000000000000e+000 0.0000000000000000e+000 0.0000000000000000e+000 1.0000000000000000e+000</transform>
      </camera>
      <camera id="5" sensor_id="0" label="_DSC0560.JPG" enabled="1">
        <transform>-2.4225283216094629e-002 -9.9718190671029217e-001 -7.1002680109453209e-002 -1.4493718369175838e+001 -9.9715747685321154e-001 1.9033834794129678e-002 7.2901848322014531e-002 2.7664087016176083e+001 -7.1344950829307197e-002 7.2566921270335663e-002 -9.9480849409748640e-001 -3.5287333106665510e+000 0.0000000000000000e+000 0.0000000000000000e+000 0.0000000000000000e+000 1.0000000000000000e+000</transform>
      </camera>
      <camera id="6" sensor_id="0" label="_DSC0561.JPG" enabled="1">
        <transform>-2.2675853992269346e-002 -9.9701822514582861e-001 -7.3759503609924115e-002 -1.4519502025221106e+001 -9.9743316876250043e-001 1.7549620662404397e-002 6.9419627390259309e-002 2.7493894086831741e+001 -6.7918182382319670e-002 7.5144324746894947e-002 -9.9485700025692891e-001 -2.4493897443412266e-001 0.0000000000000000e+000 0.0000000000000000e+000 0.0000000000000000e+000 1.0000000000000000e+000</transform>
      </camera>
      <camera id="7" sensor_id="0" label="_DSC0562.JPG" enabled="1">
        <transform>-2.1810855472754187e-002 -9.9704598978344405e-001 -7.3644964799361126e-002 -1.4493597538994521e+001 -9.9749991707650976e-001 1.6749790474208215e-002 6.8653914319772039e-002 2.7545815207195680e+001 -6.7217572225595143e-002 7.4958246883332594e-002 -9.9491861938968373e-001 -1.5020431382579821e-001 0.0000000000000000e+000 0.0000000000000000e+000 0.0000000000000000e+000 1.0000000000000000e+000</transform>
      </camera>
      <camera id="8" sensor_id="0" label="_DSC0563.JPG" enabled="1">
        <transform>-2.0348304128731454e-002 -9.9703505001820236e-001 -7.4209538162455929e-002 -1.4520406094716355e+001 -9.9766465619864353e-001 1.5408431222685648e-002 6.6541821580852548e-002 2.7486468919696541e+001 -6.5201075843324158e-002 7.5390246600313696e-002 -9.9502016583907338e-001 3.0735523706049364e+000 0.0000000000000000e+000 0.0000000000000000e+000 0.0000000000000000e+000 1.0000000000000000e+000</transform>
      </camera>
      <camera id="9" sensor_id="0" label="_DSC0564.JPG" enabled="1">
        <transform>9.4667674666977153e-001 -3.1515089109221123e-001 -6.6955605878248919e-002 7.3729023362104043e+000 -3.1068489880944078e-001 -9.4798365997060363e-001 6.9295555993920177e-002 2.4541728460144164e+001 -8.5311376536225836e-002 -4.4798395869988752e-002 -9.9534670982576223e-001 2.3749233521360611e+000 0.0000000000000000e+000 0.0000000000000000e+000 0.0000000000000000e+000 1.0000000000000000e+000</transform>
      </camera>
      <camera id="10" sensor_id="0" label="_DSC0565.JPG" enabled="1">
        <transform>9.9814696277714732e-001 -1.6046997052266129e-002 -5.8695268841368484e-002 6.4858364844374341e+000 -1.2827722783737989e-002 -9.9841392717458244e-001 5.4818605892625605e-002 2.4215046013965971e+001 -5.9481847877646918e-002 -5.3964098337987626e-002 -9.9676967543341144e-001 2.2961413950162370e+000 0.0000000000000000e+000 0.0000000000000000e+000 0.0000000000000000e+000 1.0000000000000000e+000</transform>
      </camera>
      <camera id="11" sensor_id="0" label="_DSC0566.JPG" enabled="1">
        <transform>9.9790810535224206e-001 3.5427542870037777e-002 -5.4076820158829100e-002 5.2747640934581304e+000 3.8065210821966615e-002 -9.9809506712795992e-001 4.8551793992729089e-002 2.4222381319347193e+001 -5.2253736683398500e-002 -5.0508674314664048e-002 -9.9735571428733349e-001 2.2366713034290107e+000 0.0000000000000000e+000 0.0000000000000000e+000 0.0000000000000000e+000 1.0000000000000000e+000</transform>
      </camera>
      <camera id="12" sensor_id="0" label="_DSC0567.JPG" enabled="1">
        <transform>9.9689583265159776e-001 6.1416230899449392e-002 -4.9262007916680485e-002 3.9802969522525808e+000 6.3460091889518316e-002 -9.9713947630464261e-001 4.1057052162533463e-002 2.4507796859784058e+001 -4.6599523380089040e-002 -4.4055775750843608e-002 -9.9794166815688179e-001 2.2107067237825029e+000 0.0000000000000000e+000 0.0000000000000000e+000 0.0000000000000000e+000 1.0000000000000000e+000</transform>
      </camera>
      <camera id="13" sensor_id="0" label="_DSC0568.JPG" enabled="1">
        <transform>9.9593914789327420e-001 7.7757952347592793e-002 -4.5375263529038860e-002 2.8357467976599158e+000 7.9337913451766204e-002 -9.9626359539888465e-001 3.4122484845151305e-002 2.4805320715475229e+001 -4.2552428635041405e-002 -3.7583897211399098e-002 -9.9838706997219406e-001 2.1759375016735403e+000 0.0000000000000000e+000 0.0000000000000000e+000 0.0000000000000000e+000 1.0000000000000000e+000</transform>
      </camera>
      <camera id="14" sensor_id="0" label="_DSC0569.JPG" enabled="1">
        <transform>9.9465435321270235e-001 9.5004752813610760e-002 -4.0457565149734101e-002 1.6965632179467427e+000 9.6200604939560508e-002 -9.9494779587759141e-001 2.8711096941519409e-002 2.5040073453698657e+001 -3.7525474604365325e-002 -3.2449659800180296e-002 -9.9876867108183243e-001 2.1481272459232157e+000 0.0000000000000000e+000 0.0000000000000000e+000 0.0000000000000000e+000 1.0000000000000000e+000</transform>
      </camera>
      <camera id="15" sensor_id="0" label="_DSC0570.JPG" enabled="1">
        <transform>9.9320852818340322e-001 1.1050130617638496e-001 -3.6418139396072260e-002 6.7031268961882129e-001 1.1137196721723408e-001 -9.9351700272335164e-001 2.2808994229712241e-002 2.5234530834781378e+001 -3.3661617042594100e-002 -2.6710047415168241e-002 -9.9907630784898371e-001 2.1162425978391188e+000 0.0000000000000000e+000 0.0000000000000000e+000 0.0000000000000000e+000 1.0000000000000000e+000</transform>
      </camera>
      <camera id="16" sensor_id="0" label="_DSC0571.JPG" enabled="1">
        <transform>9.9130214073821221e-001 1.2714280015022586e-001 -3.3981967832904400e-002 -3.5953083442778294e-001 1.2777883298746714e-001 -9.9165280415675749e-001 1.7241979248350532e-002 2.5405626725119102e+001 -3.1506120170497004e-002 -2.1434187131759895e-002 -9.9927370625559986e-001 2.1099720737990939e+000 0.0000000000000000e+000 0.0000000000000000e+000 0.0000000000000000e+000 1.0000000000000000e+000</transform>
      </camera>
      <camera id="17" sensor_id="0" label="_DSC0572.JPG" enabled="1">
        <transform>9.8905146238856334e-001 1.4422791405502083e-001 -3.1233212360933644e-002 -1.3836727127483324e+000 1.4470333769221838e-001 -9.8938263414802330e-001 1.3525801530801719e-002 2.5485463764834105e+001 -2.8950799777855387e-002 -1.7897263859493848e-002 -9.9942060171809854e-001 2.1062022702167122e+000 0.0000000000000000e+000 0.0000000000000000e+000 0.0000000000000000e+000 1.0000000000000000e+000</transform>
      </camera>
      <camera id="18" sensor_id="0" label="_DSC0573.JPG" enabled="1">
        <transform>9.8921229147080658e-001 1.4404992716363835e-001 -2.6620685326009561e-002 -2.4238547810721993e+000 1.4433894887316945e-001 -9.8948493433424023e-001 9.2645865397699874e-003 2.5545182652583943e+001 -2.5006204055483951e-002 -1.3007044618775086e-002 -9.9960267434067052e-001 2.0920449876513327e+000 0.0000000000000000e+000 0.0000000000000000e+000 0.0000000000000000e+000 1.0000000000000000e+000</transform>
      </camera>
      <camera id="19" sensor_id="0" label="_DSC0574.JPG" enabled="1">
        <transform>9.8996127145811863e-001 1.3933440472097411e-001 -2.3719289071923125e-002 -3.4874761818261777e+000 1.3949000790562807e-001 -9.9021070793866417e-001 5.0290732841409749e-003 2.5591911931821890e+001 -2.2786371091366879e-002 -8.2871916027826894e-003 -9.9970600865845816e-001 2.0763043915129904e+000 0.0000000000000000e+000 0.0000000000000000e+000 0.0000000000000000e+000 1.0000000000000000e+000</transform>
      </camera>
      <camera id="20" sensor_id="0" label="_DSC0575.JPG" enabled="1">
        <transform>9.9135360448230103e-001 1.2946251802842568e-001 -2.1388952889026439e-002 -4.5081211630781715e+000 1.2951273761993709e-001 -9.9157728018618019e-001 9.7376217164777019e-004 2.5660808457699048e+001 -2.1082734029028827e-002 -3.7354844822532060e-003 -9.9977075596435805e-001 2.0707966774237483e+000 0.0000000000000000e+000 0.0000000000000000e+000 0.0000000000000000e+000 1.0000000000000000e+000</transform>
      </camera>
      <camera id="21" sensor_id="0" label="_DSC0576.JPG" enabled="1">
        <transform>9.9065613339647518e-001 1.3473119836216507e-001 -2.1164346241737787e-002 -5.5667127766515563e+000 1.3472654397726819e-001 -9.9088144030167591e-001 -1.6521542353760364e-003 2.5737502517149494e+001 -2.1193954607067838e-002 -1.2146824980953823e-003 -9.9977464502483882e-001 2.0913462722996652e+000 0.0000000000000000e+000 0.0000000000000000e+000 0.0000000000000000e+000 1.0000000000000000e+000</transform>
      </camera>
      <camera id="22" sensor_id="0" label="_DSC0577.JPG" enabled="1">
        <transform>9.9169042418805176e-001 1.2724583444701321e-001 -1.8936741789593887e-002 -6.5468249119552775e+000 1.2717277104879399e-001 -9.9186788396359171e-001 -5.0186716726675273e-003 2.5862379965215823e+001 -1.9421351072813575e-002 2.5687307119100665e-003 -9.9980808795740206e-001 2.0880555520752559e+000 0.0000000000000000e+000 0.0000000000000000e+000 0.0000000000000000e+000 1.0000000000000000e+000</transform>
      </camera>
      <camera id="23" sensor_id="0" label="_DSC0578.JPG" enabled="1">
        <transform>9.9127712440713578e-001 1.3056583667724972e-001 -1.7950624498595361e-002 -7.5053788557712515e+000 1.3048452918925665e-001 -9.9143434026187216e-001 -5.6335239206314371e-003 2.6003579548527998e+001 -1.8532411321192033e-002 3.2421046059699934e-003 -9.9982300358030674e-001 2.1111493596381106e+000 0.0000000000000000e+000 0.0000000000000000e+000 0.0000000000000000e+000 1.0000000000000000e+000</transform>
      </camera>
      <camera id="24" sensor_id="0" label="_DSC0579.JPG" enabled="1">
        <transform>9.9149538577141749e-001 1.2907410431948596e-001 -1.6636573809235070e-002 -8.6336122027359217e+000 1.2897942190737671e-001 -9.9162498396428767e-001 -6.6483007050859109e-003 2.6120686635506502e+001 -1.7355365695558983e-002 4.4459837998790004e-003 -9.9983949937458694e-001 2.0885138364424223e+000 0.0000000000000000e+000 0.0000000000000000e+000 0.0000000000000000e+000 1.0000000000000000e+000</transform>
      </camera>
      <camera id="25" sensor_id="0" label="_DSC0580.JPG" enabled="1">
        <transform>9.9216832853992742e-001 1.2400552809900450e-001 -1.4987889883962435e-002 -9.7273990008673845e+000 1.2388077597085739e-001 -9.9225641100902162e-001 -8.9871105675750958e-003 2.6235369585630206e+001 -1.5986281216875280e-002 7.0600150412434715e-003 -9.9984728583942872e-001 2.0924182597285546e+000 0.0000000000000000e+000 0.0000000000000000e+000 0.0000000000000000e+000 1.0000000000000000e+000</transform>
      </camera>
      <camera id="26" sensor_id="0" label="_DSC0581.JPG" enabled="1">
        <transform>9.9267843033783609e-001 1.2002556719147112e-001 -1.3542420846142690e-002 -1.0808478653022410e+001 1.1987976988265014e-001 -9.9272624069344173e-001 -1.1110887073032679e-002 2.6303019726525342e+001 -1.4777507059420863e-002 9.4060756446294521e-003 -9.9984656374169545e-001 2.1007602995947834e+000 0.0000000000000000e+000 0.0000000000000000e+000 0.0000000000000000e+000 1.0000000000000000e+000</transform>
      </camera>
      <camera id="27" sensor_id="0" label="_DSC0582.JPG" enabled="1">
        <transform>9.9282393210579345e-001 1.1885279308509579e-001 -1.3215650338227783e-002 -1.1828240834301315e+001 1.1871399341347634e-001 -9.9286936274792925e-001 -1.0835879491111909e-002 2.6355396011147537e+001 -1.4409288872667831e-002 9.1892378569830690e-003 -9.9985395448624981e-001 2.1182648638947037e+000 0.0000000000000000e+000 0.0000000000000000e+000 0.0000000000000000e+000 1.0000000000000000e+000</transform>
      </camera>
      <camera id="28" sensor_id="0" label="_DSC0583.JPG" enabled="1">
        <transform>9.9309816994342803e-001 1.1673048065802384e-001 -1.1402619890260575e-002 -1.2819669023766696e+001 1.1660021904820385e-001 -9.9311245157692185e-001 -1.1491189702850320e-002 2.6401261381754715e+001 -1.2665455890962704e-002 1.0082331487445624e-002 -9.9986895782339968e-001 2.1259802060419442e+000 0.0000000000000000e+000 0.0000000000000000e+000 0.0000000000000000e+000 1.0000000000000000e+000</transform>
      </camera>
      <camera id="29" sensor_id="0" label="_DSC0584.JPG" enabled="1">
        <transform>9.9351481878175751e-001 1.1313795211416872e-001 -1.1318509286297610e-002 -1.3850200498760142e+001 1.1299698707493147e-001 -9.9351789724475525e-001 -1.2404384964508941e-002 2.6428952077859694e+001 -1.2648548258187965e-002 1.1044982832581993e-002 -9.9985900135028449e-001 2.1403245111376203e+000 0.0000000000000000e+000 0.0000000000000000e+000 0.0000000000000000e+000 1.0000000000000000e+000</transform>
      </camera>
      <camera id="30" sensor_id="0" label="_DSC0585.JPG" enabled="1">
        <transform>9.9376648597128847e-001 1.1103641504977782e-001 -9.9541897294468940e-003 -1.4899809755282138e+001 1.1091571623628382e-001 -9.9375791787374479e-001 -1.1954269322367072e-002 2.6451492551828728e+001 -1.1219414069750536e-002 1.0775676133449643e-002 -9.9987899745509135e-001 2.1289714777564797e+000 0.0000000000000000e+000 0.0000000000000000e+000 0.0000000000000000e+000 1.0000000000000000e+000</transform>
      </camera>
      <camera id="31" sensor_id="0" label="_DSC0586.JPG" enabled="1">
        <transform>9.9399590399233750e-001 1.0905231405238926e-001 -8.9294818592196741e-003 -1.5961263090819868e+001 1.0893001990041322e-001 -9.9396181508098413e-001 -1.3197004410514876e-002 2.6560758869522719e+001 -1.0314727866048944e-002 1.2145079692395427e-002 -9.9987304365520058e-001 2.1338163521636222e+000 0.0000000000000000e+000 0.0000000000000000e+000 0.0000000000000000e+000 1.0000000000000000e+000</transform>
      </camera>
      <camera id="32" sensor_id="0" label="_DSC0587.JPG" enabled="1">
        <transform>9.9430815963048902e-001 1.0620799710255906e-001 -8.4347521417171660e-003 -1.7015747807884836e+001 1.0609223317660420e-001 -9.9426925040204828e-001 -1.3156586356272544e-002 2.6606704251621888e+001 -9.7837493748787613e-003 1.2186839475919038e-002 -9.9987787213827162e-001 2.1231092701442575e+000 0.0000000000000000e+000 0.0000000000000000e+000 0.0000000000000000e+000 1.0000000000000000e+000</transform>
      </camera>
      <camera id="33" sensor_id="0" label="_DSC0588.JPG" enabled="1">
        <transform>9.9492447490333058e-001 1.0021077223612798e-001 -9.1153917178654585e-003 -1.8123812032388777e+001 1.0010938770438335e-001 -9.9491593849197357e-001 -1.0972047579599929e-002 2.6696329374673532e+001 -1.0168565866665324e-002 1.0003822393186704e-002 -9.9989825672702359e-001 2.1278415623356706e+000 0.0000000000000000e+000 0.0000000000000000e+000 0.0000000000000000e+000 1.0000000000000000e+000</transform>
      </camera>
      <camera id="34" sensor_id="0" label="_DSC0589.JPG" enabled="1">
        <transform>9.9592699200731394e-001 8.9897358614022108e-002 -6.9203688836150514e-003 -1.8334498438524747e+001 8.9828798878443486e-002 -9.9591045308812054e-001 -9.6517522694411998e-003 2.6655522730519912e+001 -7.7597347454376542e-003 8.9907921806934455e-003 -9.9992947359933537e-001 2.1326868622522892e+000 0.0000000000000000e+000 0.0000000000000000e+000 0.0000000000000000e+000 1.0000000000000000e+000</transform>
      </camera>
      <camera id="35" sensor_id="0" label="_DSC0590.JPG" enabled="1">
        <transform>9.9543239238473524e-001 9.5268625045509439e-002 -6.1839528734234381e-003 -1.7945030680982260e+001 9.5199323414659684e-002 -9.9540102115900286e-001 -1.0672202069175251e-002 2.4843629525674849e+001 -7.1722390223430072e-003 1.0034747508154390e-002 -9.9992392852149203e-001 2.1010903692781038e+000 0.0000000000000000e+000 0.0000000000000000e+000 0.0000000000000000e+000 1.0000000000000000e+000</transform>
      </camera>
      <camera id="36" sensor_id="0" label="_DSC0591.JPG" enabled="1">
        <transform>9.9609023852387768e-001 8.8202238004188818e-002 -4.9600331143910504e-003 -1.7221132447526177e+001 8.8182957190127101e-002 -9.9609634132455960e-001 -3.9805603915395067e-003 2.4892033467690265e+001 -5.2917651731382012e-003 3.5276069620793298e-003 -9.9997977640073976e-001 2.1243700513388299e+000 0.0000000000000000e+000 0.0000000000000000e+000 0.0000000000000000e+000 1.0000000000000000e+000</transform>
      </camera>
      <camera id="37" sensor_id="0" label="_DSC0592.JPG" enabled="1">
        <transform>9.9560714342229395e-001 9.3554672565675609e-002 -3.7335248264059751e-003 -1.6066276597772500e+001 9.3528075487182713e-002 -9.9559371898570304e-001 -6.7561684319466450e-003 2.4764921843862890e+001 -4.3491449922962982e-003 6.3773001612129083e-003 -9.9997020704643480e-001 2.0807656845208755e+000 0.0000000000000000e+000 0.0000000000000000e+000 0.0000000000000000e+000 1.0000000000000000e+000</transform>
      </camera>
      <camera id="38" sensor_id="0" label="_DSC0593.JPG" enabled="1">
        <transform>9.9589104365342829e-001 9.0487095888064376e-002 -3.6214152799142183e-003 -1.4893917188259612e+001 9.0470831162483570e-002 -9.9588926054841631e-001 -4.4282539558953091e-003 2.4655564152189839e+001 -4.0072284255763067e-003 4.0824260033406438e-003 -9.9998363782527588e-001 2.0760545036495408e+000 0.0000000000000000e+000 0.0000000000000000e+000 0.0000000000000000e+000 1.0000000000000000e+000</transform>
      </camera>
      <camera id="39" sensor_id="0" label="_DSC0594.JPG" enabled="1">
        <transform>9.9621549283420441e-001 8.6871590433748883e-002 -2.8317154895847818e-003 -1.3724813380003082e+001 8.6853483199698503e-002 -9.9620308952863945e-001 -5.9897303506232071e-003 2.4537236338601009e+001 -3.3413011212183978e-003 5.7211178194891124e-003 -9.9997805201799950e-001 2.0577923135913112e+000 0.0000000000000000e+000 0.0000000000000000e+000 0.0000000000000000e+000 1.0000000000000000e+000</transform>
      </camera>
      <camera id="40" sensor_id="0" label="_DSC0595.JPG" enabled="1">
        <transform>9.9625739540500402e-001 8.6381300991842935e-002 -3.0778141259367956e-003 -1.2615793926098334e+001 8.6365844393327895e-002 -9.9625171484916686e-001 -4.8437157556761069e-003 2.4450593545434675e+001 -3.4846840695615120e-003 4.5597696269598156e-003 -9.9998353260335460e-001 2.0522825615253160e+000 0.0000000000000000e+000 0.0000000000000000e+000 0.0000000000000000e+000 1.0000000000000000e+000</transform>
      </camera>
      <camera id="41" sensor_id="0" label="_DSC0596.JPG" enabled="1">
        <transform>9.9649896486765965e-001 8.3550701900964697e-002 -3.0154982241055663e-003 -1.1574346916532487e+001 8.3531200492842711e-002 -9.9648649803089795e-001 -6.0989987983109221e-003 2.4393293751904285e+001 -3.5144788956493656e-003 5.8257578025023588e-003 -9.9997685422419580e-001 2.0357608714674202e+000 0.0000000000000000e+000 0.0000000000000000e+000 0.0000000000000000e+000 1.0000000000000000e+000</transform>
      </camera>
      <camera id="42" sensor_id="0" label="_DSC0597.JPG" enabled="1">
        <transform>9.9656737135846596e-001 8.2728279961076817e-002 -3.0831863970269772e-003 -1.0600033847359406e+001 8.2701860343095901e-002 -9.9654311132318574e-001 -7.8885721202058071e-003 2.4376144590661490e+001 -3.7251361677361179e-003 7.6065083307865246e-003 -9.9996413155249997e-001 2.0335413965682410e+000 0.0000000000000000e+000 0.0000000000000000e+000 0.0000000000000000e+000 1.0000000000000000e+000</transform>
      </camera>
      <camera id="43" sensor_id="0" label="_DSC0598.JPG" enabled="1">
        <transform>9.9674426114196457e-001 8.0575338953319989e-002 -2.9142122635331873e-003 -9.5120488302857993e+000 8.0551586982781739e-002 -9.9672213332686554e-001 -7.5120417262880199e-003 2.4397969223502486e+001 -3.5099451726032520e-003 7.2528400575042774e-003 -9.9996753777109459e-001 2.0082532671336089e+000 0.0000000000000000e+000 0.0000000000000000e+000 0.0000000000000000e+000 1.0000000000000000e+000</transform>
      </camera>
      <camera id="44" sensor_id="0" label="_DSC0599.JPG" enabled="1">
        <transform>9.9691934961001216e-001 7.8409561104827261e-002 -1.9367757997138205e-003 -8.4563168092804482e+000 7.8391143170639929e-002 -9.9688864734906857e-001 -8.2373211024339109e-003 2.4356141592293582e+001 -2.5766345395164961e-003 8.0601187269624466e-003 -9.9996419707935391e-001 1.9948524338061828e+000 0.0000000000000000e+000 0.0000000000000000e+000 0.0000000000000000e+000 1.0000000000000000e+000</transform>
      </camera>
      <camera id="45" sensor_id="0" label="_DSC0600.JPG" enabled="1">
        <transform>9.9701977866477254e-001 7.7125325284994661e-002 -1.8014302462945949e-003 -7.5129357743807894e+000 7.7111353213830641e-002 -9.9699900053008872e-001 -6.8434017517585996e-003 2.4192438473255741e+001 -2.3238237412406670e-003 6.6840961758403731e-003 -9.9997496103729100e-001 1.9576718446307682e+000 0.0000000000000000e+000 0.0000000000000000e+000 0.0000000000000000e+000 1.0000000000000000e+000</transform>
      </camera>
      <camera id="46" sensor_id="0" label="_DSC0601.JPG" enabled="1">
        <transform>9.9718796232853413e-001 7.4937300420938005e-002 -7.5418345811146853e-004 -6.5405362606194997e+000 7.4930740098169427e-002 -9.9716697387123976e-001 -6.5886575882168714e-003 2.4087004487563892e+001 -1.2457830497276604e-003 6.5136185101883253e-003 -9.9997801015747179e-001 1.9497276039401565e+000 0.0000000000000000e+000 0.0000000000000000e+000 0.0000000000000000e+000 1.0000000000000000e+000</transform>
      </camera>
      <camera id="47" sensor_id="0" label="_DSC0602.JPG" enabled="1">
        <transform>9.9733322771654176e-001 7.2982043775211822e-002 2.3276361102523402e-004 -5.6099352975616172e+000 7.2982209942867207e-002 -9.9731779440747781e-001 -5.5510350439441193e-003 2.3987548928183760e+001 -1.7298659140885800e-004 5.5532193002713242e-003 -9.9998456579641382e-001 1.9517658086147298e+000 0.0000000000000000e+000 0.0000000000000000e+000 0.0000000000000000e+000 1.0000000000000000e+000</transform>
      </camera>
      <camera id="48" sensor_id="0" label="_DSC0603.JPG" enabled="1">
        <transform>9.9742708130914193e-001 7.1686460187433437e-002 5.1855271717171397e-004 -4.6315162080443875e+000 7.1688129445750537e-002 -9.9741546801385639e-001 -4.8162499176276213e-003 2.3923100521235042e+001 1.7195259311493982e-004 4.8410321725077688e-003 -9.9998826735107771e-001 1.9592890417571178e+000 0.0000000000000000e+000 0.0000000000000000e+000 0.0000000000000000e+000 1.0000000000000000e+000</transform>
      </camera>
      <camera id="49" sensor_id="0" label="_DSC0604.JPG" enabled="1">
        <transform>9.9760849888809267e-001 6.9115854378318020e-002 5.3067862343789292e-004 -3.6179102670890697e+000 6.9117201941302581e-002 -9.9760343937110185e-001 -3.1922015527831057e-003 2.3926545241948954e+001 3.0877508227396592e-004 3.2212464208022820e-003 -9.9999476410101518e-001 1.9734047285687217e+000 0.0000000000000000e+000 0.0000000000000000e+000 0.0000000000000000e+000 1.0000000000000000e+000</transform>
      </camera>
      <camera id="50" sensor_id="0" label="_DSC0605.JPG" enabled="1">
        <transform>9.9775369001390746e-001 6.6987675135174826e-002 4.7480903070433185e-004 -2.5401751304657414e+000 6.6989265091344605e-002 -9.9773904050475715e-001 -5.4079030287251285e-003 2.3934212848138138e+001 1.1147265546716684e-004 5.4275623101735001e-003 -9.9998526446204006e-001 1.9592093252108085e+000 0.0000000000000000e+000 0.0000000000000000e+000 0.0000000000000000e+000 1.0000000000000000e+000</transform>
      </camera>
      <camera id="51" sensor_id="0" label="_DSC0606.JPG" enabled="1">
        <transform>9.9772635969873602e-001 6.7395051373641005e-002 -1.3495426142816114e-004 -1.4381398943334236e+000 6.7391202396351310e-002 -9.9768715140254727e-001 -8.8754586272908817e-003 2.3958636812825951e+001 -7.3280412280479095e-004 8.8461842969175183e-003 -9.9996060323469871e-001 1.9588056808176240e+000 0.0000000000000000e+000 0.0000000000000000e+000 0.0000000000000000e+000 1.0000000000000000e+000</transform>
      </camera>
      <camera id="52" sensor_id="0" label="_DSC0607.JPG" enabled="1">
        <transform>9.9784742521690295e-001 6.5576322302148424e-002 -5.1180203306368688e-004 -4.1740532964591881e-001 6.5568311378006464e-002 -9.9780109966198272e-001 -9.6830809340212633e-003 2.3967180031929502e+001 -1.1456574676073522e-003 9.6286793831121889e-003 -9.9995298689603607e-001 1.9525673029817623e+000 0.0000000000000000e+000 0.0000000000000000e+000 0.0000000000000000e+000 1.0000000000000000e+000</transform>
      </camera>
      <camera id="53" sensor_id="0" label="_DSC0608.JPG" enabled="1">
        <transform>9.9788031969390933e-001 6.5062391117984383e-002 -1.3239447087349564e-003 7.1175110595492630e-001 6.5042912112870624e-002 -9.9781597459551630e-001 -1.1519567087239111e-002 2.3976458385655462e+001 -2.0705437591967586e-003 1.1409036068417052e-002 -9.9993277111240375e-001 1.9593950549134767e+000 0.0000000000000000e+000 0.0000000000000000e+000 0.0000000000000000e+000 1.0000000000000000e+000</transform>
      </camera>
      <camera id="54" sensor_id="0" label="_DSC0609.JPG" enabled="1">
        <transform>9.9797669491453211e-001 6.3563498798798843e-002 -1.4825747606850904e-003 1.7604972276882735e+000 6.3537903790361408e-002 -9.9788870172371635e-001 -1.3456364816791896e-002 2.3924995657059220e+001 -2.3347782320167453e-003 1.3334938792919748e-002 -9.9990835991004512e-001 1.9582133078009565e+000 0.0000000000000000e+000 0.0000000000000000e+000 0.0000000000000000e+000 1.0000000000000000e+000</transform>
      </camera>
      <camera id="55" sensor_id="0" label="_DSC0610.JPG" enabled="1">
        <transform>9.9800575005974501e-001 6.3114309294780874e-002 -1.0520503450076508e-003 2.7999362131707084e+000 6.3096501260508947e-002 -9.9793058989605832e-001 -1.2384235074787345e-002 2.3844059627962515e+001 -1.8314956642832391e-003 1.2293157118809453e-002 -9.9992275897275384e-001 1.9603464393646808e+000 0.0000000000000000e+000 0.0000000000000000e+000 0.0000000000000000e+000 1.0000000000000000e+000</transform>
      </camera>
      <camera id="56" sensor_id="0" label="_DSC0611.JPG" enabled="1">
        <transform>9.9802403159700992e-001 6.2832059343780555e-002 -4.0579979180405514e-004 3.7811619197807778e+000 6.2821161002317438e-002 -9.9793660983135768e-001 -1.3267422078821514e-002 2.3745039240831229e+001 -1.2385819198987072e-003 1.3215713257948994e-002 -9.9991190153828624e-001 1.9362363171299328e+000 0.0000000000000000e+000 0.0000000000000000e+000 0.0000000000000000e+000 1.0000000000000000e+000</transform>
      </camera>
      <camera id="57" sensor_id="0" label="_DSC0612.JPG" enabled="1">
        <transform>9.9811983003732996e-001 6.1292407877270937e-002 -2.1359507840404841e-004 4.7982155815140866e+000 6.1283173933208777e-002 -9.9801903481842502e-001 -1.4225987936565682e-002 2.3675406117690137e+001 -1.0851170090558939e-003 1.4186150877016933e-002 -9.9989878269971466e-001 1.9049242181498320e+000 0.0000000000000000e+000 0.0000000000000000e+000 0.0000000000000000e+000 1.0000000000000000e+000</transform>
      </camera>
      <camera id="58" sensor_id="0" label="_DSC0613.JPG" enabled="1">
        <transform>9.9804614777180456e-001 6.2481072379779401e-002 -5.0121189506391079e-005 5.7912225581070036e+000 6.2473204410688543e-002 -9.9793257234412935e-001 -1.5089061776312871e-002 2.3564360704129555e+001 -9.9279832856182773e-004 1.5056448748022507e-002 -9.9988615237064715e-001 1.8912893950980394e+000 0.0000000000000000e+000 0.0000000000000000e+000 0.0000000000000000e+000 1.0000000000000000e+000</transform>
      </camera>
      <camera id="59" sensor_id="0" label="_DSC0614.JPG" enabled="1">
        <transform>9.9768174109084140e-001 6.8048256259232387e-002 7.6046960796543586e-004 6.8668708192046610e+000 6.8052359492702996e-002 -9.9759416527553424e-001 -1.3219598166587330e-002 2.3434609085187859e+001 -1.4093055990832147e-004 1.3240703466506683e-002 -9.9991232811196473e-001 1.8789313573497060e+000 0.0000000000000000e+000 0.0000000000000000e+000 0.0000000000000000e+000 1.0000000000000000e+000</transform>
      </camera>
      <camera id="60" sensor_id="0" label="_DSC0615.JPG" enabled="1">
        <transform>9.9860744049890071e-001 5.2732308884378583e-002 -1.5758743466401130e-003 6.6643628665193271e+000 5.2697115809493315e-002 -9.9845968600458623e-001 -1.7357114074174184e-002 2.1417199777378826e+001 -2.4887277060297178e-003 1.7249899227112429e-002 -9.9984811207055835e-001 1.7459038521848775e+000 0.0000000000000000e+000 0.0000000000000000e+000 0.0000000000000000e+000 1.0000000000000000e+000</transform>
      </camera>
      <camera id="61" sensor_id="0" label="_DSC0616.JPG" enabled="1">
        <transform>9.9762923867764663e-001 6.8639658354458954e-002 -4.9496905402282576e-003 5.5309740400811158e+000 6.8540371135011019e-002 -9.9748559257299263e-001 -1.8019715147044348e-002 2.1520992907085688e+001 -6.1741120929103121e-003 1.7637741076703198e-002 -9.9982537996871002e-001 1.7518882520594579e+000 0.0000000000000000e+000 0.0000000000000000e+000 0.0000000000000000e+000 1.0000000000000000e+000</transform>
      </camera>
      <camera id="62" sensor_id="0" label="_DSC0617.JPG" enabled="1">
        <transform>9.9804909551396803e-001 6.2226912459907982e-002 -5.0807784302698729e-003 4.2846885880985672e+000 6.2126517086769487e-002 -9.9790642524159823e-001 -1.7973934911473175e-002 2.1602359092983470e+001 -6.1886039150915520e-003 1.7623218413260481e-002 -9.9982554646015154e-001 1.7161446806013181e+000 0.0000000000000000e+000 0.0000000000000000e+000 0.0000000000000000e+000 1.0000000000000000e+000</transform>
      </camera>
      <camera id="63" sensor_id="0" label="_DSC0618.JPG" enabled="1">
        <transform>9.9797045121800065e-001 6.3488001797747967e-002 -4.9246445017899617e-003 3.1337441362730392e+000 6.3377937258097372e-002 -9.9778969389670324e-001 -1.9974078763036182e-002 2.1888124932263029e+001 -6.1818738784070884e-003 1.9621426585558231e-002 -9.9978836963334350e-001 1.7553166545796997e+000 0.0000000000000000e+000 0.0000000000000000e+000 0.0000000000000000e+000 1.0000000000000000e+000</transform>
      </camera>
      <camera id="64" sensor_id="0" label="_DSC0619.JPG" enabled="1">
        <transform>9.9809355435846636e-001 6.1546828721639427e-002 -4.6091889083025731e-003 2.0376640175483893e+000 6.1436409784109941e-002 -9.9788687362691675e-001 -2.1150768211504016e-002 2.2106413547160830e+001 -5.9012118181064497e-003 2.0827273403089257e-002 -9.9976567273620209e-001 1.7650020543162295e+000 0.0000000000000000e+000 0.0000000000000000e+000 0.0000000000000000e+000 1.0000000000000000e+000</transform>
      </camera>
      <camera id="65" sensor_id="0" label="_DSC0620.JPG" enabled="1">
        <transform>9.9810523710487886e-001 6.1374488188972752e-002 -4.3712542083978343e-003 9.9992527492946648e-001 6.1264320755117958e-002 -9.9787943281314506e-001 -2.1984553007278845e-002 2.2237676843511650e+001 -5.7112753590431850e-003 2.1675095572049396e-002 -9.9974875422063703e-001 1.7715882724414096e+000 0.0000000000000000e+000 0.0000000000000000e+000 0.0000000000000000e+000 1.0000000000000000e+000</transform>
      </camera>
      <camera id="66" sensor_id="0" label="_DSC0621.JPG" enabled="1">
        <transform>9.9801176474572117e-001 6.2889090538066100e-002 -4.1808755573868785e-003 -4.3658958398771812e-002 6.2786798116658632e-002 -9.9780081596683412e-001 -2.1244990896162254e-002 2.2322201938510521e+001 -5.5077591985655573e-003 2.0940247066713144e-002 -9.9976555783913446e-001 1.7836748812381558e+000 0.0000000000000000e+000 0.0000000000000000e+000 0.0000000000000000e+000 1.0000000000000000e+000</transform>
      </camera>
      <camera id="67" sensor_id="0" label="_DSC0622.JPG" enabled="1">
        <transform>9.9810879661582674e-001 6.1353907709782482e-002 -3.8115779995788498e-003 -1.0424366685677477e+000 6.1262125875489570e-002 -9.9790569244640170e-001 -2.0764896250238449e-002 2.2384903529829849e+001 -5.0776029111235408e-003 2.0492120236983536e-002 -9.9977712064083057e-001 1.8001591553226901e+000 0.0000000000000000e+000 0.0000000000000000e+000 0.0000000000000000e+000 1.0000000000000000e+000</transform>
      </camera>
      <camera id="68" sensor_id="0" label="_DSC0623.JPG" enabled="1">
        <transform>9.9812718017621394e-001 6.1072110313948096e-002 -3.5113437997898989e-003 -2.0642332868829514e+000 6.0982894817859519e-002 -9.9790668544324979e-001 -2.1525187276787514e-002 2.2448409962317626e+001 -4.8185820645964030e-003 2.1270742569732912e-002 -9.9976214010004349e-001 1.8094776390334102e+000 0.0000000000000000e+000 0.0000000000000000e+000 0.0000000000000000e+000 1.0000000000000000e+000</transform>
      </camera>
      <camera id="69" sensor_id="0" label="_DSC0624.JPG" enabled="1">
        <transform>9.9813814840700710e-001 6.0884408891140787e-002 -3.6504038966275478e-003 -3.0718744370645652e+000 6.0795152273342021e-002 -9.9793053204460036e-001 -2.0942843007622898e-002 2.2495355736919141e+001 -4.9179421197582925e-003 2.0681923681252677e-002 -9.9977401040342595e-001 1.8266764663014230e+000 0.0000000000000000e+000 0.0000000000000000e+000 0.0000000000000000e+000 1.0000000000000000e+000</transform>
      </camera>
      <camera id="70" sensor_id="0" label="_DSC0625.JPG" enabled="1">
        <transform>9.9820578061293763e-001 5.9774301174496856e-002 -3.5003528416936956e-003 -4.0944539317639634e+000 5.9692311578534073e-002 -9.9801423215759255e-001 -2.0110205103436581e-002 2.2521431673363711e+001 -4.6954754101173023e-003 1.9865178831101008e-002 -9.9979164188378844e-001 1.8354908727604522e+000 0.0000000000000000e+000 0.0000000000000000e+000 0.0000000000000000e+000 1.0000000000000000e+000</transform>
      </camera>
      <camera id="71" sensor_id="0" label="_DSC0626.JPG" enabled="1">
        <transform>9.9825161391522910e-001 5.9003185302891073e-002 -3.5127538703306816e-003 -5.1450741200583288e+000 5.8922661873529764e-002 -9.9806664288132874e-001 -1.9776154462681390e-002 2.2592616022197063e+001 -4.6728185689695247e-003 1.9534597300862128e-002 -9.9979826178830433e-001 1.8506480290153504e+000 0.0000000000000000e+000 0.0000000000000000e+000 0.0000000000000000e+000 1.0000000000000000e+000</transform>
      </camera>
      <camera id="72" sensor_id="0" label="_DSC0627.JPG" enabled="1">
        <transform>9.9823410868570805e-001 5.9281864789078043e-002 -3.7848069407437884e-003 -6.1683877090306405e+000 5.9195146761579706e-002 -9.9804718234854761e-001 -1.9943831276863350e-002 2.2701982303463559e+001 -4.9597234120737632e-003 1.9684570436116270e-002 -9.9979393818447471e-001 1.8500921149762128e+000 0.0000000000000000e+000 0.0000000000000000e+000 0.0000000000000000e+000 1.0000000000000000e+000</transform>
      </camera>
      <camera id="73" sensor_id="0" label="_DSC0628.JPG" enabled="1">
        <transform>9.9826296297734274e-001 5.8783060739089288e-002 -3.9507616786805810e-003 -7.2037211187603187e+000 5.8692767187894873e-002 -9.9807527768606141e-001 -2.0022466174748704e-002 2.2772330496890362e+001 -5.1201394048171842e-003 1.9755805274296601e-002 -9.9979172447587272e-001 1.8387209076978661e+000 0.0000000000000000e+000 0.0000000000000000e+000 0.0000000000000000e+000 1.0000000000000000e+000</transform>
      </camera>
      <camera id="74" sensor_id="0" label="_DSC0629.JPG" enabled="1">
        <transform>9.9826374405391749e-001 5.8744567769021788e-002 -4.3096479073662817e-003 -8.2519363684311990e+000 5.8656282763336023e-002 -9.9810959629217866e-001 -1.8348686106959111e-002 2.2835218207012780e+001 -5.3793865674655597e-003 1.8064040165338205e-002 -9.9982236054864404e-001 1.8405246481355295e+000 0.0000000000000000e+000 0.0000000000000000e+000 0.0000000000000000e+000 1.0000000000000000e+000</transform>
      </camera>
      <camera id="75" sensor_id="0" label="_DSC0630.JPG" enabled="1">
        <transform>9.9825698619293823e-001 5.8893372391022381e-002 -3.8157837207742937e-003 -9.2292593113095638e+000 5.8804795134082849e-002 -9.9806493000597052e-001 -2.0208700141666300e-002 2.2938978170270257e+001 -4.9985584151741773e-003 1.9949089718320510e-002 -9.9978850175083556e-001 1.8405143863517694e+000 0.0000000000000000e+000 0.0000000000000000e+000 0.0000000000000000e+000 1.0000000000000000e+000</transform>
      </camera>
      <camera id="76" sensor_id="0" label="_DSC0631.JPG" enabled="1">
        <transform>9.9830872987697339e-001 5.7995269156628865e-002 -4.0284745094809008e-003 -1.0335305427533489e+001 5.7909751588776703e-002 -9.9814431159925643e-001 -1.8825352399695985e-002 2.2989412502587939e+001 -5.1127802954497228e-003 1.8560225685501180e-002 -9.9981467157676462e-001 1.8367429554138630e+000 0.0000000000000000e+000 0.0000000000000000e+000 0.0000000000000000e+000 1.0000000000000000e+000</transform>
      </camera>
      <camera id="77" sensor_id="0" label="_DSC0632.JPG" enabled="1">
        <transform>9.9837709577867906e-001 5.6847386264095225e-002 -3.3984260286015889e-003 -1.1401422261702384e+001 5.6775424520601921e-002 -9.9821642724780135e-001 -1.8453063245444715e-002 2.3061008231992378e+001 -4.4413731026061868e-003 1.8230168610731654e-002 -9.9982395208225916e-001 1.8227427937350120e+000 0.0000000000000000e+000 0.0000000000000000e+000 0.0000000000000000e+000 1.0000000000000000e+000</transform>
      </camera>
      <camera id="78" sensor_id="0" label="_DSC0633.JPG" enabled="1">
        <transform>9.9838920332357683e-001 5.6655223592613553e-002 -3.0305653903642997e-003 -1.2425451876703070e+001 5.6591112858210856e-002 -9.9823190395781780e-001 -1.8179985319553688e-002 2.3151339495665283e+001 -4.0551981928817682e-003 1.7979197991593230e-002 -9.9983013747695937e-001 1.8156301349877286e+000 0.0000000000000000e+000 0.0000000000000000e+000 0.0000000000000000e+000 1.0000000000000000e+000</transform>
      </camera>
