<?xml version="1.0" encoding="UTF-8"?>
<document version="1.4.0">
  <chunk label="SONY-A-9" enabled="1">
    <sensors next_id="1">
      <sensor id="0" label="SONY-A-9" type="frame">
        <resolution width="6000" height="4000"/>
        <property name="pixel_width" value="0.006"/>
        <property name="pixel_height" value="0.006"/>
        <property name="focal_length" value="55"/>
        <property name="fixed" value="1"/>
        <property name="layer_index" value="0"/>
        <calibration type="frame" class="initial">
          <resolution width="6000" height="4000"/>
          <f>9227.77018581081</f>
          <cx>-37.8304617831239</cx>
          <cy>31.7622333680372</cy>
          <k1>-0.017282082281574</k1>
        </calibration>
      </sensor>
    </sensors>
    <cameras next_id="587" next_group_id="0">
      <camera id="0" sensor_id="0" label="_DSC7898.JPG" enabled="1"/>
      <camera id="1" sensor_id="0" label="_DSC7899.JPG" enabled="1"/>
      <camera id="2" sensor_id="0" label="_DSC7900.JPG" enabled="1"/>
      <camera id="3" sensor_id="0" label="_DSC7901.JPG" enabled="1">
        <transform>-8.8612420851766904e-003 -9.8072217589947075e-001 -1.9520628086133873e-001 -9.8822037779945848e+000 -9.9781774825046476e-001 -4.1014180946185030e-003 6.5900831906629140e-002 2.3844590956226192e+001 -6.5431029833562485e-002 1.9536425483854791e-001 -9.7854564955667678e-001 -7.5678618656479326e+000 0.0000000000000000e+000 0.0000000000000000e+000 0.0000000000000000e+000 1.0000000000000000e+000</transform>
      </camera>
      <camera id="4" sensor_id="0" label="_DSC7902.JPG" enabled="1">
        <transform>-1.7674032583618549e-002 -9.8143750812512831e-001 -1.9096608656348424e-001 -1.0088018823621344e+001 -9.9788243021135137e-001 5.3571496077720049e-003 6.4822499362240674e-002 2.4042686212662360e+001 -6.2596198348788920e-002 1.9170737751380079e-001 -9.7945392814519872e-001 -5.0215970946960695e+000 0.0000000000000000e+000 0.0000000000000000e+000 0.0000000000000000e+000 1.0000000000000000e+000</transform>
      </camera>
      <camera id="5" sensor_id="0" label="_DSC7903.JPG" enabled="1">
        <transform>-9.9515722010240504e-003 -9.8139888853730484e-001 -1.9172164141919573e-001 -9.2501674490018715e+000 -9.9791175828613343e-001 -2.4899995097356076e-003 6.4543958483496922e-002 2.3701921035612227e+001 -6.3820755910641347e-002 1.9196359415312159e-001 -9.7932471103041707e-001 -2.1686481388505170e+000 0.0000000000000000e+000 0.0000000000000000e+000 0.0000000000000000e+000 1.0000000000000000e+000</transform>
      </camera>
      <camera id="6" sensor_id="0" label="_DSC7904.JPG" enabled="1">
        <transform>-1.0603393084322787e-002 -9.8190182466654752e-001 -1.8909356089408119e-001 -9.2106760731457964e+000 -9.9800549172259856e-001 -1.3767729951850161e-003 6.3112146118270041e-002 2.3603997624739883e+001 -6.2230270340353500e-002 1.8938561511536184e-001 -9.7992881488439887e-001 1.4792104090925049e+000 0.0000000000000000e+000 0.0000000000000000e+000 0.0000000000000000e+000 1.0000000000000000e+000</transform>
      </camera>
      <camera id="7" sensor_id="0" label="_DSC7905.JPG" enabled="1">
        <transform>-5.4590656279857042e-003 -9.8228808883240415e-001 -1.8729738156325609e-001 -9.2502601444137778e+000 -9.9798386963481245e-001 -6.4919786333632601e-003 6.3135173731838301e-002 2.3624475503187302e+001 -6.3232859742342773e-002 1.8726442468180271e-001 -9.8027222785173229e-001 1.5319695436099443e+000 0.0000000000000000e+000 0.0000000000000000e+000 0.0000000000000000e+000 1.0000000000000000e+000</transform>
      </camera>
      <camera id="8" sensor_id="0" label="_DSC7906.JPG" enabled="1">
        <transform>9.8946356767145471e-001 -1.4208596829783185e-001 -2.7810535121510556e-002 9.4657929803216305e+000 -1.4069992534577588e-001 -9.8895060747332375e-001 4.6692900807692624e-002 2.1245482847867329e+001 -3.4137651626471692e-002 -4.2287984002686262e-002 -9.9852208145359422e-001 1.8789022889745730e+000 0.0000000000000000e+000 0.0000000000000000e+000 0.0000000000000000e+000 1.0000000000000000e+000</transform>
      </camera>
      <camera id="9" sensor_id="0" label="_DSC7907.JPG" enabled="1">
        <transform>9.9829462848712625e-001 -5.2218585960192916e-002 -2.6097011592680991e-002 8.9429018196983456e+000 -5.1240674644920457e-002 -9.9800689342079119e-001 3.6832512085317334e-002 2.1168627595183860e+001 -2.7968339165634917e-002 -3.5432470488234169e-002 -9.9898063646870372e-001 1.8558268460189129e+000 0.0000000000000000e+000 0.0000000000000000e+000 0.0000000000000000e+000 1.0000000000000000e+000</transform>
      </camera>
      <camera id="10" sensor_id="0" label="_DSC7908.JPG" enabled="1">
        <transform>9.9964943342967150e-001 -1.1491789507642094e-002 -2.3852652214135409e-002 7.6833911012684473e+000 -1.0675867756766558e-002 -9.9936288042925436e-001 3.4056703712834563e-002 2.1177697515386978e+001 -2.4228827692987624e-002 -3.3790116810331006e-002 -9.9913522203682104e-001 1.8199955230308205e+000 0.0000000000000000e+000 0.0000000000000000e+000 0.0000000000000000e+000 1.0000000000000000e+000</transform>
      </camera>
      <camera id="11" sensor_id="0" label="_DSC7909.JPG" enabled="1">
        <transform>9.9968378708147265e-001 1.3120600402807726e-002 -2.1451706028008829e-002 6.4159752742431770e+000 1.3771706017577870e-002 -9.9944014504699508e-001 3.0491582146665541e-002 2.1312532074876774e+001 -2.1039628319142859e-002 -3.0777366903477706e-002 -9.9930480221335927e-001 1.8247329694832632e+000 0.0000000000000000e+000 0.0000000000000000e+000 0.0000000000000000e+000 1.0000000000000000e+000</transform>
      </camera>
      <camera id="12" sensor_id="0" label="_DSC7910.JPG" enabled="1">
        <transform>9.9939434489251822e-001 2.9300154991228622e-002 -1.8773500322131556e-002 5.2164354352259226e+000 2.9795949465994190e-002 -9.9919940118267525e-001 2.6697529316456664e-002 2.1458760966396692e+001 -1.7976228533121565e-002 -2.7240734088367052e-002 -9.9946725689942029e-001 1.7628757397999830e+000 0.0000000000000000e+000 0.0000000000000000e+000 0.0000000000000000e+000 1.0000000000000000e+000</transform>
      </camera>
      <camera id="13" sensor_id="0" label="_DSC7911.JPG" enabled="1">
        <transform>9.9882942541476138e-001 4.4741242905085826e-002 -1.8384779273272100e-002 4.1219215185982909e+000 4.5162520478998963e-002 -9.9871076922236779e-001 2.3176414374323787e-002 2.1683228805718400e+001 -1.7324135464802482e-002 -2.3979587623111254e-002 -9.9956233107686820e-001 1.7584189917488877e+000 0.0000000000000000e+000 0.0000000000000000e+000 0.0000000000000000e+000 1.0000000000000000e+000</transform>
      </camera>
      <camera id="14" sensor_id="0" label="_DSC7912.JPG" enabled="1">
        <transform>9.9802023147767094e-001 6.0661671841493854e-002 -1.6606599009142450e-002 3.1541807305520897e+000 6.1013577172691118e-002 -9.9790375092381911e-001 2.1574227512579740e-002 2.1952537926409409e+001 -1.5263058731709189e-002 -2.2544743546277026e-002 -9.9962931808575173e-001 1.6949035268254093e+000 0.0000000000000000e+000 0.0000000000000000e+000 0.0000000000000000e+000 1.0000000000000000e+000</transform>
      </camera>
      <camera id="15" sensor_id="0" label="_DSC7913.JPG" enabled="1">
        <transform>9.9699468723458406e-001 7.6158543342096138e-002 -1.4194009371006799e-002 2.1300505185591403e+000 7.6383248795540135e-002 -9.9694975512417139e-001 1.6024514385569025e-002 2.2106019404639046e+001 -1.2930310493286020e-002 -1.7060540257118319e-002 -9.9977084626262358e-001 1.6873274464827337e+000 0.0000000000000000e+000 0.0000000000000000e+000 0.0000000000000000e+000 1.0000000000000000e+000</transform>
      </camera>
      <camera id="16" sensor_id="0" label="_DSC7914.JPG" enabled="1">
        <transform>9.9563733491613027e-001 9.2375743048701581e-002 -1.3153684552479899e-002 1.0724429654226717e+000 9.2547393394854627e-002 -9.9562210708622167e-001 1.3099612857264187e-002 2.2085886127708807e+001 -1.1886012658747417e-002 -1.4259802852509766e-002 -9.9982767551497775e-001 1.6363784074078984e+000 0.0000000000000000e+000 0.0000000000000000e+000 0.0000000000000000e+000 1.0000000000000000e+000</transform>
      </camera>
      <camera id="17" sensor_id="0" label="_DSC7915.JPG" enabled="1">
        <transform>9.9561027898472032e-001 9.2974383242432873e-002 -1.0767378541543223e-002 -1.2529368186103636e-003 9.3096893306766126e-002 -9.9559066952344322e-001 1.1497269871173551e-002 2.2155139017578069e+001 -9.6509500359432069e-003 -1.2449209555277330e-002 -9.9987593047580281e-001 1.5828568750806378e+000 0.0000000000000000e+000 0.0000000000000000e+000 0.0000000000000000e+000 1.0000000000000000e+000</transform>
      </camera>
      <camera id="18" sensor_id="0" label="_DSC7916.JPG" enabled="1">
        <transform>9.9554952800161300e-001 9.3562985626982079e-002 -1.1274086053019336e-002 -1.0349206521557266e+000 9.3674703835907439e-002 -9.9555437846029959e-001 9.8249371388091072e-003 2.2291958752813343e+001 -1.0304715280917200e-002 -1.0837308203224044e-002 -9.9988817654470119e-001 1.5703790838822147e+000 0.0000000000000000e+000 0.0000000000000000e+000 0.0000000000000000e+000 1.0000000000000000e+000</transform>
      </camera>
      <camera id="19" sensor_id="0" label="_DSC7917.JPG" enabled="1">
        <transform>9.9638195809938346e-001 8.4433677108105731e-002 -9.6926644449672646e-003 -2.1400612069432698e+000 8.4496387167862702e-002 -9.9640416532175957e-001 6.2529900868558376e-003 2.2323665155725575e+001 -9.1298482800777313e-003 -7.0493616343475845e-003 -9.9993347397260934e-001 1.4888522013387957e+000 0.0000000000000000e+000 0.0000000000000000e+000 0.0000000000000000e+000 1.0000000000000000e+000</transform>
      </camera>
      <camera id="20" sensor_id="0" label="_DSC7918.JPG" enabled="1">
        <transform>9.9689910804894200e-001 7.8313654981784303e-002 -7.6902415188439058e-003 -3.2337134561420480e+000 7.8340928526747983e-002 -9.9692112743836947e-001 3.3112814101712300e-003 2.2272929120456361e+001 -7.4072456953354800e-003 -3.9034741454799216e-003 -9.9996494718605233e-001 1.4428429777306842e+000 0.0000000000000000e+000 0.0000000000000000e+000 0.0000000000000000e+000 1.0000000000000000e+000</transform>
      </camera>
      <camera id="21" sensor_id="0" label="_DSC7919.JPG" enabled="1">
        <transform>9.9708657451477900e-001 7.5986490404570145e-002 -6.6645478752259098e-003 -4.2475549764055183e+000 7.6004504525525707e-002 -9.9710435943487097e-001 2.4923257822581342e-003 2.2280029247141627e+001 -6.4558666509115402e-003 -2.9916002359498192e-003 -9.9997468573650095e-001 1.3850141780980914e+000 0.0000000000000000e+000 0.0000000000000000e+000 0.0000000000000000e+000 1.0000000000000000e+000</transform>
      </camera>
      <camera id="22" sensor_id="0" label="_DSC7920.JPG" enabled="1">
        <transform>9.9737967950294470e-001 7.2167987971745590e-002 -5.0553364590367753e-003 -5.3688410367179449e+000 7.2176074740788881e-002 -9.9739087277419780e-001 1.4356676969462310e-003 2.2361953539046155e+001 -4.9385371939612730e-003 -1.7967801295602354e-003 -9.9998619112043241e-001 1.3882293476083980e+000 0.0000000000000000e+000 0.0000000000000000e+000 0.0000000000000000e+000 1.0000000000000000e+000</transform>
      </camera>
      <camera id="23" sensor_id="0" label="_DSC7921.JPG" enabled="1">
        <transform>9.9744578867247147e-001 7.1227618327473666e-002 -5.3408844722406170e-003 -6.3481839551289454e+000 7.1233702969390814e-002 -9.9745919345453682e-001 9.5757730423755890e-004 2.2573454789824176e+001 -5.2591083672697009e-003 -1.3355824275295114e-003 -9.9998527889102473e-001 1.2990401749087219e+000 0.0000000000000000e+000 0.0000000000000000e+000 0.0000000000000000e+000 1.0000000000000000e+000</transform>
      </camera>
      <camera id="24" sensor_id="0" label="_DSC7922.JPG" enabled="1">
        <transform>9.9773354575785944e-001 6.7182367676339436e-002 -3.7816851865883493e-003 -7.3760240302258318e+000 6.7172131315415620e-002 -9.9773755146731291e-001 -2.7718525494043206e-003 2.2586527792697602e+001 -3.9593489356055476e-003 2.5115464184880610e-003 -9.9998900778488253e-001 1.2325587166686978e+000 0.0000000000000000e+000 0.0000000000000000e+000 0.0000000000000000e+000 1.0000000000000000e+000</transform>
      </camera>
      <camera id="25" sensor_id="0" label="_DSC7923.JPG" enabled="1">
        <transform>9.9802782550474900e-001 6.2375925108709242e-002 -7.0500698644977459e-003 -8.3872481882734249e+000 6.2356019888938928e-002 -9.9804943393383472e-001 -3.0090210970437322e-003 2.2623851232804441e+001 -7.2240087120556884e-003 2.5634724856914409e-003 -9.9997062072190068e-001 1.2307454220529730e+000 0.0000000000000000e+000 0.0000000000000000e+000 0.0000000000000000e+000 1.0000000000000000e+000</transform>
      </camera>
      <camera id="26" sensor_id="0" label="_DSC7924.JPG" enabled="1">
        <transform>9.9812825563711804e-001 6.0595775107696294e-002 -8.2545343843414033e-003 -9.4401294003942393e+000 6.0582665495198217e-002 -9.9816150713344387e-001 -1.8292945604301079e-003 2.2690862411641579e+001 -8.3502060035486048e-003 1.3257888932234044e-003 -9.9996425753299245e-001 1.2518507542791328e+000 0.0000000000000000e+000 0.0000000000000000e+000 0.0000000000000000e+000 1.0000000000000000e+000</transform>
      </camera>
      <camera id="27" sensor_id="0" label="_DSC7925.JPG" enabled="1">
        <transform>9.9850165552175030e-001 5.4353201796075556e-002 -6.3382469847769688e-003 -1.0664887506559083e+001 5.4329024970094661e-002 -9.9851536848885292e-001 -3.9263134578284972e-003 2.2713277044299371e+001 -6.5422447312659358e-003 3.5760797090365051e-003 -9.9997220495761319e-001 1.2169049440502973e+000 0.0000000000000000e+000 0.0000000000000000e+000 0.0000000000000000e+000 1.0000000000000000e+000</transform>
      </camera>
      <camera id="28" sensor_id="0" label="_DSC7926.JPG" enabled="1">
        <transform>9.9881827438103266e-001 4.7871797795290376e-002 -8.3872366332408133e-003 -1.1721693085083386e+001 4.7849529313196727e-002 -9.9885052916298256e-001 -2.8360069349894746e-003 2.2662895467989163e+001 -8.5133604998655944e-003 2.4313302277998564e-003 -9.9996080489503325e-001 1.2071900541218767e+000 0.0000000000000000e+000 0.0000000000000000e+000 0.0000000000000000e+000 1.0000000000000000e+000</transform>
      </camera>
      <camera id="29" sensor_id="0" label="_DSC7927.JPG" enabled="1">
        <transform>9.9876416674750756e-001 4.9363216187288637e-002 -5.7803208218903078e-003 -1.2844864976124512e+001 4.9358319739222674e-002 -9.9878064785014509e-001 -9.8678901757908236e-004 2.2784281961793464e+001 -5.8219836548752835e-003 7.0026258757581547e-004 -9.9998280692151442e-001 1.1685505200841260e+000 0.0000000000000000e+000 0.0000000000000000e+000 0.0000000000000000e+000 1.0000000000000000e+000</transform>
      </camera>
      <camera id="30" sensor_id="0" label="_DSC7928.JPG" enabled="1">
        <transform>9.9896353200682830e-001 4.5355338869027137e-002 -3.8412181033216719e-003 -1.3871631543238836e+001 4.5344758671432908e-002 -9.9896747861196467e-001 -2.7981309267714988e-003 2.2790011640322035e+001 -3.9641621398575104e-003 2.6210516457257373e-003 -9.9998870768964154e-001 1.1433129818646588e+000 0.0000000000000000e+000 0.0000000000000000e+000 0.0000000000000000e+000 1.0000000000000000e+000</transform>
      </camera>
      <camera id="31" sensor_id="0" label="_DSC7929.JPG" enabled="1">
        <transform>9.9907528003574164e-001 4.2808538108684943e-002 -4.0017354361584793e-003 -1.4925235443713033e+001 4.2795822901537578e-002 -9.9907867957168450e-001 -3.2108515193974051e-003 2.2811244751253387e+001 -4.1355004151818848e-003 3.0366248198705047e-003 -9.9998683818639300e-001 1.1656987143301987e+000 0.0000000000000000e+000 0.0000000000000000e+000 0.0000000000000000e+000 1.0000000000000000e+000</transform>
      </camera>
      <camera id="32" sensor_id="0" label="_DSC7930.JPG" enabled="1">
        <transform>9.9914697768215976e-001 4.0816511734126447e-002 -6.2713123398264762e-003 -1.6497043421128307e+001 4.0791813290395572e-002 -9.9915959243847174e-001 -4.0170644342165870e-003 2.2883844752595643e+001 -6.4300044391313238e-003 3.7578195865500428e-003 -9.9997226653286120e-001 1.1983586388162257e+000 0.0000000000000000e+000 0.0000000000000000e+000 0.0000000000000000e+000 1.0000000000000000e+000</transform>
      </camera>
      <camera id="33" sensor_id="0" label="_DSC7931.JPG" enabled="1">
        <transform>9.9952274512618944e-001 3.0172140934722893e-002 -6.6275098507822599e-003 -1.6919435210708404e+001 3.0178874780918106e-002 -9.9954409212499673e-001 9.1837627024088213e-004 2.2858646246273452e+001 -6.5967789385928130e-003 -1.1179487605859765e-003 -9.9997761609858249e-001 1.2445041693685202e+000 0.0000000000000000e+000 0.0000000000000000e+000 0.0000000000000000e+000 1.0000000000000000e+000</transform>
      </camera>
      <camera id="34" sensor_id="0" label="_DSC7932.JPG" enabled="1">
        <transform>9.9942014442426297e-001 3.3756530174668967e-002 -4.4577561116576955e-003 -1.6542138240426070e+001 3.3757726126637216e-002 -9.9943002684719429e-001 1.9329504786500925e-004 2.0983690247972245e+001 -4.4486903402364258e-003 -3.4366667461042618e-004 -9.9999004547419046e-001 1.2410215558470135e+000 0.0000000000000000e+000 0.0000000000000000e+000 0.0000000000000000e+000 1.0000000000000000e+000</transform>
      </camera>
      <camera id="35" sensor_id="0" label="_DSC7933.JPG" enabled="1">
        <transform>9.9954985267250152e-001 2.9871876072142766e-002 -2.7862236649197464e-003 -1.5546371963518416e+001 2.9884830995427155e-002 -9.9954215694095327e-001 4.7300501267428545e-003 2.1026152693643013e+001 -2.6436525405527252e-003 -4.8111867306609530e-003 -9.9998493167821656e-001 1.3053680939578725e+000 0.0000000000000000e+000 0.0000000000000000e+000 0.0000000000000000e+000 1.0000000000000000e+000</transform>
      </camera>
      <camera id="36" sensor_id="0" label="_DSC7934.JPG" enabled="1">
        <transform>9.9969613093650989e-001 2.4585524538100895e-002 -1.7882320201250837e-003 -1.4432255154767940e+001 2.4589935583836806e-002 -9.9969452573688156e-001 2.4880272695981956e-003 2.0907934799530221e+001 -1.7265163057782807e-003 -2.5312437452656763e-003 -9.9999530596225694e-001 1.2016067553579730e+000 0.0000000000000000e+000 0.0000000000000000e+000 0.0000000000000000e+000 1.0000000000000000e+000</transform>
      </camera>
      <camera id="37" sensor_id="0" label="_DSC7935.JPG" enabled="1">
        <transform>9.9955664977330505e-001 2.9766731421469933e-002 -6.6752861257195824e-004 -1.3297612115899572e+001 2.9769869107981087e-002 -9.9954259429710690e-001 5.3251365337353730e-003 2.0928912974945863e+001 -5.0871137219536536e-004 -5.3426478726680583e-003 -9.9998559855952351e-001 1.1960011406236055e+000 0.0000000000000000e+000 0.0000000000000000e+000 0.0000000000000000e+000 1.0000000000000000e+000</transform>
      </camera>
      <camera id="38" sensor_id="0" label="_DSC7936.JPG" enabled="1">
        <transform>9.9970686369321027e-001 2.4115623662981724e-002 2.1502046483709305e-003 -1.2143799215004602e+001 2.4108281857992787e-002 -9.9970364803878975e-001 3.3774019291581371e-003 2.1018520227884650e+001 2.2310155848885888e-003 -3.3245741503147878e-003 -9.9999198485596830e-001 1.2082226967272200e+000 0.0000000000000000e+000 0.0000000000000000e+000 0.0000000000000000e+000 1.0000000000000000e+000</transform>
      </camera>
      <camera id="39" sensor_id="0" label="_DSC7937.JPG" enabled="1">
        <transform>9.9978832716722366e-001 2.0480041016714714e-002 1.9669214826565635e-003 -1.0928160530352525e+001 2.0472713342785203e-002 -9.9978365408613368e-001 3.6760074214337388e-003 2.1008210173119505e+001 2.0417807299996055e-003 -3.6349610908473417e-003 -9.9999130905689304e-001 1.2287671148620631e+000 0.0000000000000000e+000 0.0000000000000000e+000 0.0000000000000000e+000 1.0000000000000000e+000</transform>
      </camera>
      <camera id="40" sensor_id="0" label="_DSC7938.JPG" enabled="1">
        <transform>9.9986578048367925e-001 1.6352157357829349e-002 1.0138873251131107e-003 -1.0017710672018101e+001 1.6348231482704971e-002 -9.9985926453020812e-001 3.7664918026238405e-003 2.1070346639853206e+001 1.0753349018475743e-003 -3.7494110012275361e-003 -9.9999239275706131e-001 1.2506715592974245e+000 0.0000000000000000e+000 0.0000000000000000e+000 0.0000000000000000e+000 1.0000000000000000e+000</transform>
      </camera>
      <camera id="41" sensor_id="0" label="_DSC7939.JPG" enabled="1">
        <transform>9.9992425143749353e-001 1.2136268897917532e-002 2.0499669279913429e-003 -8.9725768940620032e+000 1.2129187939617958e-002 -9.9992054893037330e-001 3.4320003942945399e-003 2.1094084133892704e+001 2.0914557355691324e-003 -3.4068759910585418e-003 -9.9999200947251954e-001 1.2569021690247544e+000 0.0000000000000000e+000 0.0000000000000000e+000 0.0000000000000000e+000 1.0000000000000000e+000</transform>
      </camera>
      <camera id="42" sensor_id="0" label="_DSC7940.JPG" enabled="1">
        <transform>9.9992599255314540e-001 1.2140817290692022e-002 7.8100711926202236e-004 -7.8614612299609874e+000 1.2139027716332450e-002 -9.9992377277004396e-001 2.2566912557011537e-003 2.1002019912616102e+001 8.0834566146971518e-004 -2.2470435766756064e-003 -9.9999714868216305e-001 1.2865306299314982e+000 0.0000000000000000e+000 0.0000000000000000e+000 0.0000000000000000e+000 1.0000000000000000e+000</transform>
      </camera>
      <camera id="43" sensor_id="0" label="_DSC7941.JPG" enabled="1">
        <transform>9.9992526733881870e-001 1.2083003234271302e-002 1.8603145519812490e-003 -6.8712006867014823e+000 1.2081272708408128e-002 -9.9992657817180464e-001 9.3867745845363276e-004 2.0977241629675781e+001 1.8715200070522570e-003 -9.1613234116326621e-004 -9.9999782905484180e-001 1.3583282091239284e+000 0.0000000000000000e+000 0.0000000000000000e+000 0.0000000000000000e+000 1.0000000000000000e+000</transform>
      </camera>
      <camera id="44" sensor_id="0" label="_DSC7942.JPG" enabled="1">
        <transform>9.9993286614299515e-001 1.1513445214260575e-002 1.3052916734400848e-003 -5.8516912238576353e+000 1.1511492975811950e-002 -9.9993262535892635e-001 1.4934096131984022e-003 2.0979721234398237e+001 1.3223980196461003e-003 -1.4782834989207890e-003 -9.9999803296875267e-001 1.4453260986160998e+000 0.0000000000000000e+000 0.0000000000000000e+000 0.0000000000000000e+000 1.0000000000000000e+000</transform>
      </camera>
      <camera id="45" sensor_id="0" label="_DSC7943.JPG" enabled="1">
        <transform>9.9992690435143528e-001 1.2042058624009087e-002 1.0838718796983514e-003 -4.8224962004337542e+000 1.2040211254746703e-002 -9.9992607723771687e-001 1.6951026318317401e-003 2.0927597785641460e+001 1.1042042821612730e-003 -1.6819286808008350e-003 -9.9999797592235951e-001 1.5375042545793480e+000 0.0000000000000000e+000 0.0000000000000000e+000 0.0000000000000000e+000 1.0000000000000000e+000</transform>
      </camera>
      <camera id="46" sensor_id="0" label="_DSC7944.JPG" enabled="1">
        <transform>9.9997282818037547e-001 7.2206609035497353e-003 1.4849097808344416e-003 -3.8250033073297436e+000 7.2179446932469742e-003 -9.9997228219406487e-001 1.8265043111607474e-003 2.0832212809290461e+001 1.4980571906630686e-003 -1.8157366850425367e-003 -9.9999722945863412e-001 1.6130106759483471e+000 0.0000000000000000e+000 0.0000000000000000e+000 0.0000000000000000e+000 1.0000000000000000e+000</transform>
      </camera>
      <camera id="47" sensor_id="0" label="_DSC7945.JPG" enabled="1">
        <transform>9.9997630054909492e-001 6.5960245657206047e-003 1.9725111088256496e-003 -2.8084356952255201e+000 6.5929159320546517e-003 -9.9997702087269003e-001 1.5783491668264526e-003 2.0754313113580132e+001 1.9828766121194313e-003 -1.5653071609023311e-003 -9.9999680900182530e-001 1.6028844917932368e+000 0.0000000000000000e+000 0.0000000000000000e+000 0.0000000000000000e+000 1.0000000000000000e+000</transform>
      </camera>
      <camera id="48" sensor_id="0" label="_DSC7946.JPG" enabled="1">
        <transform>9.9993342707519162e-001 1.1214695230516037e-002 2.7151479792503811e-003 -1.7803643315219424e+000 1.1210016101651558e-002 -9.9993566497239927e-001 1.7324708385234944e-003 2.0781716391164899e+001 2.7344024325799935e-003 -1.7019186503068650e-003 -9.9999481324467099e-001 1.6044895329669380e+000 0.0000000000000000e+000 0.0000000000000000e+000 0.0000000000000000e+000 1.0000000000000000e+000</transform>
      </camera>
      <camera id="49" sensor_id="0" label="_DSC7947.JPG" enabled="1">
        <transform>9.9995995527190695e-001 8.5606588462429530e-003 2.6082508935140066e-003 -7.3390937347610785e-001 8.5587557519701783e-003 -9.9996309941785622e-001 7.3993419479390858e-004 2.0754108935023126e+001 2.6144889717479593e-003 -7.1758118199282707e-004 -9.9999632475557820e-001 1.5879426511014487e+000 0.0000000000000000e+000 0.0000000000000000e+000 0.0000000000000000e+000 1.0000000000000000e+000</transform>
      </camera>
      <camera id="50" sensor_id="0" label="_DSC7948.JPG" enabled="1">
        <transform>9.9997597124920046e-001 6.5013466991405457e-003 2.4061203867857682e-003 3.2407980860550378e-001 6.5001415114104878e-003 -9.9997874463633352e-001 5.0836588597232468e-004 2.0676566045722190e+001 2.4093743066966439e-003 -4.9271354756753839e-004 -9.9999697606983307e-001 1.6354248091596892e+000 0.0000000000000000e+000 0.0000000000000000e+000 0.0000000000000000e+000 1.0000000000000000e+000</transform>
      </camera>
      <camera id="51" sensor_id="0" label="_DSC7949.JPG" enabled="1">
        <transform>9.9999593294692846e-001 2.0186504419265772e-003 2.0147307500522358e-003 1.3883376018881854e+000 2.0166004921919767e-003 -9.9999744748349706e-001 1.0189940850438034e-003 2.0656051165311435e+001 2.0167826002788413e-003 -1.0149270337185903e-003 -9.9999745125228168e-001 1.6128083899564969e+000 0.0000000000000000e+000 0.0000000000000000e+000 0.0000000000000000e+000 1.0000000000000000e+000</transform>
      </camera>
      <camera id="52" sensor_id="0" label="_DSC7950.JPG" enabled="1">
        <transform>9.9999905947397449e-001 -4.9433796663830160e-005 1.3706230209878851e-003 2.4540138109696450e+000 -5.0684638372964344e-005 -9.9999958230664099e-001 9.1258841266197456e-004 2.0590090881295545e+001 1.3705773357777225e-003 -9.1265702388098658e-004 -9.9999864428654273e-001 1.5791792830009501e+000 0.0000000000000000e+000 0.0000000000000000e+000 0.0000000000000000e+000 1.0000000000000000e+000</transform>
      </camera>
      <camera id="53" sensor_id="0" label="_DSC7951.JPG" enabled="1">
        <transform>9.9999641229897840e-001 -2.1620261518749406e-003 1.5814651719438164e-003 3.5134806054577163e+000 -2.1634121819689052e-003 -9.9999727680068984e-001 8.7523650254852693e-004 2.0476065440121562e+001 1.5795685810913657e-003 -8.7865472347997545e-004 -9.9999836646315310e-001 1.5917327742342808e+000 0.0000000000000000e+000 0.0000000000000000e+000 0.0000000000000000e+000 1.0000000000000000e+000</transform>
      </camera>
      <camera id="54" sensor_id="0" label="_DSC7952.JPG" enabled="1">
        <transform>9.9999953336071901e-001 -9.5784763300491000e-005 9.6130308592793105e-004 4.6122417153528321e+000 -9.5468853403861116e-005 -9.9999994143176851e-001 -3.2866724431431763e-004 2.0446937148075801e+001 9.6133451094031067e-004 3.2857531644188399e-004 -9.9999948393697657e-001 1.5980301337645542e+000 0.0000000000000000e+000 0.0000000000000000e+000 0.0000000000000000e+000 1.0000000000000000e+000</transform>
      </camera>
      <camera id="55" sensor_id="0" label="_DSC7953.JPG" enabled="1">
        <transform>9.9999711293217552e-001 2.2259672754475527e-004 2.3926090386153231e-003 5.6684788038848666e+000 2.2115216360960065e-004 -9.9999979313266141e-001 6.0400857187028144e-004 2.0425679370528339e+001 2.3927429939941663e-003 -6.0347769739100589e-004 -9.9999695529318156e-001 1.6553466451911918e+000 0.0000000000000000e+000 0.0000000000000000e+000 0.0000000000000000e+000 1.0000000000000000e+000</transform>
      </camera>
      <camera id="56" sensor_id="0" label="_DSC7954.JPG" enabled="1">
        <transform>9.9999525130431088e-001 -7.4605989686324945e-004 2.9901109442978589e-003 6.7190746446829070e+000 -7.4355704080529713e-004 -9.9999937238159520e-001 -8.3806881745415328e-004 2.0412788239118949e+001 2.9907343171847122e-003 8.3584151967495068e-004 -9.9999517842697527e-001 1.6920016164306828e+000 0.0000000000000000e+000 0.0000000000000000e+000 0.0000000000000000e+000 1.0000000000000000e+000</transform>
      </camera>
      <camera id="57" sensor_id="0" label="_DSC7955.JPG" enabled="1">
        <transform>9.9999721107640815e-001 -1.4477101659692002e-003 1.8660050055870629e-003 7.7772057805519381e+000 -1.4486656711778039e-003 -9.9999882022004916e-001 5.1080943904822994e-004 2.0357271700802645e+001 1.8652633000939859e-003 -5.1351123183357439e-004 -9.9999812854776693e-001 1.6735631148884367e+000 0.0000000000000000e+000 0.0000000000000000e+000 0.0000000000000000e+000 1.0000000000000000e+000</transform>
      </camera>
      <camera id="58" sensor_id="0" label="_DSC7956.JPG" enabled="1">
        <transform>9.9999532102182243e-001 6.0905797858745335e-004 2.9978296884213200e-003 8.8275057022231618e+000 6.0626794463989470e-004 -9.9999938236826080e-001 9.3150538180612730e-004 2.0290650446289973e+001 2.9983951776514418e-003 -9.2968353526919393e-004 -9.9999507264530207e-001 1.7017942500801961e+000 0.0000000000000000e+000 0.0000000000000000e+000 0.0000000000000000e+000 1.0000000000000000e+000</transform>
      </camera>
      <camera id="59" sensor_id="0" label="_DSC7957.JPG" enabled="1">
        <transform>9.9983753713769774e-001 -1.8018423239016555e-002 4.8554546822891494e-004 8.5088302639544029e+000 -1.8014728761443659e-002 -9.9981483383905112e-001 -6.7651742802465496e-003 1.8286965353642966e+001 6.0735333510578843e-004 6.7553282207575187e-003 -9.9997699806673357e-001 1.5119951207263831e+000 0.0000000000000000e+000 0.0000000000000000e+000 0.0000000000000000e+000 1.0000000000000000e+000</transform>
      </camera>
      <camera id="60" sensor_id="0" label="_DSC7958.JPG" enabled="1">
        <transform>9.9995753911436314e-001 -8.5622160984944809e-003 -3.4071137093560537e-003 7.4719235861656985e+000 -8.5733288173219825e-003 -9.9995793271819200e-001 -3.2604948933981424e-003 1.8476628012241630e+001 -3.3790533194781773e-003 3.2895667560456708e-003 -9.9998888031278710e-001 1.5329965141340789e+000 0.0000000000000000e+000 0.0000000000000000e+000 0.0000000000000000e+000 1.0000000000000000e+000</transform>
      </camera>
      <camera id="61" sensor_id="0" label="_DSC7959.JPG" enabled="1">
        <transform>9.9996500095043961e-001 -7.7989018523182442e-003 -3.0288618464122245e-003 6.1707635905488507e+000 -7.8197355079619984e-003 -9.9994542197580949e-001 -6.9285500796208059e-003 1.8719869659692737e+001 -2.9746614550672673e-003 6.9519924854822912e-003 -9.9997141018616609e-001 1.5116012038194933e+000 0.0000000000000000e+000 0.0000000000000000e+000 0.0000000000000000e+000 1.0000000000000000e+000</transform>
      </camera>
      <camera id="62" sensor_id="0" label="_DSC7960.JPG" enabled="1">
        <transform>9.9991998960141104e-001 -1.2036365102023609e-002 -3.8910552097103546e-003 4.9826951496619545e+000 -1.2066298514958222e-002 -9.9989706343286244e-001 -7.7631809515247008e-003 1.8880148274100687e+001 -3.7972141975588978e-003 7.8095104500209983e-003 -9.9996229564462524e-001 1.5493154289906832e+000 0.0000000000000000e+000 0.0000000000000000e+000 0.0000000000000000e+000 1.0000000000000000e+000</transform>
      </camera>
      <camera id="63" sensor_id="0" label="_DSC7961.JPG" enabled="1">
        <transform>9.9994059013094261e-001 -9.8913072062767129e-003 -4.5802019971291309e-003 3.8926332974106450e+000 -9.9283867087433045e-003 -9.9991754046437120e-001 -8.1449008001485551e-003 1.8977104263349265e+001 -4.4992605998204439e-003 8.1898909292901848e-003 -9.9995634021722235e-001 1.5502405527298866e+000 0.0000000000000000e+000 0.0000000000000000e+000 0.0000000000000000e+000 1.0000000000000000e+000</transform>
      </camera>
      <camera id="64" sensor_id="0" label="_DSC7962.JPG" enabled="1">
        <transform>9.9989928152816065e-001 -1.3649589030442059e-002 -3.8878681520844983e-003 2.8590147008182214e+000 -1.3681943539732302e-002 -9.9987094083183747e-001 -8.4205760510705201e-003 1.9010461186514835e+001 -3.7724289845581693e-003 8.4729215360653930e-003 -9.9995698826509538e-001 1.5860884977337562e+000 0.0000000000000000e+000 0.0000000000000000e+000 0.0000000000000000e+000 1.0000000000000000e+000</transform>
      </camera>
      <camera id="65" sensor_id="0" label="_DSC7963.JPG" enabled="1">
        <transform>9.9991029863958725e-001 -1.2516740211944832e-002 -4.7671678129962624e-003 1.6931199716630749e+000 -1.2551528188186129e-002 -9.9989429518196760e-001 -7.3387739233028446e-003 1.9033710676985859e+001 -4.6748063737178823e-003 7.3979508664808015e-003 -9.9996170752101576e-001 1.5591679416239592e+000 0.0000000000000000e+000 0.0000000000000000e+000 0.0000000000000000e+000 1.0000000000000000e+000</transform>
      </camera>
      <camera id="66" sensor_id="0" label="_DSC7964.JPG" enabled="1">
        <transform>9.9991294722585100e-001 -1.2834608796969238e-002 -3.0611741441773891e-003 6.4028612517419770e-001 -1.2860697127705302e-002 -9.9987979100784385e-001 -8.6606006431345084e-003 1.9025299469042960e+001 -2.9496507423172912e-003 8.6992155473461577e-003 -9.9995781071471168e-001 1.5635090053158187e+000 0.0000000000000000e+000 0.0000000000000000e+000 0.0000000000000000e+000 1.0000000000000000e+000</transform>
      </camera>
      <camera id="67" sensor_id="0" label="_DSC7965.JPG" enabled="1">
        <transform>9.9988842372726405e-001 -1.4486986482351999e-002 -3.6424330972053050e-003 -3.0927246946875386e-001 -1.4518983786100462e-002 -9.9985483056242708e-001 -8.9172255101638287e-003 1.9071502777264246e+001 -3.5127206018153593e-003 8.9691149864585366e-003 -9.9995360680900258e-001 1.5758092943993891e+000 0.0000000000000000e+000 0.0000000000000000e+000 0.0000000000000000e+000 1.0000000000000000e+000</transform>
      </camera>
      <camera id="68" sensor_id="0" label="_DSC7966.JPG" enabled="1">
        <transform>9.9994371687097994e-001 -1.0143392001904530e-002 -3.1104162013908419e-003 -1.3347104452471874e+000 -1.0174464062867782e-002 -9.9989680365732092e-001 -1.0142106137609160e-002 1.9164744836453867e+001 -3.0072198595359565e-003 1.0173182126002491e-002 -9.9994372991391245e-001 1.5398155008110004e+000 0.0000000000000000e+000 0.0000000000000000e+000 0.0000000000000000e+000 1.0000000000000000e+000</transform>
      </camera>
      <camera id="69" sensor_id="0" label="_DSC7967.JPG" enabled="1">
        <transform>9.9992521971549864e-001 -1.1854528849108930e-002 -3.0041841949718351e-003 -2.4594975814963287e+000 -1.1885859120684518e-002 -9.9987280421504288e-001 -1.0634930376351779e-002 1.9115251825561618e+001 -2.8777299864502725e-003 1.0669842403346607e-002 -9.9993893470212114e-001 1.4989311683239268e+000 0.0000000000000000e+000 0.0000000000000000e+000 0.0000000000000000e+000 1.0000000000000000e+000</transform>
      </camera>
      <camera id="70" sensor_id="0" label="_DSC7968.JPG" enabled="1">
        <transform>9.9989964845725776e-001 -1.3973713951060592e-002 -2.3298784229800655e-003 -3.5024216018429777e+000 -1.3997415877879204e-002 -9.9984702961558647e-001 -1.0487598277505776e-002 1.9179463402959399e+001 -2.1829713222185640e-003 1.0519158108070321e-002 -9.9994228930918994e-001 1.5176584239677557e+000 0.0000000000000000e+000 0.0000000000000000e+000 0.0000000000000000e+000 1.0000000000000000e+000</transform>
      </camera>
      <camera id="71" sensor_id="0" label="_DSC7969.JPG" enabled="1">
        <transform>9.9994999323042100e-001 -9.7580328458246740e-003 -2.1890256875813697e-003 -4.5145288002374029e+000 -9.7801298616522377e-003 -9.9989890063821507e-001 -1.0321703463001798e-002 1.9222789659664347e+001 -2.0880848570645903e-003 1.0342596263450098e-002 -9.9994433375271496e-001 1.4847695828926413e+000 0.0000000000000000e+000 0.0000000000000000e+000 0.0000000000000000e+000 1.0000000000000000e+000</transform>
      </camera>
      <camera id="72" sensor_id="0" label="_DSC7970.JPG" enabled="1">
        <transform>9.9990459004774923e-001 -1.3652680763511999e-002 -2.1012161746665589e-003 -5.6680821442536047e+000 -1.3675000326027547e-002 -9.9984596182452778e-001 -1.1002135668499252e-002 1.9190524147425219e+001 -1.9506838611618716e-003 1.1029820087134080e-002 -9.9993726698294394e-001 1.4805286597489038e+000 0.0000000000000000e+000 0.0000000000000000e+000 0.0000000000000000e+000 1.0000000000000000e+000</transform>
      </camera>
      <camera id="73" sensor_id="0" label="_DSC7971.JPG" enabled="1">
        <transform>9.9991941711354793e-001 -1.2644821331093887e-002 -1.1259541765680601e-003 -6.7008282778089194e+000 -1.2654969883152760e-002 -9.9987464711269070e-001 -9.5153454235060424e-003 1.9250614836935203e+001 -1.0054931921771734e-003 9.5288275657005057e-003 -9.9995409416065872e-001 1.4487763069705168e+000 0.0000000000000000e+000 0.0000000000000000e+000 0.0000000000000000e+000 1.0000000000000000e+000</transform>
      </camera>
      <camera id="74" sensor_id="0" label="_DSC7972.JPG" enabled="1">
        <transform>9.9988685300643332e-001 -1.5035221335280661e-002 -4.7255083317259295e-004 -7.7369477087105434e+000 -1.5039294226406865e-002 -9.9983378438854154e-001 -1.0306465177689756e-002 1.9320735266000671e+001 -3.1751230271598373e-004 1.0312405863157618e-002 -9.9994677531919229e-001 1.4519459759312270e+000 0.0000000000000000e+000 0.0000000000000000e+000 0.0000000000000000e+000 1.0000000000000000e+000</transform>
      </camera>
      <camera id="75" sensor_id="0" label="_DSC7973.JPG" enabled="1">
        <transform>9.9991316309526623e-001 -1.3174521852270122e-002 -3.1343704876270125e-004 -8.7874798831176353e+000 -1.3177140351643904e-002 -9.9985476337980872e-001 -1.0808104313885474e-002 1.9386872782117678e+001 -1.7099991976019706e-004 1.0811295975543768e-002 -9.9994154161048665e-001 1.4170383584810697e+000 0.0000000000000000e+000 0.0000000000000000e+000 0.0000000000000000e+000 1.0000000000000000e+000</transform>
      </camera>
      <camera id="76" sensor_id="0" label="_DSC7974.JPG" enabled="1">
        <transform>9.9989415958888017e-001 -1.4546632415840336e-002 -2.5515760867845627e-004 -9.8516441413644138e+000 -1.4548513307445972e-002 -9.9983867693320427e-001 -1.0533796514202451e-002 1.9392768987603951e+001 -1.0188518003514465e-004 1.0536393776714092e-002 -9.9994448547186465e-001 1.3876077175356420e+000 0.0000000000000000e+000 0.0000000000000000e+000 0.0000000000000000e+000 1.0000000000000000e+000</transform>
      </camera>
      <camera id="77" sensor_id="0" label="_DSC7975.JPG" enabled="1">
        <transform>9.9991612686994924e-001 -1.2833022218333349e-002 1.7472166844353975e-003 -1.0883967509435777e+001 -1.2812830044320584e-002 -9.9985613212185054e-001 -1.1115144829825632e-002 1.9339721515816233e+001 1.8896062166394857e-003 1.1091825777409522e-002 -9.9993669839108801e-001 1.3292350454687778e+000 0.0000000000000000e+000 0.0000000000000000e+000 0.0000000000000000e+000 1.0000000000000000e+000</transform>
      </camera>
      <camera id="78" sensor_id="0" label="_DSC7976.JPG" enabled="1">
        <transform>9.9987967654735188e-001 -1.5497317866566480e-002 -6.8232434019904363e-004 -1.1901840242129943e+001 -1.5504824341074376e-002 -9.9979680310847763e-001 -1.2882271392125730e-002 1.9333222363095828e+001 -4.8254503940695683e-004 1.2891300671792309e-002 -9.9991678729646016e-001 1.2916714589185623e+000 0.0000000000000000e+000 0.0000000000000000e+000 0.0000000000000000e+000 1.0000000000000000e+000</transform>
      </camera>
      <camera id="79" sensor_id="0" label="_DSC7977.JPG" enabled="1">
