<?xml version="1.0" encoding="UTF-8"?>
<document version="1.5.0">
  <chunk label="SonyA9" enabled="true">
    <sensors next_id="1">
      <sensor id="0" label="SonyA9" type="frame">
        <resolution width="6000" height="4000"/>
        <property name="pixel_width" value="0.006"/>
        <property name="pixel_height" value="0.006"/>
        <property name="focal_length" value="55"/>
        <property name="fixed" value="true"/>
        <property name="layer_index" value="0"/>
        <calibration type="frame" class="initial">
          <resolution width="6000" height="4000"/>
          <f>9227.77018581081</f>
          <cx>-37.8304617831239</cx>
          <cy>31.7622333680372</cy>
          <k1>-0.017282082281574</k1>
        </calibration>
      </sensor>
    </sensors>
    <cameras next_id="569" next_group_id="0">
      <camera id="0" sensor_id="0" label="DSC00613.JPG">
        <transform>9.9552735513941948e-001 9.4469718707658454e-002 -8.7029673553714454e-004 -7.2032458694134984e+000 9.4452923245166201e-002 -9.9507258068206095e-001 3.0153017513777289e-002 1.8071307688581101e+001 1.9825386641235199e-003 -3.0100355845725513e-002 -9.9954491550825564e-001 6.5029742379109468e-001 0 0 0 1</transform>
        <rotation_covariance>1.2057590813151647e-008 4.6525218861430425e-010 -3.3901301121067139e-011 4.6525218861430415e-010 5.0929007624688845e-009 -1.6854120585418246e-010 -3.3901301121067145e-011 -1.6854120585418241e-010 1.8431895384716095e-010</rotation_covariance>
        <location_covariance>3.3375592879247142e-006 -1.6968921144361006e-006 9.2714299932697304e-007 -1.6968921144361006e-006 9.4084684282107749e-006 -2.7678638981843914e-006 9.2714299932697304e-007 -2.7678638981843914e-006 1.3436473518004860e-006</location_covariance>
      </camera>
      <camera id="1" sensor_id="0" label="DSC00614.JPG">
        <transform>9.9787266316585677e-001 6.5124441741879910e-002 -2.9925230306127371e-003 -6.4665577320092433e+000 6.5177571100126133e-002 -9.9758623852533579e-001 2.3949549690126023e-002 1.7932496549251081e+001 -1.4255987402705286e-003 -2.4093646313505603e-002 -9.9970868950687397e-001 6.6188352815904083e-001 0 0 0 1</transform>
        <rotation_covariance>1.1728585467302424e-008 2.9467907479380877e-010 -5.2301081318623523e-011 2.9467907479380882e-010 4.7857065586256183e-009 -1.1057922132446630e-010 -5.2301081318623529e-011 -1.1057922132446628e-010 1.7023447405209369e-010</rotation_covariance>
        <location_covariance>3.0917156637254250e-006 -1.5426716126751571e-006 7.7589803772109379e-007 -1.5426716126751571e-006 9.1920675071959183e-006 -2.7119213219803618e-006 7.7589803772109379e-007 -2.7119213219803618e-006 1.2771885702352535e-006</location_covariance>
      </camera>
      <camera id="2" sensor_id="0" label="DSC00615.JPG">
        <transform>9.9927765247454614e-001 3.7971632543103991e-002 -1.5259052962140480e-003 -4.5501479120825978e+000 3.7994225667561561e-002 -9.9908679877450191e-001 1.9545007813771380e-002 1.7734910046066837e+001 -7.8235598287092829e-004 -1.9588865115913796e-002 -9.9980781367350124e-001 6.5127983535032585e-001 0 0 0 1</transform>
        <rotation_covariance>1.2339341466130169e-008 3.9680563590846375e-011 -7.5225563091293455e-011 3.9680563590846304e-011 4.3769384709364470e-009 -5.2358032636859584e-011 -7.5225563091293455e-011 -5.2358032636859571e-011 1.5047991847023325e-010</rotation_covariance>
        <location_covariance>2.6492858751070657e-006 -1.2689060270119419e-006 4.9874489930543554e-007 -1.2689060270119419e-006 9.4061387615527745e-006 -2.5763500379196850e-006 4.9874489930543554e-007 -2.5763500379196850e-006 1.1785279172379663e-006</location_covariance>
      </camera>
      <camera id="3" sensor_id="0" label="DSC00616.JPG">
        <transform>9.9975456064003421e-001 2.2128417268025977e-002 -1.0731396296562810e-003 -2.8798772908276296e+000 2.2143017769255102e-002 -9.9962101538381709e-001 1.6355805302616197e-002 1.7704802267550562e+001 -7.1080484175474175e-004 -1.6375553494119365e-002 -9.9986565897836399e-001 6.2180813961856063e-001 0 0 0 1</transform>
        <rotation_covariance>1.2264721102100062e-008 2.7300636332634105e-011 -7.1593088445647388e-011 2.7300636332634044e-011 4.2489513069202045e-009 -3.5352848950098245e-011 -7.1593088445647375e-011 -3.5352848950098232e-011 1.4264256873806133e-010</rotation_covariance>
        <location_covariance>2.3985128404844075e-006 -9.3220994624638168e-007 3.1306468624437057e-007 -9.3220994624638168e-007 9.3379016414198822e-006 -2.5152671212954035e-006 3.1306468624437057e-007 -2.5152671212954035e-006 1.1415532497835325e-006</location_covariance>
      </camera>
      <camera id="4" sensor_id="0" label="DSC00617.JPG">
        <transform>9.9974708505323207e-001 2.2487185458607246e-002 -3.0400282199158335e-004 -1.0402069365687543e+000 2.2489115069251425e-002 -9.9960507053077174e-001 1.6850598582033683e-002 1.7747347864785247e+001 7.5039773084285401e-005 -1.6853173568235447e-002 -9.9985797236893170e-001 5.9458554682872466e-001 0 0 0 1</transform>
        <rotation_covariance>1.2078439506965715e-008 1.5962391689249906e-010 -5.7849859754810027e-011 1.5962391689249903e-010 4.1884569631528964e-009 -4.5987884636895177e-011 -5.7849859754810020e-011 -4.5987884636895190e-011 1.3730563826804658e-010</rotation_covariance>
        <location_covariance>2.2112848061496818e-006 -5.5832321144251313e-007 1.2125371396046733e-007 -5.5832321144251313e-007 9.2377576017409291e-006 -2.4931440302489266e-006 1.2125371396046733e-007 -2.4931440302489266e-006 1.1303107195076646e-006</location_covariance>
      </camera>
      <camera id="5" sensor_id="0" label="DSC00618.JPG">
        <transform>9.9974044577171184e-001 2.2777557444644179e-002 4.7324944212184301e-004 6.2245098838282409e-001 2.2766611977712785e-002 -9.9960384716204853e-001 1.6547813084761467e-002 1.7884759066386486e+001 8.4998072613367637e-004 -1.6532743743488943e-002 -9.9986296356904703e-001 5.6190853621520687e-001 0 0 0 1</transform>
        <rotation_covariance>1.1748997849610525e-008 8.7696528632408417e-011 -3.7515788421496849e-011 8.7696528632408404e-011 4.0645503037002983e-009 -5.1841680548421430e-011 -3.7515788421496849e-011 -5.1841680548421437e-011 1.3438920752281961e-010</rotation_covariance>
        <location_covariance>2.0532577623426127e-006 -3.1463092656548695e-007 -4.5373902948291390e-008 -3.1463092656548695e-007 9.0951393524856243e-006 -2.5072275155815587e-006 -4.5373902948291390e-008 -2.5072275155815587e-006 1.1527658869572731e-006</location_covariance>
      </camera>
      <camera id="6" sensor_id="0" label="DSC00619.JPG">
        <transform>9.9976002020133059e-001 2.1851474431068673e-002 1.5540502640986392e-003 2.0156239927148829e+000 2.1823049727836673e-002 -9.9962705376788452e-001 1.6416695036310092e-002 1.8016789863893226e+001 1.9121996787367073e-003 -1.6378841244947481e-002 -9.9986402928191265e-001 5.2956544796398253e-001 0 0 0 1</transform>
        <rotation_covariance>1.1590306324416568e-008 7.6474801718743652e-011 -1.9857655320845556e-011 7.6474801718743704e-011 4.0171399979512445e-009 -5.6162739002984107e-011 -1.9857655320845556e-011 -5.6162739002984113e-011 1.3359304697660186e-010</rotation_covariance>
        <location_covariance>1.9764703669192483e-006 -8.1439101701181234e-008 -1.8386261498929005e-007 -8.1439101701181234e-008 9.0378386737773273e-006 -2.5273826639360672e-006 -1.8386261498929005e-007 -2.5273826639360672e-006 1.1869321594643470e-006</location_covariance>
      </camera>
      <camera id="7" sensor_id="0" label="DSC00620.JPG">
        <transform>9.9975892201437200e-001 2.1791517648499532e-002 2.6884216998114023e-003 3.3304546867140590e+000 2.1751869679100432e-002 -9.9966555020247605e-001 1.3987276498452578e-002 1.8101961592174284e+001 2.9923265403887138e-003 -1.3925426275553144e-002 -9.9989855909733150e-001 4.8946745959239529e-001 0 0 0 1</transform>
        <rotation_covariance>1.1441238012686606e-008 1.2549021915857293e-010 -1.3942015015063585e-011 1.2549021915857288e-010 4.0389679333546101e-009 -4.8438281214419619e-011 -1.3942015015063593e-011 -4.8438281214419612e-011 1.3394227231697569e-010</rotation_covariance>
        <location_covariance>1.9569174980001910e-006 1.6500589925900057e-007 -3.0932085509772664e-007 1.6500589925900057e-007 8.9665409211463725e-006 -2.5357718047389593e-006 -3.0932085509772664e-007 -2.5357718047389593e-006 1.2233428107023740e-006</location_covariance>
      </camera>
      <camera id="8" sensor_id="0" label="DSC00621.JPG">
        <transform>9.9981186479273931e-001 1.8987954131479957e-002 3.9613908625077904e-003 5.2607739379474801e+000 1.8940853936883727e-002 -9.9975323556872642e-001 1.1606550822890629e-002 1.8082072379696132e+001 4.1807979867942895e-003 -1.1529335096332321e-002 -9.9992479485230790e-001 4.4292292091309610e-001 0 0 0 1</transform>
        <rotation_covariance>1.1563733819881483e-008 1.2431057047554625e-010 -3.5789103506248396e-012 1.2431057047554623e-010 4.2087384122626713e-009 -4.6882238595546411e-011 -3.5789103506248497e-012 -4.6882238595546411e-011 1.3669754983405415e-010</rotation_covariance>
        <location_covariance>2.0398377425827716e-006 4.9620798089702234e-007 -4.8114365843317700e-007 4.9620798089702234e-007 8.9825458777492814e-006 -2.5066613468061685e-006 -4.8114365843317700e-007 -2.5066613468061685e-006 1.2672327962175844e-006</location_covariance>
      </camera>
      <camera id="9" sensor_id="0" label="DSC00622.JPG">
        <transform>9.9980337506696881e-001 1.9396006494086297e-002 4.1238497524006146e-003 6.1824375610137858e+000 1.9350583710936283e-002 -9.9975460943845318e-001 1.0783126476676582e-002 1.8054146332009200e+001 4.3319873897623117e-003 -1.0701207345310082e-002 -9.9993335680264595e-001 4.3690846244428283e-001 0 0 0 1</transform>
        <rotation_covariance>1.1616132511290233e-008 1.2691284240610040e-010 -7.0007684105409493e-012 1.2691284240610037e-010 4.3004135269013875e-009 -4.8835331466628897e-011 -7.0007684105409541e-012 -4.8835331466628903e-011 1.3803633759448250e-010</rotation_covariance>
        <location_covariance>2.1046612815548561e-006 6.4901145624218250e-007 -5.6257726968721715e-007 6.4901145624218250e-007 8.9902651235033958e-006 -2.4883886229435170e-006 -5.6257726968721715e-007 -2.4883886229435170e-006 1.2906795100530825e-006</location_covariance>
      </camera>
      <camera id="10" sensor_id="0" label="DSC00623.JPG">
        <transform>9.9979922966268764e-001 1.9381823678030489e-002 5.0838250177012781e-003 7.5940264119281187e+000 1.9329505990940316e-002 -9.9976168790689668e-001 1.0145816462918587e-002 1.7967799695587207e+001 5.2792579064742853e-003 -1.0045511657788466e-002 -9.9993560649248314e-001 4.2734618069876207e-001 0 0 0 1</transform>
        <rotation_covariance>1.1750618733936098e-008 6.4875265873756477e-011 3.1616197597797417e-012 6.4875265873756542e-011 4.4299329588317900e-009 -4.0531188374395486e-011 3.1616197597797502e-012 -4.0531188374395492e-011 1.3901426261514789e-010</rotation_covariance>
        <location_covariance>2.2187618271691753e-006 8.4998911677814548e-007 -6.8558862467768425e-007 8.4998911677814548e-007 9.0123248496216772e-006 -2.4364267829600382e-006 -6.8558862467768425e-007 -2.4364267829600382e-006 1.3273764124395194e-006</location_covariance>
      </camera>
      <camera id="11" sensor_id="0" label="DSC00624.JPG">
        <transform>9.9979731193879395e-001 1.9685270065138399e-002 4.2219879704926836e-003 8.9418735660525392e+000 1.9645292704879122e-002 -9.9976366482609924e-001 9.3100466178555746e-003 1.7933915212786690e+001 4.4042609482229855e-003 -9.2252173930800624e-003 -9.9994774755961646e-001 4.3586715204886028e-001 0 0 0 1</transform>
        <rotation_covariance>1.1816613810510777e-008 2.9557049959000097e-011 -8.8397108961887942e-013 2.9557049959000117e-011 4.4772432382933768e-009 -3.4145649929748109e-011 -8.8397108961887882e-013 -3.4145649929748109e-011 1.4018128301889249e-010</rotation_covariance>
        <location_covariance>2.3165213773858944e-006 1.0524241052333990e-006 -8.0514302715675514e-007 1.0524241052333990e-006 9.0320507260842718e-006 -2.4037630074400107e-006 -8.0514302715675514e-007 -2.4037630074400107e-006 1.3800564157450162e-006</location_covariance>
      </camera>
      <camera id="12" sensor_id="0" label="DSC00625.JPG">
        <transform>9.9978762763131401e-001 2.0076815683455908e-002 4.6498502514542312e-003 1.0480622619632783e+001 2.0035546316334328e-002 -9.9976090716046861e-001 8.7581617639087214e-003 1.7969949596503596e+001 4.8245745050141016e-003 -8.6631394822725589e-003 -9.9995083553900599e-001 4.1518961506373969e-001 0 0 0 1</transform>
        <rotation_covariance>1.1922486474815320e-008 2.5339950840241109e-010 -6.1415922467976971e-012 2.5339950840241114e-010 4.6396242040267564e-009 -2.9270007371266321e-011 -6.1415922467976954e-012 -2.9270007371266321e-011 1.4416049046283031e-010</rotation_covariance>
        <location_covariance>2.4983076089734259e-006 1.4118006574029511e-006 -9.3358220555836336e-007 1.4118006574029511e-006 9.0825536000970474e-006 -2.3982366879055087e-006 -9.3358220555836336e-007 -2.3982366879055087e-006 1.4686693201397860e-006</location_covariance>
      </camera>
      <camera id="13" sensor_id="0" label="DSC00626.JPG">
        <transform>9.9977961818850547e-001 2.0458539666002223e-002 4.7077818110153758e-003 1.1868887329664339e+001 2.0428442746622262e-002 -9.9977112216050978e-001 6.3546849538748708e-003 1.8044926169796600e+001 4.8367118782794757e-003 -6.2571118457033434e-003 -9.9996872689577487e-001 3.9634010926271251e-001 0 0 0 1</transform>
        <rotation_covariance>1.1911657991342987e-008 4.8083177430077878e-010 -1.3565083100571149e-011 4.8083177430077878e-010 4.7753815975300906e-009 -2.2455781746527966e-011 -1.3565083100571165e-011 -2.2455781746527970e-011 1.4816236520167229e-010</rotation_covariance>
        <location_covariance>2.6829120381381189e-006 1.7494579059493793e-006 -1.0543031153592629e-006 1.7494579059493793e-006 9.0908172247477625e-006 -2.4083257146303621e-006 -1.0543031153592629e-006 -2.4083257146303621e-006 1.5676406494264080e-006</location_covariance>
      </camera>
      <camera id="14" sensor_id="0" label="DSC00627.JPG">
        <transform>9.9977173328053570e-001 2.0727469002686637e-002 5.1820229616488739e-003 1.3203443350910595e+001 2.0694613385083226e-002 -9.9976589623726575e-001 6.3155124684160192e-003 1.8078968784875777e+001 5.3117144195001511e-003 -6.2068308853591740e-003 -9.9996662991336183e-001 3.5036119656452558e-001 0 0 0 1</transform>
        <rotation_covariance>1.1830536658164086e-008 6.2877189811927488e-010 -6.6404914976732881e-012 6.2877189811927488e-010 4.9163218692280582e-009 -2.3968711142042687e-011 -6.6404914976732768e-012 -2.3968711142042690e-011 1.5177749196741750e-010</rotation_covariance>
        <location_covariance>2.8844640774569130e-006 2.0370277087359711e-006 -1.1791706126145859e-006 2.0370277087359711e-006 9.0324144317977420e-006 -2.4104710268511565e-006 -1.1791706126145859e-006 -2.4104710268511565e-006 1.6682028677442661e-006</location_covariance>
      </camera>
      <camera id="15" sensor_id="0" label="DSC00628.JPG">
        <transform>9.9978076170215924e-001 2.0274732040262724e-002 5.2310391841508290e-003 1.4145054473538854e+001 2.0250119381180067e-002 -9.9978382286674705e-001 4.7159515477668626e-003 1.8104598467492170e+001 5.3255230070419013e-003 -4.6089884626101443e-003 -9.9997519770744969e-001 3.1891293407293292e-001 0 0 0 1</transform>
        <rotation_covariance>1.1613511942404516e-008 4.2351917808253549e-010 -4.3281000592992482e-012 4.2351917808253549e-010 4.7565534877609636e-009 -1.4945537195080534e-011 -4.3281000592992547e-012 -1.4945537195080537e-011 1.5207238740255725e-010</rotation_covariance>
        <location_covariance>2.9168860852831710e-006 2.0914391528785063e-006 -1.2339884922528702e-006 2.0914391528785063e-006 8.9102038947005070e-006 -2.4044349900209758e-006 -1.2339884922528702e-006 -2.4044349900209758e-006 1.7427294626597832e-006</location_covariance>
      </camera>
      <camera id="16" sensor_id="0" label="DSC00629.JPG">
        <transform>9.9977762184951779e-001 2.0270755698555486e-002 5.8140616037772683e-003 1.5682710422193843e+001 2.0251068902662900e-002 -9.9978905889873115e-001 3.4251882706069934e-003 1.8114613632918214e+001 5.8822663338747548e-003 -3.3066856214319018e-003 -9.9997723212730116e-001 2.5718163288536494e-001 0 0 0 1</transform>
        <rotation_covariance>1.1937564332652578e-008 4.0028030394170285e-010 -1.7577152961230675e-012 4.0028030394170290e-010 4.8992339405749228e-009 -7.5467189323014838e-012 -1.7577152961230542e-012 -7.5467189323014855e-012 1.5664239471529026e-010</rotation_covariance>
        <location_covariance>3.1873814349223871e-006 2.3273481243825546e-006 -1.3585781835351920e-006 2.3273481243825546e-006 9.0279616704631058e-006 -2.3907962286733903e-006 -1.3585781835351920e-006 -2.3907962286733903e-006 1.8753655997870462e-006</location_covariance>
      </camera>
      <camera id="17" sensor_id="0" label="DSC00630.JPG">
        <transform>9.9975704495154938e-001 2.1028701423073847e-002 6.6064200747241566e-003 1.7064682103251183e+001 2.1014134208134538e-002 -9.9977660905878252e-001 2.2667470976901675e-003 1.8145386549528236e+001 6.6526110082445319e-003 -2.1273681819536567e-003 -9.9997560823821663e-001 2.0832841650812500e-001 0 0 0 1</transform>
        <rotation_covariance>1.1804560013453849e-008 4.6674067579132253e-010 -7.6963034502812610e-012 4.6674067579132253e-010 4.6908869304809512e-009 2.3291577729119070e-012 -7.6963034502812465e-012 2.3291577729119074e-012 1.5833953971107074e-010</rotation_covariance>
        <location_covariance>3.2731649380896262e-006 2.5758642483017954e-006 -1.4318473725441366e-006 2.5758642483017954e-006 8.9449260737016064e-006 -2.3911953216840447e-006 -1.4318473725441366e-006 -2.3911953216840447e-006 2.0068907186053853e-006</location_covariance>
      </camera>
      <camera id="18" sensor_id="0" label="DSC00631.JPG">
        <transform>9.9977007365183290e-001 2.0493796403173538e-002 6.3090521628390338e-003 1.8591443062153893e+001 2.0490011694466549e-002 -9.9978983721414416e-001 6.6394583795190967e-004 1.8220300249700692e+001 6.3213330056861019e-003 -5.3452062671243751e-004 -9.9997987731590421e-001 1.7843225863889262e-001 0 0 0 1</transform>
        <rotation_covariance>1.1769146834339245e-008 6.1157154207397819e-010 -2.8107705197273484e-011 6.1157154207397839e-010 4.8597200470626778e-009 1.4846214685839267e-011 -2.8107705197273477e-011 1.4846214685839267e-011 1.6171730094805494e-010</rotation_covariance>
        <location_covariance>3.6012967011233724e-006 2.9034729869660693e-006 -1.5263541231026386e-006 2.9034729869660693e-006 8.9401929983193041e-006 -2.4044012560558933e-006 -1.5263541231026386e-006 -2.4044012560558933e-006 2.1770845765312665e-006</location_covariance>
      </camera>
      <camera id="19" sensor_id="0" label="DSC00632.JPG">
        <transform>9.9976048261975370e-001 2.0805005182182340e-002 6.7918444685789933e-003 2.0275983360579570e+001 2.0811889016397120e-002 -9.9978296310331538e-001 -9.4443841721181428e-004 1.8248786854564187e+001 6.7707213415684250e-003 1.0855633210930171e-003 -9.9997648916601567e-001 1.4314696680744532e-001 0 0 0 1</transform>
        <rotation_covariance>1.1752160137332295e-008 7.0029830101208167e-010 -3.6606961392860760e-011 7.0029830101208156e-010 5.2099869378857869e-009 2.8712452591658838e-011 -3.6606961392860753e-011 2.8712452591658841e-011 1.6776059516390409e-010</rotation_covariance>
        <location_covariance>4.0712563242928649e-006 3.2231212485532206e-006 -1.6287030477687414e-006 3.2231212485532206e-006 8.9231109447061375e-006 -2.4007466108179569e-006 -1.6287030477687414e-006 -2.4007466108179569e-006 2.3739704950952441e-006</location_covariance>
      </camera>
      <camera id="20" sensor_id="0" label="DSC00633.JPG">
        <transform>9.9976684466663612e-001 2.0461207567192781e-002 6.8989339909161810e-003 2.1138005028285505e+001 2.0474925888003287e-002 -9.9978851596945384e-001 -1.9237321741458345e-003 1.8260163525486533e+001 6.8581130932304250e-003 2.0645388078997036e-003 -9.9997435165323667e-001 1.0492630221977285e-001 0 0 0 1</transform>
        <rotation_covariance>1.1765875532980061e-008 6.8778886435965878e-010 -3.3060613525720324e-011 6.8778886435965878e-010 5.3039121645979089e-009 3.3955394018812383e-011 -3.3060613525720330e-011 3.3955394018812390e-011 1.6998941465281863e-010</rotation_covariance>
        <location_covariance>4.2836202932818407e-006 3.3599338462918041e-006 -1.6889427726604428e-006 3.3599338462918041e-006 8.9109404439852356e-006 -2.4043126711712221e-006 -1.6889427726604428e-006 -2.4043126711712221e-006 2.4813544487043143e-006</location_covariance>
      </camera>
      <camera id="21" sensor_id="0" label="DSC00634.JPG">
        <transform>9.9977750768485962e-001 2.0158637795744856e-002 6.2100281536499758e-003 2.2393260308566429e+001 2.0162544767106053e-002 -9.9979655435779113e-001 -5.6717087622156273e-004 1.8310045497982980e+001 6.1973313582220756e-003 6.9225465571318894e-004 -9.9998055674474395e-001 6.8724611670562250e-002 0 0 0 1</transform>
        <rotation_covariance>1.1578441222326872e-008 6.5466551152547887e-010 -3.9193330630944593e-011 6.5466551152547887e-010 5.2445710705126926e-009 3.2688511246173027e-011 -3.9193330630944606e-011 3.2688511246173021e-011 1.7210951077186498e-010</rotation_covariance>
        <location_covariance>4.5237983379000132e-006 3.5561623606138577e-006 -1.7793894783585459e-006 3.5561623606138577e-006 8.8213369854293588e-006 -2.4157464933017953e-006 -1.7793894783585459e-006 -2.4157464933017953e-006 2.6521103656595797e-006</location_covariance>
      </camera>
      <camera id="22" sensor_id="0" label="DSC00635.JPG">
        <transform>9.9978149758751744e-001 1.9919202373166113e-002 6.3389635175759790e-003 2.3684012538796228e+001 1.9926771921572682e-002 -9.9980079995226878e-001 -1.1332147144095725e-003 1.8421839195223754e+001 6.3151280625121384e-003 1.2592821844945202e-003 -9.9997926646802726e-001 -6.0583108087050135e-003 0 0 0 1</transform>
        <rotation_covariance>1.1659265339286317e-008 5.2021537476702154e-010 -3.0780125717225132e-011 5.2021537476702165e-010 5.3227987730548756e-009 3.3812844793794089e-011 -3.0780125717225126e-011 3.3812844793794082e-011 1.7932702272348966e-010</rotation_covariance>
        <location_covariance>4.8595206552746232e-006 3.7165460770188330e-006 -1.8760082450061614e-006 3.7165460770188330e-006 8.8563784136600834e-006 -2.4503637417029759e-006 -1.8760082450061614e-006 -2.4503637417029759e-006 2.8550954053738068e-006</location_covariance>
      </camera>
      <camera id="23" sensor_id="0" label="DSC00636.JPG">
        <transform>9.9979031547812913e-001 1.9721322986059091e-002 5.5131203346030846e-003 2.4369698212942438e+001 1.9735915041013709e-002 -9.9980183410856138e-001 -2.6050279558171995e-003 1.8444899095718345e+001 5.4606532244929860e-003 2.7132881963104340e-003 -9.9998140949395931e-001 -4.8171096358517060e-002 0 0 0 1</transform>
        <rotation_covariance>1.1667196382784323e-008 5.1466710200377653e-010 -3.6988278360698899e-011 5.1466710200377663e-010 5.3350494329603709e-009 4.2500213399451930e-011 -3.6988278360698918e-011 4.2500213399451937e-011 1.8324578557936408e-010</rotation_covariance>
        <location_covariance>5.0351967503537853e-006 3.8280897163747521e-006 -1.9290710779090500e-006 3.8280897163747521e-006 8.8477453753263584e-006 -2.4526718761803332e-006 -1.9290710779090500e-006 -2.4526718761803332e-006 2.9596304959612543e-006</location_covariance>
      </camera>
      <camera id="24" sensor_id="0" label="DSC00637.JPG">
        <transform>9.9980380917587652e-001 1.9128041499334534e-002 5.1440437213756225e-003 2.5628047051626481e+001 1.9142636440231755e-002 -9.9981283342983240e-001 -2.8031373721906830e-003 1.8476132531880463e+001 5.0894624003719009e-003 2.9010579811504515e-003 -9.9998284047030783e-001 -8.4664721510405633e-002 0 0 0 1</transform>
        <rotation_covariance>1.2004291360660066e-008 5.4728319124151832e-010 -2.1773891880007918e-011 5.4728319124151842e-010 5.5237042703987309e-009 4.0749188737115557e-011 -2.1773891880007914e-011 4.0749188737115563e-011 1.9478978338745279e-010</rotation_covariance>
        <location_covariance>5.4577843802857620e-006 4.0531633323673878e-006 -2.0110772001554763e-006 4.0531633323673878e-006 8.9979037005693740e-006 -2.4550691123221988e-006 -2.0110772001554763e-006 -2.4550691123221988e-006 3.1601248219804493e-006</location_covariance>
      </camera>
      <camera id="25" sensor_id="0" label="DSC00638.JPG">
        <transform>9.9979909422717161e-001 1.9607911852926683e-002 4.1594441088993279e-003 2.6232303398589838e+001 1.9623353520067398e-002 -9.9980057976295189e-001 -3.7046865308382241e-003 1.8470052421309944e+001 4.0859734646297415e-003 3.7855644801235524e-003 -9.9998448704088061e-001 -9.1276504295811259e-002 0 0 0 1</transform>
        <rotation_covariance>1.2139343011334512e-008 5.8642215977149491e-010 -1.7758816308931157e-011 5.8642215977149501e-010 5.6168050467368294e-009 3.8909493462529022e-011 -1.7758816308931163e-011 3.8909493462529022e-011 2.0183968729427801e-010</rotation_covariance>
        <location_covariance>5.6730491510828219e-006 4.1675588353541254e-006 -2.0503406411856277e-006 4.1675588353541254e-006 9.0571308479688853e-006 -2.4556154422279460e-006 -2.0503406411856277e-006 -2.4556154422279460e-006 3.2564357716376169e-006</location_covariance>
      </camera>
      <camera id="26" sensor_id="0" label="DSC00639.JPG">
        <transform>9.9981750915584189e-001 1.9085447934033335e-002 8.3310417420447104e-004 2.6365479496028616e+001 1.9085857200962626e-002 -9.9981773026957521e-001 -4.8610029780081200e-004 1.8415735292718370e+001 8.2367488260682740e-004 5.0191209624951333e-004 -9.9999953482185955e-001 -8.6845111380090628e-002 0 0 0 1</transform>
        <rotation_covariance>1.2179356773371407e-008 5.8691260446764974e-010 -4.4954773312227820e-011 5.8691260446764963e-010 5.6085181418035403e-009 2.7143204236500140e-011 -4.4954773312227807e-011 2.7143204236500137e-011 2.0122036415997146e-010</rotation_covariance>
        <location_covariance>5.7099231114792468e-006 4.1827351382800858e-006 -2.0638830778844038e-006 4.1827351382800858e-006 9.0605430538111595e-006 -2.4327674685761903e-006 -2.0638830778844038e-006 -2.4327674685761903e-006 3.2656589525660100e-006</location_covariance>
      </camera>
      <camera id="27" sensor_id="0" label="DSC00640.JPG">
        <transform>9.9987089156749442e-001 1.6063734971692407e-002 -3.9574585479388132e-004 2.6324476175702515e+001 1.6062942390634456e-002 -9.9986911888539809e-001 -1.9305390679457493e-003 1.6474687802508921e+001 -4.2670572707528544e-004 1.9239329762059108e-003 -9.9999805820017751e-001 -1.7188389066328860e-001 0 0 0 1</transform>
        <rotation_covariance>1.1352952193885144e-008 6.0151302470528088e-010 -7.7740516818870260e-011 6.0151302470528088e-010 5.4648365789410781e-009 5.1012772608229863e-011 -7.7740516818870273e-011 5.1012772608229857e-011 1.8366722727299228e-010</rotation_covariance>
        <location_covariance>5.5997376839894788e-006 3.9039115347365177e-006 -1.8689248857612844e-006 3.9039115347365177e-006 8.0059927549994962e-006 -1.9357417048846374e-006 -1.8689248857612844e-006 -1.9357417048846374e-006 2.8829239996742800e-006</location_covariance>
      </camera>
      <camera id="28" sensor_id="0" label="DSC00641.JPG">
        <transform>9.9988534078217117e-001 1.5091183447835645e-002 -1.2495883578444223e-003 2.5567050912344339e+001 1.5090864671514024e-002 -9.9988609152852681e-001 -2.6414252331255500e-004 1.6460721909530868e+001 -1.2534322424202935e-003 2.4525486813410717e-004 -9.9999918437849900e-001 -1.3716916488088113e-001 0 0 0 1</transform>
        <rotation_covariance>1.1237451726911201e-008 6.0209191341902850e-010 -1.0267091502730274e-010 6.0209191341902860e-010 5.3981961503444854e-009 4.4729992519059698e-011 -1.0267091502730274e-010 4.4729992519059698e-011 1.7654882819676292e-010</rotation_covariance>
        <location_covariance>5.3560228085789070e-006 3.7914431139257090e-006 -1.8184801397770823e-006 3.7914431139257090e-006 7.9630125883636687e-006 -1.9374328784403469e-006 -1.8184801397770823e-006 -1.9374328784403469e-006 2.7610541784450113e-006</location_covariance>
      </camera>
      <camera id="29" sensor_id="0" label="DSC00642.JPG">
        <transform>9.9987805398893026e-001 1.5145005984092016e-002 -3.8086670963585444e-003 2.4133210393588890e+001 1.5145073763387449e-002 -9.9988530673206721e-001 -1.1046333827734985e-005 1.6451980071921824e+001 -3.8083975646747183e-003 -4.6637557343149098e-005 -9.9999274694016038e-001 -9.0378344680412420e-002 0 0 0 1</transform>
        <rotation_covariance>1.1211273051733604e-008 6.0402558352124499e-010 -1.3739799247781092e-010 6.0402558352124509e-010 5.2812819660213552e-009 4.8708262547564114e-011 -1.3739799247781094e-010 4.8708262547564120e-011 1.6894231466150333e-010</rotation_covariance>
        <location_covariance>4.9273630715929315e-006 3.5723336421728357e-006 -1.7365071364162107e-006 3.5723336421728357e-006 7.9636280321618184e-006 -1.9343970074828129e-006 -1.7365071364162107e-006 -1.9343970074828129e-006 2.5464552124376211e-006</location_covariance>
      </camera>
      <camera id="30" sensor_id="0" label="DSC00643.JPG">
        <transform>9.9988232691136170e-001 1.5104110190023260e-002 -2.6829434747673974e-003 2.2364656517778844e+001 1.5104947447363124e-002 -9.9988587111404081e-001 2.9207726393548525e-004 1.6429095418407258e+001 -2.6782257062390484e-003 -3.3256861449232426e-004 -9.9999635824596034e-001 -3.0004439976136672e-002 0 0 0 1</transform>
        <rotation_covariance>1.1159841592673638e-008 7.7344540236521908e-010 -1.3063907587652110e-010 7.7344540236521908e-010 5.1373350678024381e-009 5.6737509228496294e-011 -1.3063907587652110e-010 5.6737509228496300e-011 1.6091923702471845e-010</rotation_covariance>
        <location_covariance>4.4436592947576407e-006 3.3784026225633067e-006 -1.6324685157529878e-006 3.3784026225633067e-006 7.9565882237207559e-006 -1.9183664670460385e-006 -1.6324685157529878e-006 -1.9183664670460385e-006 2.3004883791440961e-006</location_covariance>
      </camera>
      <camera id="31" sensor_id="0" label="DSC00644.JPG">
        <transform>9.9989319535636312e-001 1.4612784342721351e-002 -2.5379873065383660e-004 2.0761411099200870e+001 1.4612677853740191e-002 -9.9989314238355120e-001 -4.1648564237861527e-004 1.6361384598638601e+001 -2.5985762520033964e-004 4.1273248068726833e-004 -9.9999988106294990e-001 3.4119485729521191e-003 0 0 0 1</transform>
        <rotation_covariance>1.1448898775696009e-008 9.0384335944137436e-010 -1.0782655574223248e-010 9.0384335944137446e-010 5.1605447977553647e-009 7.1080552260466183e-011 -1.0782655574223250e-010 7.1080552260466196e-011 1.5849411272330468e-010</rotation_covariance>
        <location_covariance>4.1104617025596424e-006 3.1872908135130868e-006 -1.5197492178933728e-006 3.1872908135130868e-006 8.0845464072371215e-006 -1.8898806668316579e-006 -1.5197492178933728e-006 -1.8898806668316579e-006 2.0926677226142525e-006</location_covariance>
      </camera>
      <camera id="32" sensor_id="0" label="DSC00645.JPG">
        <transform>9.9988593005986792e-001 1.5078773312147697e-002 8.7032391308375725e-004 1.9043429622458078e+001 1.5079765654644479e-002 -9.9988563813701858e-001 -1.1451266865367719e-003 1.6299332464947906e+001 8.5295727549968079e-004 1.1581203426571311e-003 -9.9999896561004409e-001 6.8951882267159911e-002 0 0 0 1</transform>
        <rotation_covariance>1.1892048939106410e-008 9.8476606615973912e-010 -8.9270998956044560e-011 9.8476606615973932e-010 5.0444000403943210e-009 7.3527862165661113e-011 -8.9270998956044573e-011 7.3527862165661100e-011 1.5575359522074299e-010</rotation_covariance>
        <location_covariance>3.7383591185083263e-006 2.9599712013091489e-006 -1.4157415251381829e-006 2.9599712013091489e-006 8.3065201267070713e-006 -1.8711838385928163e-006 -1.4157415251381829e-006 -1.8711838385928163e-006 1.8887498207970666e-006</location_covariance>
      </camera>
      <camera id="33" sensor_id="0" label="DSC00646.JPG">
        <transform>9.9988298788604668e-001 1.5268217407117125e-002 9.4449631007401569e-004 1.7434516226697067e+001 1.5270452604301328e-002 -9.9988050405907236e-001 -2.4064246996690487e-003 1.6386700347476445e+001 9.0764163111033721e-004 2.4205660049657954e-003 -9.9999665851785979e-001 1.0535202611717105e-001 0 0 0 1</transform>
        <rotation_covariance>1.1702493180236444e-008 5.9896944085100490e-010 -6.4372989754731708e-011 5.9896944085100511e-010 4.6745589410910379e-009 7.0784529847995149e-011 -6.4372989754731695e-011 7.0784529847995137e-011 1.4932592497702695e-010</rotation_covariance>
        <location_covariance>3.3005384321201962e-006 2.5501820959817435e-006 -1.3481219150319309e-006 2.5501820959817435e-006 8.2590501509211882e-006 -1.9094872035576996e-006 -1.3481219150319309e-006 -1.9094872035576996e-006 1.7366328011018156e-006</location_covariance>
      </camera>
      <camera id="34" sensor_id="0" label="DSC00647.JPG">
        <transform>9.9988873378977472e-001 1.4859327049869819e-002 1.3116554066318834e-003 1.5888117593455716e+001 1.4866771628739589e-002 -9.9987230455006615e-001 -5.8612025283742066e-003 1.6399107108378583e+001 1.2243943889299394e-003 5.8800504559675098e-003 -9.9998196276983697e-001 1.2516551622189920e-001 0 0 0 1</transform>
        <rotation_covariance>1.2363287397325098e-008 4.3518016113100662e-010 -3.4421073821465746e-011 4.3518016113100641e-010 5.0552985192064436e-009 8.7926134594307639e-011 -3.4421073821465752e-011 8.7926134594307613e-011 1.5209848977431914e-010</rotation_covariance>
        <location_covariance>3.2633097987629267e-006 2.2507686813314206e-006 -1.3037066874351900e-006 2.2507686813314206e-006 8.5781469495457696e-006 -1.9339572611103670e-006 -1.3037066874351900e-006 -1.9339572611103670e-006 1.6023485664472138e-006</location_covariance>
      </camera>
      <camera id="35" sensor_id="0" label="DSC00648.JPG">
        <transform>9.9988179623555784e-001 1.5256717632145440e-002 1.9042383903466482e-003 1.4527222779932051e+001 1.5271349191520487e-002 -9.9985200739144875e-001 -7.9214398413972528e-003 1.6276224896329797e+001 1.7831014062397324e-003 7.9495837867910799e-003 -9.9996681178276703e-001 1.4910622301154453e-001 0 0 0 1</transform>
        <rotation_covariance>1.1995638175333745e-008 5.4727559780760777e-010 -3.0571586825655035e-011 5.4727559780760777e-010 4.8942990980434524e-009 9.4286045936301545e-011 -3.0571586825655035e-011 9.4286045936301545e-011 1.4459357022584217e-010</rotation_covariance>
        <location_covariance>3.0005571893182330e-006 2.0943128644799222e-006 -1.1934501715074101e-006 2.0943128644799222e-006 8.3877869553143828e-006 -1.9236673405586284e-006 -1.1934501715074101e-006 -1.9236673405586284e-006 1.4659144552387109e-006</location_covariance>
      </camera>
      <camera id="36" sensor_id="0" label="DSC00649.JPG">
        <transform>9.9988308998728126e-001 1.5020917120127939e-002 2.8597913133894919e-003 1.3339393001129187e+001 1.5037977460742728e-002 -9.9986867658417489e-001 -6.0405976277896649e-003 1.6172741489391633e+001 2.7686804395026009e-003 6.0828968987573515e-003 -9.9997766613757078e-001 1.7099940038070083e-001 0 0 0 1</transform>
        <rotation_covariance>1.1939191577774276e-008 6.0161476219996187e-010 -2.1933628815800658e-011 6.0161476219996187e-010 4.8266222491099242e-009 8.7864705209209657e-011 -2.1933628815800652e-011 8.7864705209209657e-011 1.4122890635310395e-010</rotation_covariance>
        <location_covariance>2.8227757027587031e-006 1.9394403434850199e-006 -1.0974414285681641e-006 1.9394403434850199e-006 8.3481082482386185e-006 -1.8977978368859038e-006 -1.0974414285681641e-006 -1.8977978368859038e-006 1.3595291348040811e-006</location_covariance>
      </camera>
      <camera id="37" sensor_id="0" label="DSC00650.JPG">
        <transform>9.9988679116888002e-001 1.4540055946406297e-002 3.8719012223742042e-003 1.2136781232477842e+001 1.4553216725487081e-002 -9.9988834000158122e-001 -3.3928471558952286e-003 1.6163984576193780e+001 3.8221366984255143e-003 3.4488116732634311e-003 -9.9998674839674795e-001 2.0190420917781443e-001 0 0 0 1</transform>
        <rotation_covariance>1.2105236055411417e-008 4.9924963511052264e-010 -1.1549449621993537e-011 4.9924963511052253e-010 4.7082126578897221e-009 7.5544415245128436e-011 -1.1549449621993545e-011 7.5544415245128436e-011 1.3930336076587903e-010</rotation_covariance>
        <location_covariance>2.6380151096300079e-006 1.7118640179080313e-006 -9.9276949113050451e-007 1.7118640179080313e-006 8.4441865307600228e-006 -1.8860377954771836e-006 -9.9276949113050451e-007 -1.8860377954771836e-006 1.2758294301740017e-006</location_covariance>
      </camera>
      <camera id="38" sensor_id="0" label="DSC00651.JPG">
        <transform>9.9988728168677710e-001 1.4518619625045076e-002 3.8253895501080336e-003 1.0857982693150856e+001 1.4540881634246413e-002 -9.9987711893848508e-001 -5.8574554691774175e-003 1.6139845332338481e+001 3.7398773142517812e-003 5.9124197633301607e-003 -9.9997552800566902e-001 2.3270547706205200e-001 0 0 0 1</transform>
        <rotation_covariance>1.2013539391276288e-008 1.8110195360657724e-010 1.0024415107691165e-012 1.8110195360657727e-010 4.5101302772770232e-009 8.1745352387037273e-011 1.0024415107691120e-012 8.1745352387037273e-011 1.3677079278555963e-010</rotation_covariance>
        <location_covariance>2.4301053610780961e-006 1.3692870020582916e-006 -9.0295889964198687e-007 1.3692870020582916e-006 8.4114132089468118e-006 -1.8857030029776754e-006 -9.0295889964198687e-007 -1.8857030029776754e-006 1.1931655821965076e-006</location_covariance>
      </camera>
      <camera id="39" sensor_id="0" label="DSC00652.JPG">
        <transform>9.9987873735622701e-001 1.4676557071116366e-002 5.2066549199012895e-003 9.4594658534055611e+000 1.4705433761593271e-002 -9.9987645584466411e-001 -5.5518704412787813e-003 1.6054150893968561e+001 5.1245293247342135e-003 5.6277633258352711e-003 -9.9997103332003989e-001 2.9136409002185498e-001 0 0 0 1</transform>
        <rotation_covariance>1.2243867873451087e-008 -4.0697323332325671e-011 2.1815764894862158e-011 -4.0697323332325651e-011 4.4828334539065774e-009 7.7702483461752606e-011 2.1815764894862158e-011 7.7702483461752606e-011 1.3521311730739345e-010</rotation_covariance>
        <location_covariance>2.3203514562386184e-006 1.0470328940338610e-006 -7.9503242937129871e-007 1.0470328940338610e-006 8.5279370075611138e-006 -1.8499292214699206e-006 -7.9503242937129871e-007 -1.8499292214699206e-006 1.1051805851704175e-006</location_covariance>
      </camera>
      <camera id="40" sensor_id="0" label="DSC00653.JPG">
        <transform>9.9987703299423525e-001 1.4768373163053945e-002 5.2739022329282900e-003 7.9071675198637008e+000 1.4783195424480812e-002 -9.9988685058145632e-001 -2.7826547285020897e-003 1.6009268260463120e+001 5.2322102105427232e-003 2.8602776811410325e-003 -9.9998222123590752e-001 3.2161936701185645e-001 0 0 0 1</transform>
        <rotation_covariance>1.1958233543899157e-008 1.2944303020637846e-011 1.4438173627957137e-011 1.2944303020637806e-011 4.3666289118909723e-009 6.2503832796279296e-011 1.4438173627957113e-011 6.2503832796279296e-011 1.3115813823277893e-010</rotation_covariance>
        <location_covariance>2.1770084062460058e-006 8.3595502418298848e-007 -6.6784511014811952e-007 8.3595502418298848e-007 8.4019849760621501e-006 -1.8638833650768453e-006 -6.6784511014811952e-007 -1.8638833650768453e-006 1.0253503022683410e-006</location_covariance>
      </camera>
      <camera id="41" sensor_id="0" label="DSC00654.JPG">
        <transform>9.9987759165716961e-001 1.4551412795654174e-002 5.7496162924357457e-003 7.0171689985928332e+000 1.4568410771499288e-002 -9.9988959496380347e-001 -2.9256265506685574e-003 1.6022925511364967e+001 5.7064095062161592e-003 3.0090312014974564e-003 -9.9997919109438260e-001 3.3776381728805965e-001 0 0 0 1</transform>
