<?xml version="1.0" encoding="UTF-8"?>
<document version="1.5.0">
  <chunk label="SonyA9" enabled="true">
    <sensors next_id="1">
      <sensor id="0" label="SonyA9" type="frame">
        <resolution width="6000" height="4000"/>
        <property name="pixel_width" value="0.006"/>
        <property name="pixel_height" value="0.006"/>
        <property name="focal_length" value="55"/>
        <property name="fixed" value="true"/>
        <property name="layer_index" value="0"/>
        <calibration type="frame" class="initial">
          <resolution width="6000" height="4000"/>
          <f>9227.77018581081</f>
          <cx>-37.8304617831239</cx>
          <cy>31.7622333680372</cy>
          <k1>-0.017282082281574</k1>
        </calibration>
      </sensor>
    </sensors>
    <cameras next_id="589" next_group_id="0">
      <camera id="0" sensor_id="0" label="DSC00002.JPG">
        <transform>9.9775014678025886e-001 -6.6957111403789002e-002 3.3748825808192877e-003 -2.9833791929762032e+001 -6.7024211386559965e-002 -9.9738226710216915e-001 2.7136108013990697e-002 6.1953249353913060e+000 1.5490926323031347e-003 -2.7301254597505799e-002 -9.9962605098577673e-001 9.6376593062801019e-001 0 0 0 1</transform>
        <rotation_covariance>8.5719893268455219e-009 -6.1500583727621037e-010 -8.9289305799523559e-011 -6.1500583727621047e-010 5.1101533208094273e-009 4.9406811279695344e-011 -8.9289305799523559e-011 4.9406811279695357e-011 1.7012606654148078e-010</rotation_covariance>
        <location_covariance>7.4636382537329577e-006 -2.5184207891388222e-006 1.3430421923005710e-006 -2.5184207891388222e-006 4.7933837026660966e-006 -1.4345842159074889e-007 1.3430421923005710e-006 -1.4345842159074889e-007 1.4111835314141127e-006</location_covariance>
      </camera>
      <camera id="1" sensor_id="0" label="DSC00003.JPG">
        <transform>9.9930798108523455e-001 -3.6926341936316637e-002 4.4726066844449994e-003 -2.9855572738572725e+001 -3.7025798196792303e-002 -9.9900932856483149e-001 2.4687075734783712e-002 6.2856732568216218e+000 3.5565724007716078e-003 -2.4835593643936889e-002 -9.9968522249811775e-001 8.2916667940158484e-001 0 0 0 1</transform>
        <rotation_covariance>8.6300257191808445e-009 -4.9815115881590106e-010 -8.9867110230602647e-011 -4.9815115881590127e-010 5.0596831478612462e-009 6.0129090220199442e-011 -8.9867110230602647e-011 6.0129090220199390e-011 1.7066318237664886e-010</rotation_covariance>
        <location_covariance>7.4347814703120676e-006 -2.5193380862648253e-006 1.3708221813664988e-006 -2.5193380862648253e-006 4.7679042885118383e-006 -1.7118030735886513e-007 1.3708221813664988e-006 -1.7118030735886513e-007 1.4139965373047567e-006</location_covariance>
      </camera>
      <camera id="2" sensor_id="0" label="DSC00004.JPG">
        <transform>9.9992363751149527e-001 -9.9648683864503214e-003 7.3089358884021911e-003 -2.8807097281271361e+001 -1.0124159982277336e-002 -9.9970470281137425e-001 2.2090915813408486e-002 6.4778176655331068e+000 7.0866445115657303e-003 -2.2163225732338015e-002 -9.9972924879424441e-001 8.2798732643449624e-001 0 0 0 1</transform>
        <rotation_covariance>8.5659545348746435e-009 -2.3749550431778242e-010 -6.2122973606046922e-011 -2.3749550431778237e-010 5.0104335546609584e-009 7.9730060335459493e-011 -6.2122973606046896e-011 7.9730060335459506e-011 1.6146372898849563e-010</rotation_covariance>
        <location_covariance>7.0120806481845027e-006 -2.3686857071880225e-006 1.2862967962665273e-006 -2.3686857071880225e-006 4.7485642608168753e-006 -1.8790710398263842e-007 1.2862967962665273e-006 -1.8790710398263842e-007 1.2821786493854702e-006</location_covariance>
      </camera>
      <camera id="3" sensor_id="0" label="DSC00005.JPG">
        <transform>9.9992317552152277e-001 8.5334038484550581e-003 8.9902210047118052e-003 -2.7569176272412157e+001 8.3589925938113707e-003 -9.9977952192808750e-001 1.9262263004678540e-002 6.6161141798195180e+000 9.1526115273726973e-003 -1.9185634000573795e-002 -9.9977404504729217e-001 8.0523859555706212e-001 0 0 0 1</transform>
        <rotation_covariance>9.4182089670877531e-009 -4.1936284657294473e-010 -8.1957059062743688e-011 -4.1936284657294473e-010 5.0024289706489718e-009 1.0139641928435463e-010 -8.1957059062743675e-011 1.0139641928435466e-010 1.5649060549164602e-010</rotation_covariance>
        <location_covariance>6.5284619965312074e-006 -2.3848537934699765e-006 1.1879826675648253e-006 -2.3848537934699765e-006 5.1561970535288383e-006 -1.7586869572549468e-007 1.1879826675648253e-006 -1.7586869572549468e-007 1.1413064497473350e-006</location_covariance>
      </camera>
      <camera id="4" sensor_id="0" label="DSC00006.JPG">
        <transform>9.9992075316401130e-001 8.5093582840014420e-003 9.2778345270228615e-003 -2.5896706293250769e+001 8.3518511446697835e-003 -9.9982255086991434e-001 1.6885299950990629e-002 6.9394196187129280e+000 9.4198712503727744e-003 -1.6806474751480224e-002 -9.9981438698993241e-001 8.1547269945609724e-001 0 0 0 1</transform>
        <rotation_covariance>9.8671079801315217e-009 -4.7467855317552746e-010 -8.6057203610971064e-011 -4.7467855317552746e-010 4.7853198813847376e-009 1.0759477595447644e-010 -8.6057203610971051e-011 1.0759477595447644e-010 1.4982389137706890e-010</rotation_covariance>
        <location_covariance>5.8213575544338323e-006 -2.2705943122546880e-006 1.0951315078823660e-006 -2.2705943122546880e-006 5.4125860715266551e-006 -1.6819319229636461e-007 1.0951315078823660e-006 -1.6819319229636461e-007 9.7254049367762682e-007</location_covariance>
      </camera>
      <camera id="5" sensor_id="0" label="DSC00007.JPG">
        <transform>9.9992675851219737e-001 8.2878872425946326e-003 8.8197809691704931e-003 -2.4244619861818610e+001 8.1486152613648756e-003 -9.9984336458707979e-001 1.5711344961844995e-002 7.2942111191556407e+000 8.9486133346097993e-003 -1.5638325237757329e-002 -9.9983766937595708e-001 7.8864251175547295e-001 0 0 0 1</transform>
        <rotation_covariance>9.6755557737435113e-009 -4.4046219739843340e-010 -8.2641875957204915e-011 -4.4046219739843345e-010 4.6788869822159490e-009 1.0134896140114594e-010 -8.2641875957204915e-011 1.0134896140114595e-010 1.4395305485015167e-010</rotation_covariance>
        <location_covariance>5.2116911091695331e-006 -2.1150303717296670e-006 1.0116254256572184e-006 -2.1150303717296670e-006 5.3539548481572978e-006 -2.0099711425322619e-007 1.0116254256572184e-006 -2.0099711425322619e-007 8.2415291357068766e-007</location_covariance>
      </camera>
      <camera id="6" sensor_id="0" label="DSC00008.JPG">
        <transform>9.9992444604123065e-001 8.0036503921083069e-003 9.3297261234325229e-003 -2.3194970497567102e+001 7.8571078845525149e-003 -9.9984682764738786e-001 1.5639280646666979e-002 7.5162164707476276e+000 9.4534684020129590e-003 -1.5564794372416688e-002 -9.9983417080599746e-001 7.9781683668124825e-001 0 0 0 1</transform>
        <rotation_covariance>9.7182483419266117e-009 -4.5312333347350942e-010 -7.4940905125636780e-011 -4.5312333347350932e-010 4.6832539949414907e-009 8.7127033149149828e-011 -7.4940905125636793e-011 8.7127033149149815e-011 1.4173124176067467e-010</rotation_covariance>
        <location_covariance>4.8848686345665650e-006 -2.0355487295196952e-006 9.4322010225132759e-007 -2.0355487295196952e-006 5.4056586681527897e-006 -2.4012339054473046e-007 9.4322010225132759e-007 -2.4012339054473046e-007 7.3841901527990706e-007</location_covariance>
      </camera>
      <camera id="7" sensor_id="0" label="DSC00009.JPG">
        <transform>9.9991695609562270e-001 8.3476625859183404e-003 9.8182198904287841e-003 -2.1609531836317608e+001 8.2134331940878214e-003 -9.9987332923716465e-001 1.3633231288100999e-002 7.9081866855458696e+000 9.9307818237744285e-003 -1.3551457838190650e-002 -9.9985885882099801e-001 8.1538915648954879e-001 0 0 0 1</transform>
        <rotation_covariance>9.6024242968419751e-009 -5.9630347930136790e-010 -6.6971199419612818e-011 -5.9630347930136811e-010 4.5873180604955981e-009 9.6558398001195334e-011 -6.6971199419612843e-011 9.6558398001195347e-011 1.3759578271249544e-010</rotation_covariance>
        <location_covariance>4.3866078046905203e-006 -1.9781304635646832e-006 8.4768964980395813e-007 -1.9781304635646832e-006 5.4174911463167023e-006 -2.8495106671110859e-007 8.4768964980395813e-007 -2.8495106671110859e-007 6.2509536794830196e-007</location_covariance>
      </camera>
      <camera id="8" sensor_id="0" label="DSC00010.JPG">
        <transform>9.9991790657931889e-001 7.0504110349259280e-003 1.0699149791934358e-002 -1.9850737975642225e+001 6.8862612842222112e-003 -9.9985919851172189e-001 1.5302370960819064e-002 8.2593881698748124e+000 1.0805531340803034e-002 -1.5227437595856074e-002 -9.9982566762246472e-001 8.2618301750330003e-001 0 0 0 1</transform>
        <rotation_covariance>9.7207820876681117e-009 -6.5711910992832394e-010 -4.0332094851808479e-011 -6.5711910992832384e-010 4.5049189055588872e-009 7.9315249241997706e-011 -4.0332094851808479e-011 7.9315249241997706e-011 1.3225205803996417e-010</rotation_covariance>
        <location_covariance>3.8899891991335690e-006 -1.8463715374675406e-006 7.3818180718844794e-007 -1.8463715374675406e-006 5.5288367092517750e-006 -3.3519220645053098e-007 7.3818180718844794e-007 -3.3519220645053098e-007 5.1639889782583676e-007</location_covariance>
      </camera>
      <camera id="9" sensor_id="0" label="DSC00011.JPG">
        <transform>9.9990943867268789e-001 8.1733731496798478e-003 1.0691605334399040e-002 -1.8183635771138537e+001 8.0464885330361145e-003 -9.9989732336938231e-001 1.1857349663087125e-002 8.4836772972850323e+000 1.0787422099750050e-002 -1.1770245966040241e-002 -9.9987253829392708e-001 8.0354569738306059e-001 0 0 0 1</transform>
        <rotation_covariance>9.4366635066776081e-009 -3.1503864231770912e-010 -4.9568546412684418e-011 -3.1503864231770912e-010 4.2805681878080113e-009 7.8629281053106982e-011 -4.9568546412684412e-011 7.8629281053106982e-011 1.2525522608289558e-010</rotation_covariance>
        <location_covariance>3.3925026426867876e-006 -1.5201122096242315e-006 6.4341954194989303e-007 -1.5201122096242315e-006 5.4107431654478427e-006 -3.7408351013754063e-007 6.4341954194989303e-007 -3.7408351013754063e-007 4.2604106743311180e-007</location_covariance>
      </camera>
      <camera id="10" sensor_id="0" label="DSC00012.JPG">
        <transform>9.9991597037584623e-001 7.7241255089149910e-003 1.0411055299614055e-002 -1.7128727676157357e+001 7.5852037190753180e-003 -9.9988254408931698e-001 1.3317759196473931e-002 8.6292917012966708e+000 1.0512700503163740e-002 -1.3237670134795954e-002 -9.9985711340047634e-001 8.2180451444194003e-001 0 0 0 1</transform>
        <rotation_covariance>9.7371426692657492e-009 -1.7365756869138184e-010 -6.4258648726998353e-011 -1.7365756869138182e-010 4.4012852719787042e-009 6.6998760781828002e-011 -6.4258648726998340e-011 6.6998760781827989e-011 1.2562815993723194e-010</rotation_covariance>
        <location_covariance>3.2336654030959739e-006 -1.3457667747129888e-006 5.7658108475252705e-007 -1.3457667747129888e-006 5.5775505516880428e-006 -3.9651582336506161e-007 5.7658108475252705e-007 -3.9651582336506161e-007 3.7945704920357042e-007</location_covariance>
      </camera>
      <camera id="11" sensor_id="0" label="DSC00013.JPG">
        <transform>9.9991588100650497e-001 7.4792236263065788e-003 1.0596797862220377e-002 -1.5393817590841662e+001 7.3512531392846579e-003 -9.9990020145738190e-001 1.2064253096200638e-002 8.8797544205969459e+000 1.0685971564028156e-002 -1.1985338519821902e-002 -9.9987107252500207e-001 7.6043180358299689e-001 0 0 0 1</transform>
        <rotation_covariance>9.8709571711072189e-009 2.5800470870025328e-011 -5.4947454985687332e-011 2.5800470870025331e-011 4.4119863710338603e-009 4.6366519217567414e-011 -5.4947454985687287e-011 4.6366519217567401e-011 1.2545874669081768e-010</rotation_covariance>
        <location_covariance>2.9084762655541255e-006 -1.0725670399448418e-006 4.6227781273731649e-007 -1.0725670399448418e-006 5.6425805572136146e-006 -4.4935700022559650e-007 4.6227781273731649e-007 -4.4935700022559650e-007 3.1654384867371321e-007</location_covariance>
      </camera>
      <camera id="12" sensor_id="0" label="DSC00014.JPG">
        <transform>9.9991386145474015e-001 7.2317179461477482e-003 1.0953169688189747e-002 -1.4567128628996086e+001 7.0966648286736071e-003 -9.9989893307918709e-001 1.2319130464961914e-002 8.9816858997796878e+000 1.1041151161920622e-002 -1.2240338338896123e-002 -9.9986412431808402e-001 7.5659504126631605e-001 0 0 0 1</transform>
        <rotation_covariance>9.4204837140389007e-009 -1.4801025708933825e-010 -2.6851537188175529e-011 -1.4801025708933827e-010 4.3078874123028650e-009 4.8107108264966410e-011 -2.6851537188175561e-011 4.8107108264966417e-011 1.2296451500084689e-010</rotation_covariance>
        <location_covariance>2.7265035989253553e-006 -1.0650593957838411e-006 4.1110749758371794e-007 -1.0650593957838411e-006 5.4430292762741093e-006 -4.5612037286282181e-007 4.1110749758371794e-007 -4.5612037286282181e-007 2.9062458186089394e-007</location_covariance>
      </camera>
      <camera id="13" sensor_id="0" label="DSC00015.JPG">
        <transform>9.9991976998126630e-001 6.8077851143095126e-003 1.0682118818281216e-002 -1.3000527927581386e+001 6.6987506863838307e-003 -9.9992543869444361e-001 1.0209984866112760e-002 9.2310744783999148e+000 1.0750829728544865e-002 -1.0137608868069692e-002 -9.9989081831297255e-001 7.5721082134443374e-001 0 0 0 1</transform>
        <rotation_covariance>9.0990094649188325e-009 -1.9319086212929068e-010 -3.7493474023255789e-011 -1.9319086212929068e-010 3.9942287601484252e-009 4.1841338000401601e-011 -3.7493474023255763e-011 4.1841338000401588e-011 1.1882765151987985e-010</rotation_covariance>
        <location_covariance>2.3607762870875205e-006 -9.1968430539246466e-007 3.3713065058053603e-007 -9.1968430539246466e-007 5.3255644587833978e-006 -4.7992513382633513e-007 3.3713065058053603e-007 -4.7992513382633513e-007 2.4810007109548692e-007</location_covariance>
      </camera>
      <camera id="14" sensor_id="0" label="DSC00016.JPG">
        <transform>9.9993323490678043e-001 6.3817776045231043e-003 9.6332052541418176e-003 -1.1961217806954895e+001 6.3007532902415219e-003 -9.9994471748440228e-001 8.4179856862836230e-003 9.3940684040940781e+000 9.6863944188500216e-003 -8.3567272089839495e-003 -9.9991816608836404e-001 7.4466074102843749e-001 0 0 0 1</transform>
        <rotation_covariance>8.7897975260511795e-009 -1.8916760777884804e-010 -5.2282323010650922e-011 -1.8916760777884796e-010 3.7451084851371117e-009 4.2676364809209936e-011 -5.2282323010650935e-011 4.2676364809209955e-011 1.1456933808247681e-010</rotation_covariance>
        <location_covariance>2.1212764120677049e-006 -8.0178776083465934e-007 2.9216323889835418e-007 -8.0178776083465934e-007 5.1992327902196601e-006 -4.9706752592114231e-007 2.9216323889835418e-007 -4.9706752592114231e-007 2.2446108057075014e-007</location_covariance>
      </camera>
      <camera id="15" sensor_id="0" label="DSC00017.JPG">
        <transform>9.9993992078082017e-001 5.6288078547160536e-003 9.4059210597508894e-003 -1.0517950720809417e+001 5.5557293961539652e-003 -9.9995432066668966e-001 7.7775607291762239e-003 9.6556277889730850e+000 9.4492697984706296e-003 -7.7248367072709281e-003 -9.9992551632515192e-001 7.9620437196064964e-001 0 0 0 1</transform>
        <rotation_covariance>8.7971601453861932e-009 -1.0950685100188616e-010 -6.3136870702756729e-011 -1.0950685100188616e-010 3.5894680474110448e-009 4.0952684846483140e-011 -6.3136870702756781e-011 4.0952684846483153e-011 1.1356059521575929e-010</rotation_covariance>
        <location_covariance>1.9189219815021152e-006 -6.0163755541076678e-007 2.1883834874213759e-007 -6.0163755541076678e-007 5.2685336618945113e-006 -5.1305144433563061e-007 2.1883834874213759e-007 -5.1305144433563061e-007 2.0213512828492221e-007</location_covariance>
      </camera>
      <camera id="16" sensor_id="0" label="DSC00018.JPG">
        <transform>9.9994042526727700e-001 5.2097357156736489e-003 9.5919012749918590e-003 -9.5080144858846705e+000 5.1434796331633267e-003 -9.9996283352578075e-001 6.9192618359827643e-003 9.8719745573348359e+000 9.6275923033534265e-003 -6.8695138739570142e-003 -9.9993005717678873e-001 8.2670780405100142e-001 0 0 0 1</transform>
        <rotation_covariance>8.7455143794768269e-009 -1.3522427190482507e-010 -6.2117065984165657e-011 -1.3522427190482507e-010 3.4462561396954360e-009 4.4752535440067980e-011 -6.2117065984165657e-011 4.4752535440067986e-011 1.1050897233989208e-010</rotation_covariance>
        <location_covariance>1.7796783906485101e-006 -4.9515176737649883e-007 1.7462027735570798e-007 -4.9515176737649883e-007 5.2952534383177117e-006 -5.4319109075426179e-007 1.7462027735570798e-007 -5.4319109075426179e-007 1.9288066804064864e-007</location_covariance>
      </camera>
      <camera id="17" sensor_id="0" label="DSC00019.JPG">
        <transform>9.9994507482590156e-001 4.8580922095218604e-003 9.2868870729449580e-003 -8.0714185731467136e+000 4.7902044035367077e-003 -9.9996174681540473e-001 7.3183910565587582e-003 1.0130772190335284e+001 9.3220852385175450e-003 -7.2735030053038881e-003 -9.9993009499706409e-001 8.6379274554515373e-001 0 0 0 1</transform>
        <rotation_covariance>8.5560482629394510e-009 -7.3837845431540401e-011 -7.4077849053848253e-011 -7.3837845431540401e-011 3.1052792579113461e-009 4.1730980869149525e-011 -7.4077849053848227e-011 4.1730980869149532e-011 1.0507195958581398e-010</rotation_covariance>
        <location_covariance>1.5467081809880033e-006 -2.9288064892172678e-007 1.1644639759163989e-007 -2.9288064892172678e-007 5.2705234314433647e-006 -5.9091321881235014e-007 1.1644639759163989e-007 -5.9091321881235014e-007 1.8542958346752966e-007</location_covariance>
      </camera>
      <camera id="18" sensor_id="0" label="DSC00020.JPG">
        <transform>9.9995270882027054e-001 3.9803702627652909e-003 8.8733745314318099e-003 -6.5124534942101020e+000 3.9324089441218155e-003 -9.9997760134047819e-001 5.4159927289333283e-003 1.0403502877117985e+001 8.8947334361384692e-003 -5.3808428628758249e-003 -9.9994596366362976e-001 8.4066662259289948e-001 0 0 0 1</transform>
        <rotation_covariance>8.5724063852554107e-009 6.8194456168951691e-011 -8.1324604867208030e-011 6.8194456168951704e-011 3.1423846724247761e-009 4.3016282397266649e-011 -8.1324604867208017e-011 4.3016282397266656e-011 1.0623444460652577e-010</rotation_covariance>
        <location_covariance>1.5253878254800333e-006 -3.0857227771932557e-008 5.1941056787136011e-008 -3.0857227771932557e-008 5.3232123753726901e-006 -6.6189722738693361e-007 5.1941056787136011e-008 -6.6189722738693361e-007 1.9269939964905156e-007</location_covariance>
      </camera>
      <camera id="19" sensor_id="0" label="DSC00021.JPG">
        <transform>9.9995380907788511e-001 3.5359196561077486e-003 8.9373923946603814e-003 -5.7027324648255089e+000 3.4933545852346491e-003 -9.9998250390464383e-001 4.7737153602749119e-003 1.0561305980475920e+001 8.9541154991658687e-003 -4.7422733772585733e-003 -9.9994866601183230e-001 8.2193725450899824e-001 0 0 0 1</transform>
        <rotation_covariance>8.5003480377742831e-009 2.0412483486869841e-010 -8.6659001086048109e-011 2.0412483486869838e-010 3.1287877309892591e-009 4.5376898113834498e-011 -8.6659001086048122e-011 4.5376898113834498e-011 1.0636342743330263e-010</rotation_covariance>
        <location_covariance>1.5137881772881426e-006 1.3508366476043348e-007 1.0708920207955181e-008 1.3508366476043348e-007 5.3159659045470888e-006 -6.8972869829910190e-007 1.0708920207955181e-008 -6.8972869829910190e-007 2.0048758066384534e-007</location_covariance>
      </camera>
      <camera id="20" sensor_id="0" label="DSC00022.JPG">
        <transform>9.9996328062983986e-001 3.0192317487457102e-003 8.0200767861422183e-003 -4.2411938314257762e+000 2.9811257863896750e-003 -9.9998423211647025e-001 4.7590343011011437e-003 1.0798995391794810e+001 8.0343189539608083e-003 -4.7349506946430435e-003 -9.9995651403491803e-001 7.8867950078057403e-001 0 0 0 1</transform>
        <rotation_covariance>8.4231008292681972e-009 4.1517286796514380e-010 -1.1670722809410951e-010 4.1517286796514380e-010 3.1629031316829564e-009 4.2192788652147914e-011 -1.1670722809410951e-010 4.2192788652147927e-011 1.1137817274171389e-010</rotation_covariance>
        <location_covariance>1.5475615812985491e-006 4.2261297524465836e-007 -5.5624766808455733e-008 4.2261297524465836e-007 5.3157066941771050e-006 -7.4703131332944614e-007 -5.5624766808455733e-008 -7.4703131332944614e-007 2.2161374090702244e-007</location_covariance>
      </camera>
      <camera id="21" sensor_id="0" label="DSC00023.JPG">
        <transform>9.9996771516846394e-001 2.1811331326326805e-003 7.7337752113225732e-003 -3.4002370819370529e+000 2.1412379995136223e-003 -9.9998437867006817e-001 5.1630916771929890e-003 1.0928405929145010e+001 7.7449157897923242e-003 -5.1463651342858064e-003 -9.9995676466800987e-001 7.5505012723037868e-001 0 0 0 1</transform>
        <rotation_covariance>8.3596355432083812e-009 4.6703835441010337e-010 -1.1795936230272531e-010 4.6703835441010337e-010 3.2029662970299863e-009 4.8276929912922308e-011 -1.1795936230272531e-010 4.8276929912922295e-011 1.1365817533764605e-010</rotation_covariance>
        <location_covariance>1.5924791575353040e-006 5.5565207085298539e-007 -9.9770123401411781e-008 5.5565207085298539e-007 5.2971472003421206e-006 -7.7528981992030239e-007 -9.9770123401411781e-008 -7.7528981992030239e-007 2.3719722737309428e-007</location_covariance>
      </camera>
      <camera id="22" sensor_id="0" label="DSC00024.JPG">
        <transform>9.9996693697114103e-001 1.6195822133508878e-003 7.9688090709452777e-003 -2.4318507361769939e+000 1.5815594672549844e-003 -9.9998734685625190e-001 4.7754368434304376e-003 1.1060531148299523e+001 7.9764424530312031e-003 -4.7626758075953665e-003 -9.9995684571132626e-001 7.5939424361670937e-001 0 0 0 1</transform>
        <rotation_covariance>8.4762786888566831e-009 4.7579112138447493e-010 -1.1382409394764973e-010 4.7579112138447504e-010 3.3263462144572479e-009 5.9221126203798246e-011 -1.1382409394764975e-010 5.9221126203798259e-011 1.1798860841706800e-010</rotation_covariance>
        <location_covariance>1.7031822929648942e-006 6.8835364645595406e-007 -1.4716319993309389e-007 6.8835364645595406e-007 5.3752301419191381e-006 -8.0779292074232725e-007 -1.4716319993309389e-007 -8.0779292074232725e-007 2.5756420532527134e-007</location_covariance>
      </camera>
      <camera id="23" sensor_id="0" label="DSC00025.JPG">
        <transform>9.9996573538281097e-001 9.5254299690994144e-004 8.2231819968471981e-003 -1.3050364016134162e+000 9.2159436434526368e-004 -9.9999248184360889e-001 3.7665528122119798e-003 1.1222515120656478e+001 8.2267079771826783e-003 -3.7588453145364670e-003 -9.9995909534228422e-001 7.5674655631348164e-001 0 0 0 1</transform>
        <rotation_covariance>8.5902404198028511e-009 5.0989958911181937e-010 -9.8032100799137387e-011 5.0989958911181926e-010 3.3997587648048781e-009 5.6165098705382105e-011 -9.8032100799137400e-011 5.6165098705382118e-011 1.2200898058225422e-010</rotation_covariance>
        <location_covariance>1.8224783363041588e-006 8.5531288645728242e-007 -2.1094534738566046e-007 8.5531288645728242e-007 5.4536206121063666e-006 -8.5343830544072044e-007 -2.1094534738566046e-007 -8.5343830544072044e-007 2.8595392028798805e-007</location_covariance>
      </camera>
      <camera id="24" sensor_id="0" label="DSC00026.JPG">
        <transform>9.9996595425628532e-001 7.5113047314595614e-004 8.2174285106664125e-003 -6.7764001632702642e-001 7.1822510921568008e-004 -9.9999171579341428e-001 4.0065567805701611e-003 1.1316239469374663e+001 8.2203698826813030e-003 -4.0005184108752876e-003 -9.9995820981250816e-001 7.5777546195909928e-001 0 0 0 1</transform>
        <rotation_covariance>8.7882042099017105e-009 4.8493080907553591e-010 -9.1534861854020531e-011 4.8493080907553611e-010 3.4590596009884073e-009 5.7173550940104287e-011 -9.1534861854020556e-011 5.7173550940104294e-011 1.2567617110655171e-010</rotation_covariance>
        <location_covariance>1.9089486132073745e-006 9.2825270061168793e-007 -2.5284041507443885e-007 9.2825270061168793e-007 5.5615583528099193e-006 -8.7839330154490739e-007 -2.5284041507443885e-007 -8.7839330154490739e-007 3.0422614854521496e-007</location_covariance>
      </camera>
      <camera id="25" sensor_id="0" label="DSC00027.JPG">
        <transform>9.9996142846942826e-001 -4.4308280253747064e-004 8.7718442194860552e-003 3.4907006653126543e-001 -4.9315961481034604e-004 -9.9998359064008369e-001 5.7074726595895730e-003 1.1454320639372535e+001 8.7691713961557116e-003 -5.7115784329498541e-003 -9.9994523825299009e-001 7.5619552243291832e-001 0 0 0 1</transform>
        <rotation_covariance>9.1367583132795212e-009 6.0249499799013133e-010 -6.3618066124419109e-011 6.0249499799013143e-010 3.4877182474719953e-009 4.6180029565152025e-011 -6.3618066124419109e-011 4.6180029565152031e-011 1.3210367517729921e-010</rotation_covariance>
        <location_covariance>2.0361828772776292e-006 1.1213654440995638e-006 -3.3022537698931687e-007 1.1213654440995638e-006 5.7439265274026366e-006 -9.2126998749810391e-007 -3.3022537698931687e-007 -9.2126998749810391e-007 3.3690779541300174e-007</location_covariance>
      </camera>
      <camera id="26" sensor_id="0" label="DSC00028.JPG">
        <transform>9.9997006921615239e-001 -2.2688295148928588e-003 7.3968293529966690e-003 4.9852729108785437e-001 -2.3223672924431427e-003 -9.9997111291395591e-001 7.2373992416852970e-003 1.1608213873818048e+001 7.3801952551400957e-003 -7.2543607752101526e-003 -9.9994645205017807e-001 7.6826566676286312e-001 0 0 0 1</transform>
        <rotation_covariance>9.3861756531247105e-009 6.6197479309882824e-010 -7.9595443197763803e-011 6.6197479309882824e-010 3.5233178514899197e-009 3.3417016830887095e-011 -7.9595443197763777e-011 3.3417016830887088e-011 1.3591535147432942e-010</rotation_covariance>
        <location_covariance>2.0734940605951264e-006 1.1825036875099884e-006 -3.4854978279350802e-007 1.1825036875099884e-006 5.8981352576738679e-006 -9.6247788268825675e-007 -3.4854978279350802e-007 -9.6247788268825675e-007 3.5295369464544366e-007</location_covariance>
      </camera>
      <camera id="27" sensor_id="0" label="DSC00029.JPG">
        <transform>9.9995830595731583e-001 -3.2423153409464446e-003 8.5366116348698767e-003 7.7878693464917792e-001 -3.3104685062968504e-003 -9.9996266639033327e-001 7.9816429263616182e-003 9.4030076017562898e+000 8.5104139290371247e-003 -8.0095703233684836e-003 -9.9993170748706206e-001 5.9944173346963037e-001 0 0 0 1</transform>
        <rotation_covariance>8.1088857611817258e-009 6.2262271447028756e-010 -3.5146228596149723e-011 6.2262271447028746e-010 3.3439988515184245e-009 5.9874310796666375e-011 -3.5146228596149717e-011 5.9874310796666387e-011 1.1459134428180675e-010</rotation_covariance>
        <location_covariance>2.0026234769644382e-006 1.0488857588022984e-006 -3.0080560432103972e-007 1.0488857588022984e-006 4.7271404793507326e-006 -5.8025037091170893e-007 -3.0080560432103972e-007 -5.8025037091170893e-007 2.2492282125544178e-007</location_covariance>
      </camera>
      <camera id="28" sensor_id="0" label="DSC00030.JPG">
        <transform>9.9995082036013427e-001 -4.5445561060442063e-003 8.8149799144953064e-003 3.4193942051674431e-001 -4.6370042594122505e-003 -9.9993416718453854e-001 1.0495689041770468e-002 9.3930851631859138e+000 8.7667013518273780e-003 -1.0536047966973400e-002 -9.9990606390832804e-001 6.4227895220653264e-001 0 0 0 1</transform>
        <rotation_covariance>8.0745875616063378e-009 5.6403153597567564e-010 -4.5788699784289420e-011 5.6403153597567554e-010 3.3542086472859883e-009 5.2869626547081843e-011 -4.5788699784289401e-011 5.2869626547081862e-011 1.1185008682316445e-010</rotation_covariance>
        <location_covariance>1.9613980350981255e-006 9.7876932621621528e-007 -2.7076718312279519e-007 9.7876932621621528e-007 4.7256449908692871e-006 -5.6602372203814490e-007 -2.7076718312279519e-007 -5.6602372203814490e-007 2.1365139206149285e-007</location_covariance>
      </camera>
      <camera id="29" sensor_id="0" label="DSC00031.JPG">
        <transform>9.9995369469971673e-001 -6.2881404441911190e-003 7.2847612273771109e-003 -1.3594588060639008e+000 -6.3767369147354619e-003 -9.9990520527916527e-001 1.2203183271205606e-002 9.1994247060591388e+000 7.2073353401946698e-003 -1.2249071204973469e-002 -9.9989900218567551e-001 6.3574411666549202e-001 0 0 0 1</transform>
        <rotation_covariance>8.1351496669331170e-009 5.5438039750253744e-010 -8.5719819135612301e-011 5.5438039750253744e-010 3.4470356264010475e-009 4.6633407747928135e-011 -8.5719819135612262e-011 4.6633407747928135e-011 1.0708308864780233e-010</rotation_covariance>
        <location_covariance>1.8324534123135839e-006 7.8382656453096189e-007 -1.5304818097314604e-007 7.8382656453096189e-007 4.7143147514234468e-006 -5.2319629387363637e-007 -1.5304818097314604e-007 -5.2319629387363637e-007 1.7599645887925779e-007</location_covariance>
      </camera>
      <camera id="30" sensor_id="0" label="DSC00032.JPG">
        <transform>9.9994913955171538e-001 -6.9861045935332138e-003 7.2741083572655475e-003 -2.8445524937355104e+000 -7.0894207599594417e-003 -9.9987296399898073e-001 1.4275712843188387e-002 8.9815516539757940e+000 7.1734526605590999e-003 -1.4326555988831785e-002 -9.9987163744674024e-001 6.3700889414032202e-001 0 0 0 1</transform>
        <rotation_covariance>8.1714939943580718e-009 5.1516637036194865e-010 -8.9989471272972551e-011 5.1516637036194865e-010 3.4108841511949499e-009 3.3677819643377334e-011 -8.9989471272972590e-011 3.3677819643377353e-011 1.0326549519670992e-010</rotation_covariance>
        <location_covariance>1.7097381449324247e-006 6.0156082470179609e-007 -7.2721657042315418e-008 6.0156082470179609e-007 4.6928203902418938e-006 -4.8532797734881112e-007 -7.2721657042315418e-008 -4.8532797734881112e-007 1.4860003501308877e-007</location_covariance>
      </camera>
      <camera id="31" sensor_id="0" label="DSC00033.JPG">
        <transform>9.9993879384919981e-001 -7.2857824206494365e-003 8.3262194258179132e-003 -4.4883774196915933e+000 -7.3919034806181269e-003 -9.9989092647086730e-001 1.2786513370107307e-002 8.6997091202744024e+000 8.2321515013474792e-003 -1.2847277367195859e-002 -9.9988358279647194e-001 6.3849958212649693e-001 0 0 0 1</transform>
        <rotation_covariance>8.2420481062548212e-009 3.2983939658255653e-010 -6.3628135077445464e-011 3.2983939658255659e-010 3.0799719901110672e-009 3.5746951003038671e-011 -6.3628135077445464e-011 3.5746951003038677e-011 9.5706596701222587e-011</rotation_covariance>
        <location_covariance>1.4883010903369545e-006 3.3751959262663849e-007 -1.4062234511117292e-008 3.3751959262663849e-007 4.6746925334912328e-006 -4.2400814762585136e-007 -1.4062234511117292e-008 -4.2400814762585136e-007 1.2229088749648956e-007</location_covariance>
      </camera>
      <camera id="32" sensor_id="0" label="DSC00034.JPG">
        <transform>9.9993333186139433e-001 -7.3920732802046172e-003 8.8706868499709279e-003 -5.9475548874696997e+000 -7.4886864444171156e-003 -9.9991246430787384e-001 1.0907946511244120e-002 8.4410841264291498e+000 8.7892780083102130e-003 -1.0973649091120254e-002 -9.9990115892407960e-001 6.3662849239767683e-001 0 0 0 1</transform>
        <rotation_covariance>8.3565085700380695e-009 1.8882193899608978e-010 -4.3135608065015198e-011 1.8882193899608978e-010 2.9406559151508804e-009 4.0389103909370255e-011 -4.3135608065015211e-011 4.0389103909370236e-011 9.1891781312804222e-011</rotation_covariance>
        <location_covariance>1.4028708792858131e-006 1.1477507835304242e-007 4.2396402301892701e-008 1.1477507835304242e-007 4.6775247150820763e-006 -3.7714508325987470e-007 4.2396402301892701e-008 -3.7714508325987470e-007 1.1003545167092027e-007</location_covariance>
      </camera>
      <camera id="33" sensor_id="0" label="DSC00035.JPG">
        <transform>9.9991911254126886e-001 -7.6752163041650607e-003 1.0141963782507415e-002 -7.4021590207263133e+000 -7.7817429302587835e-003 -9.9991452878686171e-001 1.0506169516794240e-002 8.2208527237826008e+000 1.0060459812989699e-002 -1.0584241854404495e-002 -9.9989337480189289e-001 6.5051738966278838e-001 0 0 0 1</transform>
        <rotation_covariance>9.1888239082895795e-009 -1.0748965461139011e-010 -2.9890442480279723e-011 -1.0748965461139011e-010 3.0553655301097020e-009 5.7364255998068078e-011 -2.9890442480279756e-011 5.7364255998068078e-011 9.6237750945493356e-011</rotation_covariance>
        <location_covariance>1.4713558548745280e-006 -1.7067630887488433e-007 8.9765744070054782e-008 -1.7067630887488433e-007 5.0215433551759617e-006 -3.0050720066216546e-007 8.9765744070054782e-008 -3.0050720066216546e-007 1.1181477937476517e-007</location_covariance>
      </camera>
      <camera id="34" sensor_id="0" label="DSC00036.JPG">
        <transform>9.9989625789485626e-001 -8.3679914398230755e-003 1.1723914326094900e-002 -8.8028499225709744e+000 -8.4500932460901644e-003 -9.9993999882571993e-001 6.9709879179114739e-003 8.0649396784916796e+000 1.1664877710243982e-002 -7.0693329022146149e-003 -9.9990697325317357e-001 6.6804939273439190e-001 0 0 0 1</transform>
        <rotation_covariance>9.7881425007701172e-009 -4.1429038289624399e-010 -2.5807632475185809e-011 -4.1429038289624404e-010 3.2658330878148101e-009 8.0815707620210118e-011 -2.5807632475185815e-011 8.0815707620210118e-011 1.0135223671100067e-010</rotation_covariance>
        <location_covariance>1.6252521502033842e-006 -4.5354870955241023e-007 1.2934676620096201e-007 -4.5354870955241023e-007 5.2859512406288864e-006 -2.2696310910263878e-007 1.2934676620096201e-007 -2.2696310910263878e-007 1.2519293454411877e-007</location_covariance>
      </camera>
      <camera id="35" sensor_id="0" label="DSC00037.JPG">
        <transform>9.9989426795034664e-001 -8.2537424959570720e-003 1.1971994606193680e-002 -1.0185677538402603e+001 -8.3437573495715490e-003 -9.9993715062092192e-001 7.4884258294484309e-003 7.8571298416676250e+000 1.1909434635270015e-002 -7.5875254808212668e-003 -9.9990029244107437e-001 6.3501134398572512e-001 0 0 0 1</transform>
        <rotation_covariance>9.0954773597415544e-009 -2.5216974788814326e-010 -3.5548149821806466e-011 -2.5216974788814321e-010 3.4113114235897715e-009 8.5098303991803208e-011 -3.5548149821806479e-011 8.5098303991803234e-011 1.0331211207311621e-010</rotation_covariance>
        <location_covariance>1.7790965627177362e-006 -5.2389373437905159e-007 1.8156965656108479e-007 -5.2389373437905159e-007 4.9304629825564475e-006 -2.1928741582740589e-007 1.8156965656108479e-007 -2.1928741582740589e-007 1.4058933235532747e-007</location_covariance>
      </camera>
      <camera id="36" sensor_id="0" label="DSC00038.JPG">
        <transform>9.9988302677667451e-001 -8.9418911763864007e-003 1.2408680272492154e-002 -1.1493435931262855e+001 -9.0186609654861871e-003 -9.9994045158119138e-001 6.1446762317113454e-003 7.6952904141902447e+000 1.2352996329024335e-002 -6.2558671495329564e-003 -9.9990412920834693e-001 6.0084354298204912e-001 0 0 0 1</transform>
        <rotation_covariance>9.3250517959152472e-009 -6.0249787317492520e-011 -4.0942104511554252e-011 -6.0249787317492520e-011 3.6131478220637725e-009 8.5643351806029065e-011 -4.0942104511554239e-011 8.5643351806029052e-011 1.0697550745986513e-010</rotation_covariance>
        <location_covariance>1.9846198909278471e-006 -5.6424509998366629e-007 2.4006224482852843e-007 -5.6424509998366629e-007 5.0044672967598479e-006 -2.1411697864293523e-007 2.4006224482852843e-007 -2.1411697864293523e-007 1.6290831304398022e-007</location_covariance>
      </camera>
      <camera id="37" sensor_id="0" label="DSC00039.JPG">
        <transform>9.9987152632947929e-001 -9.3793839161029381e-003 1.2998384242380994e-002 -1.2536564607290110e+001 -9.4550482267099882e-003 -9.9993864186157033e-001 5.7718779499149617e-003 7.5325235795677203e+000 1.2943450026512147e-002 -5.8940367654499561e-003 -9.9989885860121808e-001 6.1110536611186284e-001 0 0 0 1</transform>
        <rotation_covariance>9.0861487478922095e-009 -2.4094977396722570e-011 -1.8561980631740728e-011 -2.4094977396722583e-011 3.7528505378408339e-009 8.7834007710428969e-011 -1.8561980631740718e-011 8.7834007710428943e-011 1.0809570628544454e-010</rotation_covariance>
        <location_covariance>2.1640309665167806e-006 -6.4565045815614934e-007 2.8351152336715505e-007 -6.4565045815614934e-007 4.8856293703667711e-006 -2.0340083487917990e-007 2.8351152336715505e-007 -2.0340083487917990e-007 1.8448230897150007e-007</location_covariance>
      </camera>
      <camera id="38" sensor_id="0" label="DSC00040.JPG">
        <transform>9.9987201092405642e-001 -9.7162639479060411e-003 1.2710467559367019e-002 -1.3739031027630030e+001 -9.8001627743442565e-003 -9.9993049054796146e-001 6.5552179299738292e-003 7.3272965353752975e+000 1.2645891834088143e-002 -6.6789435847081843e-003 -9.9989773133671667e-001 5.8991076474766868e-001 0 0 0 1</transform>
        <rotation_covariance>9.6307492402398551e-009 1.2371038890515686e-010 -3.5656842997850445e-011 1.2371038890515683e-010 4.1377691192285888e-009 9.8210490538743781e-011 -3.5656842997850425e-011 9.8210490538743781e-011 1.1263858955675307e-010</rotation_covariance>
        <location_covariance>2.4933931920503764e-006 -6.8387238899539090e-007 3.4394011862750276e-007 -6.8387238899539090e-007 5.1000913441982570e-006 -1.7780503521737972e-007 3.4394011862750276e-007 -1.7780503521737972e-007 2.1579158830478304e-007</location_covariance>
      </camera>
      <camera id="39" sensor_id="0" label="DSC00041.JPG">
        <transform>9.9986311234839687e-001 -1.0033789840923284e-002 1.3155973031493691e-002 -1.5224751275569774e+001 -1.0103309995123030e-002 -9.9993529070072174e-001 5.2285311900640086e-003 7.0946300812679439e+000 1.3102659734559687e-002 -5.3607343425327260e-003 -9.9989978639621135e-001 6.2175594536978362e-001 0 0 0 1</transform>
        <rotation_covariance>9.5137635077310855e-009 6.4489505999222554e-011 -2.6970724815841481e-011 6.4489505999222542e-011 4.0905312704374355e-009 1.2402757665010281e-010 -2.6970724815841514e-011 1.2402757665010283e-010 1.1248694195629146e-010</rotation_covariance>
        <location_covariance>2.7039450670009201e-006 -8.4252648573693976e-007 4.2738317234028926e-007 -8.4252648573693976e-007 5.0360804980552555e-006 -1.1952911802876306e-007 4.2738317234028926e-007 -1.1952911802876306e-007 2.6221033588054000e-007</location_covariance>
      </camera>
      <camera id="40" sensor_id="0" label="DSC00042.JPG">
        <transform>9.9985508455696959e-001 -1.0256187067994433e-002 1.3587513105837305e-002 -1.6321596083663426e+001 -1.0336818838844398e-002 -9.9992930082036713e-001 5.8773750250125448e-003 6.9084858968629739e+000 1.3526273022082183e-002 -6.0169749640524035e-003 -9.9989041197043893e-001 6.4815576194073299e-001 0 0 0 1</transform>
        <rotation_covariance>9.3976485158451058e-009 -1.4538188434661044e-010 -2.8576511422013023e-011 -1.4538188434661044e-010 4.0829196405986350e-009 1.3282609638901417e-010 -2.8576511422013013e-011 1.3282609638901417e-010 1.1347696770267909e-010</rotation_covariance>
        <location_covariance>2.8946894094643422e-006 -1.0349909130499432e-006 4.9084897478793071e-007 -1.0349909130499432e-006 4.9758679867069538e-006 -8.6296564317616472e-008 4.9084897478793071e-007 -8.6296564317616472e-008 3.0333306815690392e-007</location_covariance>
      </camera>
      <camera id="41" sensor_id="0" label="DSC00043.JPG">
