# Cameras (597)
# PhotoID, X, Y, Z, Omega, Phi, Kappa, r11, r12, r13, r21, r22, r23, r31, r32, r33
DSC00001.JPG	2693786.0797969718000000	1256207.0006355427000000	583.8063099589007800	0.6961271532703347	0.3416216030350063	149.9855698746122800	-0.8658840581979558	0.5001184505840438	0.0112398017800145	-0.5002092039402759	-0.8658717759707673	-0.0075378956390682	0.0059623864411453	-0.0121491959670566	0.9999084192991280
DSC00002.JPG	2693784.7870449219000000	1256208.9698217469000000	583.8695424567816900	1.1079828092579798	-0.0919272412204051	147.2398715698759600	-0.8409422869771057	0.5410480519379083	0.0091145744776837	-0.5411224406458951	-0.8407693481764083	-0.0171291388122129	-0.0016044323432145	-0.0193367179535035	0.9998117408470669
DSC00003.JPG	2693782.9033167008000000	1256210.8215627866000000	583.8667293923310800	1.2033695435338783	-0.2832133658282497	145.7464411944335700	-0.8265446923885261	0.5628179341852209	0.0077359190686955	-0.5628493922692012	-0.8263140641656588	-0.0201402329734001	-0.0049429855903879	-0.0210009600140913	0.9997672361964757
DSC00004.JPG	2693780.6473304834000000	1256212.6465054222000000	583.8405897626728300	1.2920160156246721	-0.3742658199486815	145.6156496197530100	-0.8252501743930728	0.5647195844677254	0.0073444252874148	-0.5647295644954840	-0.8249747870677895	-0.0222961810002681	-0.0065321243820685	-0.0225475413528023	0.9997244318961106
DSC00005.JPG	2693778.9114472251000000	1256214.0808496061000000	583.8221046653666200	1.3175331079778341	-0.5008650852338994	145.5063366430012800	-0.8241573341676746	0.5663310274542480	0.0058185806042237	-0.5662934507666860	-0.8238570977689894	-0.0239000015568399	-0.0087416335081127	-0.0229923856586184	0.9996974212457165
DSC00006.JPG	2693777.6086715367000000	1256215.2040466224000000	583.8221323256988200	1.3556530488801786	-0.5983730168299742	145.3748029302529400	-0.8228416922315911	0.5682499558218088	0.0048515187275559	-0.5681746959713397	-0.8225158532122499	-0.0254005132310391	-0.0104433894558186	-0.0236571114686076	0.9996655824292622
DSC00007.JPG	2693775.6749996506000000	1256216.8479905957000000	583.8256302369479700	1.3998412766975479	-0.7817349904274061	145.3767310608801900	-0.8228290955213373	0.5682826966993864	0.0026563500542697	-0.5681251063685859	-0.8224707239229642	-0.0278526803614638	-0.0136434261539909	-0.0244271349468024	0.9996085093680782
DSC00008.JPG	2693774.2902708631000000	1256217.9442014529000000	583.8405010411414700	1.3909917278895354	-0.8551659060345905	145.3790381088100800	-0.8228369055943876	0.5682755819186938	0.0015132041577131	-0.5680815733290310	-0.8224802238322322	-0.0284536016858063	-0.0149249065613447	-0.0242722969628457	0.9995939689515351
DSC00009.JPG	2693772.3912174031000000	1256219.2727489499000000	583.8766993922434900	1.4424952936865318	-0.9916539665861804	145.3705768153809600	-0.8227214142858119	0.5684447815800507	0.0000690649082903	-0.5681812654789311	-0.8223363109580989	-0.0305457237364836	-0.0173067626756901	-0.0251698624198562	0.9995333681230721
DSC00010.JPG	2693771.5486958735000000	1256219.9334636501000000	583.8931178643249500	1.4817100751569645	-0.9931102666817936	145.3469739260415600	-0.8224869211492734	0.5687838447089391	0.0004500405609373	-0.5685198855011189	-0.8220805989223640	-0.0311227997654798	-0.0173321760948415	-0.0258539527648299	0.9995154670130179
DSC00011.JPG	2693769.9464482237000000	1256221.2654043490000000	583.8981792613843700	1.5017851848212589	-1.0939252406052071	145.3641268787868300	-0.8226307194946536	0.5685754549682665	-0.0008070634036308	-0.5682554147268247	-0.8222136815426597	-0.0324105772504935	-0.0190914372783213	-0.0262033183336697	0.9994743133922713
DSC00012.JPG	2693768.4064366110000000	1256222.4554234219000000	583.9161341901144600	1.4488269466398516	-1.1067040132445671	145.3154260272846200	-0.8221438890609245	0.5692777956026571	-0.0014889975008303	-0.5689520002233747	-0.8217564991607061	-0.0317785702787526	-0.0193144278092339	-0.0252793892513446	0.9994938245719586
DSC00013.JPG	2693767.2478747945000000	1256223.2689798672000000	583.9257470745708400	1.4511533879867689	-1.0947250137489013	145.2766458168584100	-0.8217619109822297	0.5698295729021276	-0.0012725977420739	-0.5695106193931739	-0.8213727239664269	-0.0316938909314681	-0.0191053934070060	-0.0253200744499788	0.9994968122873684
DSC00014.JPG	2693765.0504891817000000	1256224.8139459486000000	583.8404933674860300	1.6982747734695289	-1.3342682802890746	145.2392823172574800	-0.8213175492960890	0.5704669452359293	-0.0022243226954671	-0.5699958591305946	-0.8207859888153077	-0.0376175642280767	-0.0232852698554507	-0.0296281109365058	0.9992897333857147
DSC00015.JPG	2693764.1830302272000000	1256225.5417745877000000	583.8317501545873300	1.6733758987777998	-1.3188948644465130	145.2094446661666900	-0.8210257053346314	0.5708868596928141	-0.0022326239827346	-0.5704270398023924	-0.8205095380261948	-0.0371091669311061	-0.0230170250477755	-0.0291940308645289	0.9993087236284044
DSC00016.JPG	2693762.6313292272000000	1256226.8418884499000000	583.8231204938223300	1.7129473254853049	-1.3930196250492350	145.2077015895590100	-0.8209832099741165	0.5709449759481825	-0.0028988584175517	-0.5704345485499992	-0.8204442844203652	-0.0384135650846739	-0.0243103838133773	-0.0298832829770389	0.9992577218302396
DSC00017.JPG	2693760.6539071333000000	1256228.5477734162000000	583.8160028954760000	1.7132157281323495	-1.4315960550728817	145.1687680748248100	-0.8205817785731132	0.5715188819186982	-0.0034223214617098	-0.5709828116073702	-0.8200444542057275	-0.0388036335331229	-0.0249834649864178	-0.0298874678892780	0.9992409948257928
DSC00018.JPG	2693759.1826178934000000	1256229.7395275771000000	583.8035513846170900	1.7217319241638189	-1.4995376550475619	145.1266018883039800	-0.8201364660915650	0.5721519479481684	-0.0042808230465227	-0.5715692141998605	-0.8195974880866350	-0.0396054402958991	-0.0261688816305171	-0.0300350791774496	0.9992062267885508
DSC00019.JPG	2693758.0709809028000000	1256230.5798929268000000	583.8257582007631800	1.7749592297539749	-1.6198816934521336	145.1116282325257600	-0.8199401695730578	0.5724231868403777	-0.0054601728920653	-0.5717508286591259	-0.8193735885494048	-0.0415681646849320	-0.0282685027567263	-0.0309615496249436	0.9991207505585674
DSC00020.JPG	2693756.1841915641000000	1256231.9264394855000000	583.7706387857635900	1.7058952836283587	-1.5986166133003918	145.0414534064249200	-0.8192478270161535	0.5734103226607541	-0.0057965330500672	-0.5727606194817321	-0.8187277281273088	-0.0403754871970341	-0.0278975034763331	-0.0297575042902861	0.9991677638105634
DSC00021.JPG	2693755.1938615236000000	1256232.7620051375000000	583.7559254190003900	1.6382506291569943	-1.5334132658989674	145.0118141313931200	-0.8189769063229210	0.5737999127063037	-0.0055215113851054	-0.5732021753559170	-0.8184967416953020	-0.0387601599767003	-0.0267599154890555	-0.0285787335691047	0.9992332875312976
DSC00022.JPG	2693754.3363475073000000	1256233.3645862665000000	583.7864598280305000	1.6664076328162334	-1.4918468960015376	144.9124858089904800	-0.8179976396040197	0.5752033548157616	-0.0045784507145269	-0.5746321049914152	-0.8174937405191465	-0.0387547174567152	-0.0260346982964408	-0.0290703426314258	0.9992382647116277
DSC00023.JPG	2693752.8443992492000000	1256234.3801769132000000	583.7249602941334400	1.6949890789028716	-1.6108727652172108	144.8776304982710600	-0.8176019154180760	0.5757530034607596	-0.0059654765616467	-0.5750972622456335	-0.8170888957064000	-0.0403593294155612	-0.0281113297847899	-0.0295671357965585	0.9991674222163764
DSC00024.JPG	2693751.8200874664000000	1256235.3254987772000000	583.7238490390510600	1.7121813139712441	-1.6245176749919972	144.8114473509983500	-0.8169315728512415	0.5767040128439113	-0.0059402734387005	-0.5760374273739894	-0.8164070425471955	-0.0407482900708420	-0.0283493834703936	-0.0298667448690447	0.9991517852697738
DSC00025.JPG	2693750.9664169382000000	1256236.0471302259000000	583.7398135414117600	1.6934732526757215	-1.6535698570279860	144.8046352096523900	-0.8168512275946736	0.5768113465155624	-0.0065377754610404	-0.5761261926332966	-0.8163430985420452	-0.0407744481830783	-0.0288562322373484	-0.0295400743681824	0.9991469871182048
DSC00026.JPG	2693750.6134980135000000	1256236.3403702376000000	583.7434865255040700	1.5506174126066781	-1.6655404051812914	144.7152176478805100	-0.8159461738293796	0.5780713279759032	-0.0080858633040301	-0.5773967986699533	-0.8155378045555873	-0.0388719207956404	-0.0290650700822154	-0.0270486434563716	0.9992114854165188
DSC00027.JPG	2693752.4932595696000000	1256238.1334281680000000	583.7218727605773000	1.6876058193711068	-1.6914200385836153	144.5751128492459500	-0.8145210521607947	0.5800921063222515	-0.0069716403726508	-0.5793826267748033	-0.8140187959512765	-0.0410995332037121	-0.0295165610869534	-0.0294371877163695	0.9991307344892116
DSC00028.JPG	2693752.9976570848000000	1256237.8883171279000000	583.7715467858226900	1.7654129185556191	-1.6946025732242258	144.4807575947794500	-0.8135644793955479	0.5814420848510228	-0.0061595316337396	-0.5807222484110995	-0.8130048194838238	-0.0422472921786961	-0.0295720825476849	-0.0307939192077282	0.9990881975449518
DSC00029.JPG	2693754.8730899151000000	1256236.4672212393000000	583.7718319559278400	1.7539339740537025	-1.6869164238096122	144.4222250477512000	-0.8129740166362340	0.5822677603086065	-0.0061240166188095	-0.5815553738737771	-0.8124212392553250	-0.0420128209642376	-0.0294379923377666	-0.0305938770351544	0.9990983031189070
DSC00030.JPG	2693756.8874188196000000	1256235.0034233755000000	583.8050589037878800	1.6095512912149039	-1.4775907536399302	144.3685555368806800	-0.8125109035143538	0.5829279489832158	-0.0045867160921136	-0.5823754078500546	-0.8120385333825773	-0.0378458007360875	-0.0257859652091973	-0.0280789350954656	0.9992730644834447
DSC00031.JPG	2693759.0749996621000000	1256233.1635349030000000	583.9043534950502600	1.6492589304838638	-1.5403250180736892	144.2803054624340900	-0.8115895249753821	0.5842065768709802	-0.0050118350855698	-0.5836093568519264	-0.8110948938019947	-0.0390537046029126	-0.0268805049266816	-0.0287706237162695	0.9992245441670572
DSC00032.JPG	2693761.0310120508000000	1256231.5418507319000000	583.8712528026092100	1.6856917703286938	-1.6157160593781712	144.1832260640404400	-0.8105701360085258	0.5856144222029743	-0.0056394254136717	-0.5849624346152775	-0.8100562316842256	-0.0403466429646821	-0.0281958277070552	-0.0294049318555572	0.9991698280485075
DSC00033.JPG	2693762.2751348242000000	1256230.5799317469000000	583.8791556954832900	1.6723734476583751	-1.5030715241130816	144.1832997863792800	-0.8106142727862961	0.5855655439578632	-0.0041826408495216	-0.5849927004892138	-0.8100999059578666	-0.0390087521127393	-0.0262305381088667	-0.0291742368604310	0.9992301150256285
DSC00034.JPG	2693764.0380395632000000	1256229.3228767784000000	583.8928702134767300	1.7751815064069112	-1.5390981825401975	144.1710259821635700	-0.8104754055597739	0.5857614027313463	-0.0036326371860424	-0.5851565651274315	-0.8098917501266267	-0.0408307159513012	-0.0268591003383384	-0.0309666295717881	0.9991594750498936
DSC00035.JPG	2693764.8689016346000000	1256228.8296561930000000	583.9196629400107700	1.7389066682532159	-1.4713860106253294	144.1696834998274700	-0.8104868637510997	0.5857488972552676	-0.0030451684919745	-0.5851937277563138	-0.8099246991033167	-0.0396267936763891	-0.0256777078722884	-0.0303349822258239	0.9992099099647603
DSC00036.JPG	2693766.4936992414000000	1256227.6685263875000000	583.9451355859127900	1.7600748667516444	-1.5301069204183921	144.1462404884441600	-0.8102256040290362	0.5861068190490983	-0.0036424222614729	-0.5855095742306665	-0.8096518405411323	-0.0405269736420205	-0.0267022294950410	-0.0307033185910915	0.9991718056307873
DSC00037.JPG	2693767.4734882079000000	1256226.9365867137000000	583.9341577760409300	1.7717746562298571	-1.5288476441930590	144.1113232648541800	-0.8098691073132042	0.5866003047944013	-0.0034801486792144	-0.5860035774716669	-0.8092866099791061	-0.0406815695239817	-0.0266802588091071	-0.0309073668183344	0.9991661015397969
DSC00038.JPG	2693769.0494211540000000	1256225.6313299937000000	583.9067268111241400	1.7976291121066714	-1.5499916514043859	144.1385781777703100	-0.8101397358992155	0.5862261684793174	-0.0035337950149839	-0.5856124583374937	-0.8095403387933010	-0.0412612227926542	-0.0270491581581655	-0.0313579217501343	0.9991421439347090
DSC00039.JPG	2693770.3207202852000000	1256224.4780027510000000	583.9378054642996900	1.8066722573956913	-1.5167055096517876	144.1310878548930200	-0.8100757689138314	0.5863177078556854	-0.0029654803186467	-0.5857274722167400	-0.8094678995151123	-0.0410493355022942	-0.0264684134252926	-0.0315161087294733	0.9991527200489921
DSC00040.JPG	2693772.4372199159000000	1256222.8934675721000000	583.9304851536661500	1.7023853843388652	-1.4855649072652015	144.0938060809539500	-0.8097060031586745	0.5868249012942227	-0.0035670253475579	-0.5862628062176442	-0.8091690623951083	-0.0392600370406677	-0.0259250939172206	-0.0296978733859517	0.9992226607827381
DSC00041.JPG	2693773.8480249848000000	1256221.7138614517000000	583.9477432446758500	1.7879472494379369	-1.6232061193723373	144.0790921902342600	-0.8095026490389506	0.5870980148723767	-0.0046240817289970	-0.5864324944103863	-0.8089148476273514	-0.0418771869593844	-0.0283265016995222	-0.0311879819952280	0.9991120653262736
DSC00042.JPG	2693776.3197314832000000	1256219.8515592604000000	583.9485842437779900	1.6926211027359650	-1.4945143312357201	144.0761239144505600	-0.8095217477673841	0.5870777131716953	-0.0037813474757244	-0.5865102803150473	-0.8089918957650513	-0.0392148399363498	-0.0260812380151591	-0.0295274665957364	0.9992236475084214
DSC00043.JPG	2693778.2956643123000000	1256218.1541466620000000	583.9788310570165800	1.7814639066398894	-1.4732359825078312	144.0490346588883900	-0.8092521423573748	0.5874559217161767	-0.0025514957567069	-0.5868986000538764	-0.8086592312818760	-0.0402527131682487	-0.0257099853130682	-0.0310771250794476	0.9991862734005096
DSC00044.JPG	2693780.8452254813000000	1256215.9899097199000000	583.9192963009526200	1.8132608471469851	-1.4077569904307659	144.0285279742036600	-0.8090652849364411	0.5877173716465406	-0.0012867694422953	-0.5872050762272751	-0.8084476937558600	-0.0400315489801613	-0.0245675225375794	-0.0316325390336314	0.9991975877225943
DSC00045.JPG	2693782.3907740619000000	1256214.7182659113000000	583.8949420221658800	1.7933102083249757	-1.3632110209400876	144.0019035989182000	-0.8088075420158362	0.5880728244994048	-0.0008444309289156	-0.5875920206617159	-0.8082026907383848	-0.0392941209078009	-0.0237902760173641	-0.0312852004712808	0.9992273309905456
DSC00046.JPG	2693783.5241523739000000	1256213.8183450904000000	583.8786034197791000	1.8502123120905696	-1.3934353752383566	144.0052594239943200	-0.8088316898601939	0.5880398136900213	-0.0006891975831315	-0.5875371902832550	-0.8081877034135139	-0.0404065104314710	-0.0243176378778954	-0.0322771369020974	0.9991830857863052
DSC00047.JPG	2693784.4941476677000000	1256212.9924830657000000	583.8397008425060900	1.8243979338606824	-1.3133328702194127	143.9841218778907700	-0.8086415893684396	0.5883015754080294	0.0001905678738867	-0.5878549605682496	-0.8080149963580742	-0.0392213079303042	-0.0229199755450370	-0.0318280070518594	0.9992305303022531
DSC00048.JPG	2693785.6522321515000000	1256211.8649462983000000	583.8453573840063200	1.8931910448830176	-1.2629056350433243	143.9433412085173200	-0.8082389697361616	0.5888523496857874	0.0016364807836089	-0.5884420131320218	-0.8075654997540197	-0.0396731746671970	-0.0220400767004208	-0.0330283798659370	0.9992113696022835
DSC00049.JPG	2693786.6408443544000000	1256210.9992670249000000	583.8355275327479600	1.9148436392938386	-1.3176692411561706	143.9251001105929800	-0.8080341924639354	0.5891345637117367	0.0010998405965356	-0.5886866266282449	-0.8073441359287011	-0.0405401259321686	-0.0229956395477978	-0.0334052693705895	0.9991773058572068
DSC00050.JPG	2693787.7254037205000000	1256210.1856057646000000	583.8368200782472300	1.9493662871511659	-1.3242191447024079	143.9333299743136900	-0.8081166118005794	0.5890209685476540	0.0013565924721235	-0.5885690044733811	-0.8074018876352775	-0.0410940240935839	-0.0231099265503792	-0.0340072117965523	0.9991543628692517
DSC00051.JPG	2693788.2535120044000000	1256209.7509294329000000	583.8620898013018600	1.9640758313932041	-1.3275074248615755	143.9202148584114700	-0.8079807927847075	0.5892069881459582	0.0014709218076875	-0.5887531864761790	-0.8072553037839146	-0.0413347302747336	-0.0231673025002944	-0.0342636780382548	0.9991442720959526
DSC00052.JPG	2693789.6816695835000000	1256212.1792184154000000	583.7814873439818900	2.0275013809118398	-1.2433461429710497	143.7136341632617000	-0.8058793495359705	0.5920696863596731	0.0034583934767131	-0.5916820403754071	-0.8051101718123856	-0.0413518360103422	-0.0216987808108088	-0.0353708600148555	0.9991386616346770
DSC00053.JPG	2693789.2416941449000000	1256212.6699790047000000	583.8025384226796200	2.0271490999348059	-1.2805861914299250	143.7471693993121300	-0.8062139796753766	0.5916169107557935	0.0029068683772938	-0.5912017927424800	-0.8054432342031432	-0.0417329214704421	-0.0223485846099469	-0.0353642104980878	0.9991245735051154
DSC00054.JPG	2693787.4221125841000000	1256214.2409232648000000	583.8525389626105400	1.9040755578032487	-1.2289097069548682	143.7729603682758500	-0.8064959520275499	0.5912349619216133	0.0023450297917305	-0.5908504978997581	-0.8058149555007680	-0.0394708325590374	-0.0214468761077858	-0.0332186287020547	0.9992179713217593
DSC00055.JPG	2693785.8525049798000000	1256215.4906770943000000	583.8809382440782700	2.0447541851289230	-1.3366732776661372	143.7730904722325800	-0.8064633273158341	0.5912797139152467	0.0022807031762325	-0.5908237824159895	-0.8056773062731628	-0.0425597966170389	-0.0233272335765784	-0.0356704088668122	0.9990913182011633
DSC00056.JPG	2693783.9100676514000000	1256217.0563097810000000	583.8856090528710200	2.1161896885434799	-1.4029983290308243	143.7696033486855900	-0.8064050447274618	0.5913599118956844	0.0020876879145533	-0.5908565083252211	-0.8055623728694462	-0.0442475986543414	-0.0244844932115687	-0.0369150107636028	0.9990184140307405
DSC00057.JPG	2693782.4277376309000000	1256218.2145631392000000	583.8670956119766500	2.0712211983615867	-1.3939611539538739	143.7460781674294600	-0.8061654801066890	0.5916874943351514	0.0017685394374702	-0.5911898383051434	-0.8053573464581045	-0.0435214842428342	-0.0243268117329220	-0.0361310607836544	0.9990509259680201
DSC00058.JPG	2693779.8197289687000000	1256220.1805695759000000	583.8338019710640800	2.0207745690964334	-1.4368184961051904	143.7321631345881800	-0.8060069815110710	0.5919056648955507	0.0006554540164612	-0.5913746789737604	-0.8052360318515494	-0.0432541567557677	-0.0250745852227429	-0.0352507712330897	0.9990638859969765
DSC00059.JPG	2693778.3706995323000000	1256221.3182951203000000	583.8890741619784400	1.9547518902314300	-1.3943811433287980	143.7216763423935800	-0.8059134800913377	0.5920330471052457	0.0005777043766117	-0.5915330187311527	-0.8051919347196215	-0.0418883756343281	-0.0243341397603806	-0.0341001377966658	0.9991221297941362
DSC00060.JPG	2693777.1264813114000000	1256222.3252211681000000	583.9460031082444400	1.9828365194259427	-1.4405398051571301	143.7224319354703300	-0.8059052153556431	0.5920445389772595	0.0002184714597310	-0.5915105989804854	-0.8051626247410979	-0.0427593149357323	-0.0251395138441613	-0.0345891830957468	0.9990853783618536
DSC00061.JPG	2693774.7837454174000000	1256224.0111417954000000	583.9372097434060200	2.0282436571962759	-1.4811556174639233	143.6938901724214800	-0.8055958920602643	0.5924653909674126	0.0001385693255950	-0.5919012849799538	-0.8048186094056891	-0.0438163758584932	-0.0258481630818457	-0.0353803117584492	0.9990395918106394
DSC00062.JPG	2693773.8724795636000000	1256224.6782647194000000	583.9089204531768500	2.0320764888038383	-1.4751813928928257	143.6727480955850600	-0.8053795933144421	0.5927593383605698	0.0002783145762528	-0.5922001020342702	-0.8045991921947585	-0.0438084360613599	-0.0257439278911141	-0.0354472383392943	0.9990399108498390
DSC00063.JPG	2693772.3543974701000000	1256225.8122747433000000	583.8952481193126700	1.9429641459160674	-1.4615604769704269	143.6578243439706500	-0.8052302234023063	0.5929621342529008	-0.0004412048466111	-0.5924134681095808	-0.8045167069479235	-0.0424164006493714	-0.0255062761266625	-0.0338935920774874	0.9990999220769842
DSC00064.JPG	2693770.2157594506000000	1256227.5624617683000000	583.9152967645044300	2.0444915597722835	-1.6259561580082553	143.6466352954648800	-0.8050522636515914	0.5932014794483820	-0.0016904347664210	-0.5925248869835443	-0.8042638158719236	-0.0455408913425110	-0.0283744796354999	-0.0356611729950732	0.9989610451093827
DSC00065.JPG	2693768.1604364607000000	1256229.4127499722000000	583.8719022280292800	2.0826693248387178	-1.6149926297825046	143.6251830661352600	-0.8048347155906810	0.5934979504379720	-0.0011240133425717	-0.5928294758627033	-0.8040152561413146	-0.0459639036676463	-0.0281832064964107	-0.0363269970950481	0.9989424688907951
DSC00066.JPG	2693766.6409756169000000	1256230.6808990084000000	583.8599902038322400	2.0586916965003135	-1.6479339354289322	143.6214902529513300	-0.8047833263162603	0.5935658699917958	-0.0018318472147581	-0.5928716390836055	-0.8039839225191160	-0.0459681618198437	-0.0287579076716962	-0.0359083599132536	0.9989412257158508
DSC00067.JPG	2693764.9897707272000000	1256232.0290439478000000	583.8931270065373800	2.0873345412888251	-1.7099107733223684	143.5995933659861000	-0.8045311794179904	0.5939056180349600	-0.0023870925432109	-0.5931603551160460	-0.8037105682562740	-0.0470118664996833	-0.0298391431328559	-0.0364065837410056	0.9988914786889546
DSC00068.JPG	2693764.2081374042000000	1256232.6996487512000000	583.8926568910305800	2.0809994311009499	-1.7466868551801604	143.6294817125905800	-0.8048249045748865	0.5935047699885585	-0.0029934890768348	-0.5927291109762224	-0.8040116475698370	-0.0473019193413263	-0.0304807148433396	-0.0362954346008628	0.9988761522079569
DSC00069.JPG	2693762.3586634602000000	1256234.1610279882000000	583.8609357651098400	2.0028554545255872	-1.7401084596411671	143.6252156957551200	-0.8047835825239217	0.5935567725421954	-0.0037071645842286	-0.5927911050094942	-0.8040336002021670	-0.0461375721897573	-0.0303659533290844	-0.0349331864454923	0.9989282163214633
DSC00070.JPG	2693760.6172748022000000	1256235.3731860374000000	583.8211098671376900	2.0055580743055361	-1.7698972062104470	143.6083956086537500	-0.8045967071219676	0.5938075971791282	-0.0040836773668740	-0.5930178895232442	-0.8038463502102636	-0.0464847067220557	-0.0308856211509985	-0.0349797482264991	0.9989106544732255
DSC00071.JPG	2693759.6428611930000000	1256236.1402258440000000	583.8200720421231200	1.9604587003432707	-1.7159615695326211	143.5742253959311100	-0.8042659360664973	0.5942576151108006	-0.0037670898455313	-0.5935146324142246	-0.8035475263044902	-0.0452962921235542	-0.0299447022574491	-0.0341944418401501	0.9989664934090399
DSC00072.JPG	2693758.1272738837000000	1256237.3973887730000000	583.7681696537962400	1.8883685331611104	-1.6699095782726781	143.5545968624139700	-0.8040816625182459	0.5945063743111205	-0.0038536872394936	-0.5938042311840561	-0.8034159820056185	-0.0438097578840639	-0.0291412942369633	-0.0329382871654687	0.9990324590366420
DSC00073.JPG	2693757.1094750427000000	1256238.1404502802000000	583.7594143274204700	1.9069334436843020	-1.6650994516305451	143.5360643679074400	-0.8038915173781200	0.5947651776483882	-0.0035793497153472	-0.5940657346753380	-0.8032110669187658	-0.0440214136968472	-0.0290573772414781	-0.0332620720355808	0.9990241755792230
DSC00074.JPG	2693755.9121499155000000	1256239.2115419626000000	583.7778132122572300	1.8706428984726908	-1.6745901577277280	143.5246293454332000	-0.8037690570800902	0.5949274348984754	-0.0040804516543037	-0.5942232930618875	-0.8031168574135514	-0.0436118254704805	-0.0292229509678255	-0.0326291364167496	0.9990402187066489
DSC00075.JPG	2693755.3377860468000000	1256239.6646823648000000	583.8002545384947600	1.9394449857721086	-1.6939742618891833	143.4981263757568100	-0.8034861115423989	0.5953125104606422	-0.0036171048538015	-0.5945891091076970	-0.8027818203574337	-0.0447787922360615	-0.0295611212404038	-0.0338284465007471	0.9989903784913827
DSC00076.JPG	2693754.3778229468000000	1256240.4823834894000000	583.7966594704773800	1.8580640040748306	-1.5938636931955914	143.4810358415269600	-0.8033490016888549	0.5955007126283579	-0.0030467596948175	-0.5948585802844567	-0.8027007047859988	-0.0426010328281083	-0.0278145815621863	-0.0324111060468481	0.9990875183172597
DSC00077.JPG	2693754.0800642669000000	1256240.5663080856000000	583.7333338639241400	1.7516610597396509	-1.5719978156657273	143.4563278811926600	-0.8031008725860824	0.5958307901289853	-0.0038285748970242	-0.5952112345335362	-0.8025285049359983	-0.0408850223218089	-0.0274330956425891	-0.0305559863113844	0.9991565227550701
DSC00078.JPG	2693755.9608034454000000	1256242.6779261553000000	583.7403935234773400	1.6190018786923799	-1.5910503894121939	143.3759645050778600	-0.8022578706907264	0.5969530401032622	-0.0054200393222631	-0.5963316073912517	-0.8017789237853059	-0.0392322749766386	-0.0277654991121499	-0.0282422606239422	0.9992154181025743
DSC00079.JPG	2693756.4871452712000000	1256242.0749908402000000	583.7420978409712700	1.6747813070597661	-1.5881295603668644	143.3330768526437600	-0.8018124077443035	0.5975567991989833	-0.0047680728128968	-0.5969327994205463	-0.8012941732237949	-0.0399860092225360	-0.0277145406462408	-0.0292150592787640	0.9991888633026822
DSC00080.JPG	2693758.5377565119000000	1256240.3716094012000000	583.7793709622226300	1.6906358661303871	-1.5869020681308350	143.2660314127026600	-0.8011138255313538	0.5984948123849485	-0.0045385119615583	-0.5978709972605883	-0.8005836665298324	-0.0402002925397290	-0.0276931250881591	-0.0294915654714459	0.9991813340875094
DSC00081.JPG	2693760.5176150631000000	1256238.9687361093000000	583.7879648477451200	1.6960935631649647	-1.5801934020485444	143.2903369256185300	-0.8013699710011620	0.5981527959744548	-0.0044047980134448	-0.5975330361637327	-0.8008357207882941	-0.0402047136844056	-0.0275760814937037	-0.0295868379087204	0.9991817546132513
DSC00082.JPG	2693762.5326280110000000	1256237.3844713382000000	583.8444522826539500	1.5850478790782117	-1.5139218529029925	143.3269027307632900	-0.8017761957079921	0.5976062250718367	-0.0046617326616178	-0.5970401357614981	-0.8013128073964798	-0.0379586747959485	-0.0264198464399492	-0.0276511203708365	0.9992684360352463
DSC00083.JPG	2693764.2815842647000000	1256236.0796640497000000	583.8493567936909600	1.5001314716745324	-1.5214080969182135	143.3169719838310000	-0.8016699269538674	0.5977402894448508	-0.0056457587769282	-0.5971770267519587	-0.8012625517139890	-0.0368499924081105	-0.0265504602120277	-0.0261700132818958	0.9993048601239538
DSC00084.JPG	2693765.5663726293000000	1256235.1566123317000000	583.8479239747136900	1.6138322312299012	-1.4978163201322843	143.3383248218498000	-0.8019011272292442	0.5974423911935798	-0.0041438331728858	-0.5968846980148418	-0.8014174809066704	-0.0381926507712995	-0.0261388489455383	-0.0281533390933562	0.9992618025691248
DSC00085.JPG	2693766.8236498199000000	1256234.3712097190000000	583.8552680532062600	1.5768813291671435	-1.4575400230005409	143.3174042997441100	-0.8016976694932430	0.5977166788157072	-0.0039520367690179	-0.5971882869616102	-0.8012352994884113	-0.0372578148792084	-0.0254361287337442	-0.0275093932909731	0.9992978718259149
DSC00086.JPG	2693768.2623449974000000	1256233.3401932777000000	583.8665100907775200	1.5407377782427558	-1.4281746132305861	143.3357039169581000	-0.8018987156775583	0.5974470729626970	-0.0039299876575111	-0.5969399095181963	-0.8014577314788974	-0.0364451516268927	-0.0249237681558977	-0.0268793538055969	0.9993279272190410
DSC00087.JPG	2693770.2265396900000000	1256231.9324632122000000	583.8747369906717500	1.6105246999997900	-1.3646509238801243	143.3096516470819500	-0.8016488709703759	0.5977907762404919	-0.0022968486480146	-0.5973206127344138	-0.8011596160361035	-0.0367607839343402	-0.0238153999442548	-0.0280972858951595	0.9993214544133537
DSC00088.JPG	2693771.2671609931000000	1256231.0835870937000000	583.8682912005003800	1.6274773331961159	-1.3366771567256770	143.3236186128596600	-0.8018036856646267	0.5975849982248370	-0.0017376855993072	-0.5971320512839020	-0.8013026837463679	-0.0367058898590874	-0.0233273012605162	-0.0283932900082154	0.9993246009672786
DSC00089.JPG	2693772.6520158444000000	1256229.9360874468000000	583.8466633132908300	1.6070415333336769	-1.3517371165379890	143.3020849965898500	-0.8015742635101292	0.5978913674392893	-0.0021477476040904	-0.5974296682025706	-0.8010866726398661	-0.0365777865671777	-0.0235900748103836	-0.0280366841899218	0.9993285008995165
DSC00090.JPG	2693773.7774327639000000	1256228.9185016851000000	583.8783563650066500	1.6532120334714224	-1.3634693365760835	143.3110400034136900	-0.8016637383095795	0.5977724318862467	-0.0018358530204541	-0.5973014808051290	-0.8011468461077750	-0.0373453075976755	-0.0237947831994568	-0.0288418211694159	0.9993007343358267
DSC00091.JPG	2693775.2692682650000000	1256227.5423669338000000	583.9269183593181700	1.6906319278959039	-1.3443199511157768	143.3164254635611000	-0.8017262103870340	0.5976902947280961	-0.0011811715740459	-0.5972308441185638	-0.8011843575319249	-0.0376688741480856	-0.0234606566803319	-0.0294946916240747	0.9992895780273745
DSC00092.JPG	2693776.7816107497000000	1256226.3340676329000000	583.9193187227135700	1.7053023494734012	-1.3264326375553350	143.3200746709456400	-0.8017700816617586	0.5976321002111997	-0.0007803520022609	-0.5971841264077880	-0.8012183000514991	-0.0376875951627730	-0.0231485489537309	-0.0297507724225312	0.9992892655390629
DSC00093.JPG	2693778.0550939273000000	1256225.2571486819000000	583.9466621159465400	1.7583645576190741	-1.2793567692101124	143.2860549985130700	-0.8014303352250496	0.5980879630731250	0.0004541014256419	-0.5976712448624765	-0.8008431327677180	-0.0379388951252570	-0.0223271324984047	-0.0306767848026600	0.9992799577838885
DSC00094.JPG	2693779.7025683057000000	1256223.8696843672000000	583.9463421694574700	1.7925786343206080	-1.2919963311835008	143.3171237792225000	-0.8017503366595578	0.5976587831851190	0.0006136350455502	-0.5972336224970789	-0.8011404102359413	-0.0385492314580200	-0.0225476789337947	-0.0312733427805801	0.9992565137170871
DSC00095.JPG	2693781.1619062014000000	1256222.7715199341000000	583.9267603091974500	1.7768569277655220	-1.2360813963062900	143.2859321125004300	-0.8014423431348836	0.5980707336945297	0.0012522493979037	-0.5976828747121530	-0.8008435607576329	-0.0377461583323709	-0.0215720167412173	-0.0309998175982313	0.9992865752138338
DSC00096.JPG	2693782.5801670123000000	1256221.4905587139000000	583.9228123036363100	1.8312359387620141	-1.2564866239323276	143.2850322987287900	-0.8014267472325726	0.5980909729875313	0.0015352039102678	-0.5976908302181953	-0.8007911807323163	-0.0387189402544457	-0.0219280708978595	-0.0319479716440949	0.9992489613777571
DSC00097.JPG	2693784.1962905247000000	1256220.1875463827000000	583.9070769689535600	1.8526524135355618	-1.2839858081620565	143.3027272132815700	-0.8016027657320838	0.5978554594817974	0.0013621815160990	-0.5974369354145325	-0.8009520547127088	-0.0393053972627411	-0.0224079042564197	-0.0323211327044681	0.9992263158101549
DSC00098.JPG	2693785.6375885885000000	1256219.0727424633000000	583.9020454971250700	1.8023748591336135	-1.1954865547699818	143.2617374453307400	-0.8012019313871853	0.5983903796013946	0.0021020803845112	-0.5980302439874802	-0.8005873744304843	-0.0376786833471980	-0.0208636626151331	-0.0314453415151319	0.9992876953506825
DSC00099.JPG	2693787.0741681848000000	1256217.9194108178000000	583.8854161772881100	1.8790560862462153	-1.2392340000664535	143.2771887003342800	-0.8013501739925726	0.5981911867856807	0.0022809414751015	-0.5978044582768644	-0.8006826047425254	-0.0392070928153274	-0.0216270272200677	-0.0327821676321900	0.9992285029856570
DSC00100.JPG	2693788.2383496519000000	1256217.0899534987000000	583.8755900879832600	1.8096074697862501	-1.1516351589601170	143.2614554515327500	-0.8012115497373921	0.5983746857597843	0.0027907005009875	-0.5980435636250050	-0.8005941203695784	-0.0373222512231708	-0.0200984719347097	-0.0315719792148256	0.9992993853467279
DSC00101.JPG	2693789.1686061006000000	1256216.2637271099000000	583.8568063715697500	1.8286538524419931	-1.1224467679821990	143.2459352989703200	-0.8010576231683011	0.5985775406276046	0.0034076707823140	-0.5982666211714787	-0.8004292794635539	-0.0372829528004288	-0.0195891387256793	-0.0319044892400072	0.9992989388618004
DSC00102.JPG	2693790.3127891906000000	1256215.2836560810000000	583.8472230704842300	1.8767259933447145	-1.1266622657998437	143.2654955483304800	-0.8012606619615224	0.5983031182321474	0.0038380081647079	-0.5979922490016737	-0.8006005769805769	-0.0379998193717758	-0.0196626988712707	-0.0327428595583480	0.9992703755345898
DSC00103.JPG	2693791.3162792642000000	1256214.4019397169000000	583.8643680318416500	1.8745851252357870	-1.1468720156976764	143.2475527667382700	-0.8010677482555434	0.5985631919197796	0.0035451352016354	-0.5982389557893910	-0.8004076893113820	-0.0381796106218161	-0.0200153561250112	-0.0327052926912502	0.9992646042711453
DSC00104.JPG	2693792.4162242152000000	1256213.5158899613000000	583.9101116114324000	1.8115556591280308	-1.1496187451386217	143.2564403905674100	-0.8011597666178734	0.5984437722659288	0.0028424969515884	-0.5981141136178337	-0.8005411378950288	-0.0373281881275470	-0.0200632859708139	-0.0316059800331944	0.9992990176029368
DSC00105.JPG	2693792.9211620446000000	1256213.1650161624000000	583.9612984928461400	1.8431285587566919	-1.0927285715562236	143.2587339722626000	-0.8011992776695293	0.5983844828952014	0.0039658658659546	-0.5980936643901833	-0.8005635021326772	-0.0371759017292887	-0.0190705552658063	-0.0321572648604682	0.9993008677263056
DSC00106.JPG	2693796.5958709922000000	1256213.7740083551000000	583.8719177415212000	1.6820748072894087	-1.1294895987311908	143.1155597110747800	-0.7996922727855557	0.6004072082988613	0.0018582437516550	-0.6000864141942600	-0.7991557354428555	-0.0353044757539878	-0.0197120355759209	-0.0293478232848386	0.9993748750703592
DSC00107.JPG	2693796.2283777315000000	1256214.1434488113000000	583.8719354417467000	1.6236207578408728	-1.1312026248417044	143.1881798423229700	-0.8004517438140658	0.5993960443620175	0.0011780611985674	-0.5990720007775040	-0.7999511824583523	-0.0345086013614306	-0.0197419277037051	-0.0283282136156057	0.9994037065189876
DSC00108.JPG	2693794.8094206806000000	1256215.4416532235000000	583.8888422624036100	1.5756655983250758	-1.1131632678753045	143.2287055987558200	-0.8008802111521396	0.5988239050480371	0.0009045042421011	-0.5985093763190669	-0.8004087245542196	-0.0336511532588267	-0.0194271419170467	-0.0274918969972600	0.9994332302642467
DSC00109.JPG	2693793.0184679888000000	1256216.9013621469000000	583.9137582559907300	1.6748605121718720	-1.2081995410838933	143.2008454749960200	-0.8005621866313268	0.5992493531659897	0.0006309248856339	-0.5988786080174251	-0.8000289594645728	-0.0360288339687034	-0.0210854972713166	-0.0292211695210343	0.9993505516367338
DSC00110.JPG	2693791.0221100375000000	1256218.5281158877000000	583.8754723118586300	1.6050302914450614	-1.2657117382502909	143.1898211488751000	-0.8004295925177943	0.5994261129809865	-0.0008958226965556	-0.5990196505214352	-0.7999401173868512	-0.0356548297470037	-0.0220890405172860	-0.0280025654470656	0.9993637629098867
DSC00111.JPG	2693789.1862273961000000	1256219.9017767522000000	583.8505976441964500	1.6948918802058610	-1.3624675222693921	143.1850430636059500	-0.8003486312964848	0.5995334594459849	-0.0013036052213184	-0.5990631921883821	-0.7998033001834428	-0.0379206115554529	-0.0237773031882950	-0.0295687676510959	0.9992799046476857
DSC00112.JPG	2693787.7010684721000000	1256221.0618713261000000	583.8847168006001300	1.7710520064264279	-1.3675343901829276	143.1827542840214600	-0.8003230135798062	0.5995687969846844	-0.0005758618545219	-0.5990939006060350	-0.7997266003514734	-0.0390366871919420	-0.0238657116211292	-0.0308969638089914	0.9992376121004470
DSC00113.JPG	2693786.1665582284000000	1256222.3723866304000000	583.9186035789196000	1.6123986487843707	-1.2880499597295902	143.1818118011893500	-0.8003388929784762	0.5995468199438367	-0.0011256470227020	-0.5991263298108783	-0.7998451515626436	-0.0359913107441032	-0.0224788192157168	-0.0281308410284061	0.9993514689385820
DSC00114.JPG	2693784.8217678256000000	1256223.3325939744000000	583.9043650282577600	1.7198059365816389	-1.3767997395002185	143.1543810643907200	-0.8000231415883924	0.5999678979018489	-0.0012224607460657	-0.5994878298353947	-0.7994612781129451	-0.0384188323256360	-0.0240273761007481	-0.0300031045935951	0.9992609763782728
DSC00115.JPG	2693783.3342494648000000	1256224.4268342464000000	583.8977553769391300	1.6553272417591178	-1.4179761702483815	143.1429522260165200	-0.7998895223384671	0.6001422139221395	-0.0024647762112668	-0.5996368868879624	-0.7993718668706215	-0.0379502613836942	-0.0247458266471530	-0.0288780457166239	0.9992765896082715
DSC00116.JPG	2693781.9746371303000000	1256225.5761223719000000	583.9438094963566100	1.7445765711493679	-1.4557491306005095	143.1572919169348400	-0.8000263416004214	0.5999613158670817	-0.0020669321434491	-0.5994267634355671	-0.7994499274924418	-0.0395900076975251	-0.0254048818656074	-0.0304340745771949	0.9992138705412491
DSC00117.JPG	2693780.6393147632000000	1256226.7917945846000000	583.9922387525911100	1.6255343324525402	-1.4651055683679344	143.2145303188816000	-0.8006214355231124	0.5991604062592879	-0.0034820327562489	-0.5986247470131535	-0.8001266400424998	-0.0380233107151119	-0.0255681294651652	-0.0283578466302733	0.9992707857683756
DSC00118.JPG	2693779.1264266707000000	1256227.9936131821000000	583.9565467873316000	1.7213293242203418	-1.5159447876943313	143.1656332597689800	-0.8000917959582539	0.5998692822912912	-0.0031562958712729	-0.5992939542131729	-0.7995343479081312	-0.0398946482458432	-0.0264551409717409	-0.0300278317307777	0.9991989065434936
DSC00119.JPG	2693777.4876637086000000	1256229.1745369968000000	583.9581599332739200	1.7430842094415131	-1.6033140768101406	143.1973566973592000	-0.8003902576982913	0.5994647948429688	-0.0041707464008042	-0.5988260058896465	-0.7998233789425551	-0.0411093318744932	-0.0279794576772785	-0.0304059573240582	0.9991459491522211
DSC00120.JPG	2693775.8805226143000000	1256230.4471287590000000	583.9282147062272100	1.7738665184208653	-1.5510509296062858	143.1568243474348800	-0.7999865260082669	0.6000100086720923	-0.0030899350381562	-0.5994071246731764	-0.7993938252351945	-0.0409952566387721	-0.0270676392812244	-0.0309435238646206	0.9991545632356292
DSC00121.JPG	2693774.4532449301000000	1256231.7352401246000000	583.9088654375035500	1.6879977719603092	-1.5747767970290727	143.1666817797078300	-0.8000805992191777	0.5998769126285736	-0.0043271755559726	-0.5992627116120166	-0.7995502727039960	-0.0400445238500712	-0.0274815797306781	-0.0294457316801184	0.9991885265861138
DSC00122.JPG	2693772.9566655494000000	1256232.9866796916000000	583.8631912121916200	1.8090186570147695	-1.5484544153093565	143.1391518602769100	-0.7998025855825198	0.6002571784447144	-0.0026727927541957	-0.5996545816862247	-0.7991842737051271	-0.0414593695698259	-0.0270223381341067	-0.0315565585576168	0.9991366157106675
DSC00123.JPG	2693771.5510200746000000	1256234.2096204672000000	583.8360194874849200	1.8660988707478738	-1.6314081663556483	143.1404011033497200	-0.7997835187202299	0.6002798268210113	-0.0032330628240507	-0.5996130462621513	-0.7991273910716253	-0.0431231676860653	-0.0284695966903192	-0.0325506121416380	0.9990645323068453
