<?xml version="1.0" encoding="UTF-8"?>
<document version="1.5.0">
  <chunk label="SonyA9" enabled="true">
    <sensors next_id="1">
      <sensor id="0" label="SonyA9" type="frame">
        <resolution width="6000" height="4000"/>
        <property name="pixel_width" value="0.006"/>
        <property name="pixel_height" value="0.006"/>
        <property name="focal_length" value="55"/>
        <property name="fixed" value="true"/>
        <property name="layer_index" value="0"/>
        <calibration type="frame" class="initial">
          <resolution width="6000" height="4000"/>
          <f>9227.77018581081</f>
          <cx>-37.8304617831239</cx>
          <cy>31.7622333680372</cy>
          <k1>-0.017282082281574</k1>
        </calibration>
      </sensor>
    </sensors>
    <cameras next_id="597" next_group_id="0">
      <camera id="0" sensor_id="0" label="DSC00001.JPG">
        <transform>9.9157695872531559e-001 1.2796066118410959e-001 2.0030080238978058e-002 -3.4285143488655983e+001 1.2750091335834707e-001 -9.9157724698736815e-001 2.2761378467465551e-002 3.1913354076559255e+001 2.2773932858460598e-002 -2.0015804912054687e-002 -9.9954025208386721e-001 6.1186457599070498e-001 0 0 0 1</transform>
        <rotation_covariance>3.2323349112151933e-008 6.4562675252701368e-010 -3.4587407125937545e-010 6.4562675252701296e-010 1.1474730519025695e-008 -2.9461215243991097e-010 -3.4587407125937535e-010 -2.9461215243991102e-010 4.3679439945796070e-010</rotation_covariance>
        <location_covariance>2.2189994224345759e-005 -1.4144422759666059e-005 -1.0772628489133279e-005 -1.4144422759666059e-005 2.6962441406244920e-005 5.7601393917671260e-006 -1.0772628489133279e-005 5.7601393917671260e-006 1.7240363309474503e-005</location_covariance>
      </camera>
      <camera id="1" sensor_id="0" label="DSC00002.JPG">
        <transform>9.9661458369382505e-001 8.0135007049074197e-002 1.8378036185322473e-002 -3.2554840573906674e+001 7.9914057287288703e-002 -9.9672389889491053e-001 1.2458443707469612e-002 3.1304166133535567e+001 1.9316185354984937e-002 -1.0947603252451055e-002 -9.9975348709887424e-001 6.5727748537321151e-001 0 0 0 1</transform>
        <rotation_covariance>3.1370854521040740e-008 5.6936117280183085e-010 -4.6777148800306911e-010 5.6936117280183168e-010 1.1032660927286642e-008 -1.5283821037676880e-010 -4.6777148800306869e-010 -1.5283821037676877e-010 4.0111978329368375e-010</rotation_covariance>
        <location_covariance>1.8959116785685397e-005 -1.1736583385248249e-005 -9.6085932792203172e-006 -1.1736583385248249e-005 2.5515365268718686e-005 5.3809401084306271e-006 -9.6085932792203172e-006 5.3809401084306271e-006 1.6090392393539367e-005</location_covariance>
      </camera>
      <camera id="2" sensor_id="0" label="DSC00003.JPG">
        <transform>9.9839685549837376e-001 5.4071108478594893e-002 1.6734221190595467e-002 -3.0513922232398066e+001 5.3924189730086294e-002 -9.9850347530327599e-001 9.1099708689913253e-003 3.1048244877753838e+001 1.7201764238397369e-002 -8.1929869508158247e-003 -9.9981847065950447e-001 6.6387930112727045e-001 0 0 0 1</transform>
        <rotation_covariance>3.0451000181388346e-008 4.2154497525376511e-010 -4.5101626598317661e-010 4.2154497525376532e-010 1.0556099102666765e-008 -1.0017702510289109e-010 -4.5101626598317687e-010 -1.0017702510289108e-010 3.7876745709807813e-010</rotation_covariance>
        <location_covariance>1.5604700308684257e-005 -9.7571842223668331e-006 -8.3576781667805513e-006 -9.7571842223668331e-006 2.4595245443577572e-005 5.0065182997496562e-006 -8.3576781667805513e-006 5.0065182997496562e-006 1.5244927441131846e-005</location_covariance>
      </camera>
      <camera id="3" sensor_id="0" label="DSC00004.JPG">
        <transform>9.9852540557383040e-001 5.1746996925068123e-002 1.6409227064537003e-002 -2.8255159870972935e+001 5.1639376446558888e-002 -9.9864184909205811e-001 6.9160712984741380e-003 3.0985246800074822e+001 1.6744826778116371e-002 -6.0585106447037249e-003 -9.9984144004183928e-001 6.5959309824237833e-001 0 0 0 1</transform>
        <rotation_covariance>3.0255671478513741e-008 7.1853844053277283e-010 -4.2804754184626608e-010 7.1853844053277283e-010 1.0487002287084265e-008 -9.1424247552297530e-011 -4.2804754184626603e-010 -9.1424247552297556e-011 3.6534512263588698e-010</rotation_covariance>
        <location_covariance>1.2623439275389348e-005 -7.7975308715287300e-006 -7.0632076766593549e-006 -7.7975308715287300e-006 2.4429024531889100e-005 4.7001754637240530e-006 -7.0632076766593549e-006 4.7001754637240530e-006 1.4602610370363125e-005</location_covariance>
      </camera>
      <camera id="4" sensor_id="0" label="DSC00005.JPG">
        <transform>9.9864706792402469e-001 4.9813102108027300e-002 1.4922753939016084e-002 -2.6502910139533036e+001 4.9740135704000342e-002 -9.9874854318403683e-001 5.2217226957821253e-003 3.0918094320360613e+001 1.5164188962710962e-002 -4.4723982536510861e-003 -9.9987501470281970e-001 6.5713726251366467e-001 0 0 0 1</transform>
        <rotation_covariance>2.9791097858142095e-008 6.9487101311721220e-010 -4.5503940765744872e-010 6.9487101311721241e-010 1.0299544769538161e-008 -8.8207287910181637e-011 -4.5503940765744877e-010 -8.8207287910181650e-011 3.5710525839710285e-010</rotation_covariance>
        <location_covariance>1.0597240968597996e-005 -6.4006985499102243e-006 -6.1191367512487401e-006 -6.4006985499102243e-006 2.4051100949935955e-005 4.4067294532557435e-006 -6.1191367512487401e-006 4.4067294532557435e-006 1.4135174983987428e-005</location_covariance>
      </camera>
      <camera id="5" sensor_id="0" label="DSC00006.JPG">
        <transform>9.9877387048646393e-001 4.7492132478471352e-002 1.3973295464418634e-002 -2.5165853300804127e+001 4.7445354831295874e-002 -9.9886712781399423e-001 3.6605023636421528e-003 3.0838475503690887e+001 1.4131310569832004e-002 -2.9930461521878427e-003 -9.9989566842561617e-001 6.6545471805700263e-001 0 0 0 1</transform>
        <rotation_covariance>2.9822200380808502e-008 7.0618625799187255e-010 -4.8480318835621093e-010 7.0618625799187276e-010 1.0196164650523061e-008 -6.9644294327993917e-011 -4.8480318835621093e-010 -6.9644294327993904e-011 3.5262732635262489e-010</rotation_covariance>
        <location_covariance>9.2776066581738282e-006 -5.3061219718955934e-006 -5.4198062191574075e-006 -5.3061219718955934e-006 2.3936985565701362e-005 4.1821918390390687e-006 -5.4198062191574075e-006 4.1821918390390687e-006 1.3794964675558131e-005</location_covariance>
      </camera>
      <camera id="6" sensor_id="0" label="DSC00007.JPG">
        <transform>9.9880111468225530e-001 4.7484745982537206e-002 1.1896730998849685e-002 -2.3192277887283915e+001 4.7474932047515885e-002 -9.9887181724138263e-001 1.1061410315556827e-003 3.0734566491184083e+001 1.1935834137957155e-002 -5.4001839955563063e-004 -9.9992861957419710e-001 6.8081644750749781e-001 0 0 0 1</transform>
        <rotation_covariance>2.9434822336573400e-008 6.8253351254717463e-010 -5.5515454918555414e-010 6.8253351254717453e-010 1.0030057810616752e-008 -5.1234623569464997e-011 -5.5515454918555414e-010 -5.1234623569464997e-011 3.4834962614931114e-010</rotation_covariance>
        <location_covariance>7.6410937578443840e-006 -3.7572326824514194e-006 -4.4237274499540950e-006 -3.7572326824514194e-006 2.3523319770457134e-005 3.8286489739268173e-006 -4.4237274499540950e-006 3.8286489739268173e-006 1.3358760155722710e-005</location_covariance>
      </camera>
      <camera id="7" sensor_id="0" label="DSC00008.JPG">
        <transform>9.9881205529466854e-001 4.7520356777725321e-002 1.0783964473085510e-002 -2.1817351602988705e+001 4.7518251681804922e-002 -9.9887026780858834e-001 4.5149208580705271e-004 3.0710018234654083e+001 1.0793236546269095e-002 6.1479399785500764e-005 -9.9994174943600578e-001 7.0258259204049234e-001 0 0 0 1</transform>
        <rotation_covariance>2.9394503720740335e-008 7.7138287442972056e-010 -5.8580964769477208e-010 7.7138287442972056e-010 1.0042771521877952e-008 -5.2619608536669587e-011 -5.8580964769477218e-010 -5.2619608536669587e-011 3.4782585502191907e-010</rotation_covariance>
        <location_covariance>6.8023438318990504e-006 -2.6439677832354092e-006 -3.7713955043303981e-006 -2.6439677832354092e-006 2.3425645271444997e-005 3.6120538400787884e-006 -3.7713955043303981e-006 3.6120538400787884e-006 1.3150710538191031e-005</location_covariance>
      </camera>
      <camera id="8" sensor_id="0" label="DSC00009.JPG">
        <transform>9.9883440410439184e-001 4.7337230797474809e-002 9.4350282379396019e-003 -2.0014466208130138e+001 4.7355367377676032e-002 -9.9887664484051231e-001 -1.7080903624851959e-003 3.0784162664783793e+001 9.3435730825766946e-003 2.1528986477957327e-003 -9.9995403027812380e-001 7.4719545046540992e-001 0 0 0 1</transform>
        <rotation_covariance>2.9348281220129694e-008 8.7174159824220927e-010 -6.4166798281012281e-010 8.7174159824220917e-010 1.0052843219017819e-008 -4.9695077212630992e-011 -6.4166798281012270e-010 -4.9695077212630972e-011 3.4961283962405141e-010</rotation_covariance>
        <location_covariance>5.9888428330383147e-006 -1.2236115901850639e-006 -2.9730984877220084e-006 -1.2236115901850639e-006 2.3461868740757061e-005 3.3637898308546766e-006 -2.9730984877220084e-006 3.3637898308546766e-006 1.3041378270289596e-005</location_covariance>
      </camera>
      <camera id="9" sensor_id="0" label="DSC00010.JPG">
        <transform>9.9885083075062553e-001 4.6908361019227407e-002 9.8297291557573573e-003 -1.9180913711259922e+001 4.6932772758939437e-002 -9.9889547653762878e-001 -2.2675523855734316e-003 3.0772935360382526e+001 9.7125048233435811e-003 2.7262830288496661e-003 -9.9994911602086189e-001 7.6626304329565831e-001 0 0 0 1</transform>
        <rotation_covariance>2.9088861890111192e-008 8.4830640353061761e-010 -6.1921889756128535e-010 8.4830640353061751e-010 9.9918689343200915e-009 -4.3804544797322856e-011 -6.1921889756128535e-010 -4.3804544797322862e-011 3.4666691963509029e-010</rotation_covariance>
        <location_covariance>5.6852324969613404e-006 -5.9172057996457411e-007 -2.6079507784544224e-006 -5.9172057996457411e-007 2.3270113926130014e-005 3.2233102656340211e-006 -2.6079507784544224e-006 3.2233102656340211e-006 1.2958040450867626e-005</location_covariance>
      </camera>
      <camera id="10" sensor_id="0" label="DSC00011.JPG">
        <transform>9.9884857929658866e-001 4.7189125981664158e-002 8.6430333952836492e-003 -1.7559906188775017e+001 4.7221777284096926e-002 -9.9887789413988282e-001 -3.6133569992772480e-003 3.0705495481194550e+001 8.4628238382059903e-003 4.0173359032705629e-003 -9.9995611984972810e-001 7.8109928978351695e-001 0 0 0 1</transform>
        <rotation_covariance>2.8935828550757932e-008 9.2112778243629189e-010 -6.5495936204466787e-010 9.2112778243629189e-010 9.9724107378228005e-009 -2.9007368059352146e-011 -6.5495936204466777e-010 -2.9007368059352139e-011 3.4629134160535002e-010</rotation_covariance>
        <location_covariance>5.3277831418627265e-006 6.6375344215944145e-007 -1.9242283422656196e-006 6.6375344215944145e-007 2.3032991876488240e-005 2.9427655761072785e-006 -1.9242283422656196e-006 2.9427655761072785e-006 1.2755769323660111e-005</location_covariance>
      </camera>
      <camera id="11" sensor_id="0" label="DSC00012.JPG">
        <transform>9.9889337677384171e-001 4.6363072138786980e-002 7.9048959009719744e-003 -1.6044568133117590e+001 4.6388110231880560e-002 -9.9891894533245162e-001 -3.0139484098684033e-003 3.0696179559116036e+001 7.7566143688124331e-003 3.3773062869814296e-003 -9.9996421372756006e-001 8.0681716617133825e-001 0 0 0 1</transform>
        <rotation_covariance>2.8871819816401530e-008 1.0093495523661294e-009 -6.7908510936832033e-010 1.0093495523661296e-009 9.9643196531250512e-009 -3.7839669450875070e-011 -6.7908510936832023e-010 -3.7839669450875064e-011 3.4746346028826362e-010</rotation_covariance>
        <location_covariance>5.2262309019014305e-006 1.8435165180911541e-006 -1.3217509480294583e-006 1.8435165180911541e-006 2.2955368992255973e-005 2.6980017461488957e-006 -1.3217509480294583e-006 2.6980017461488957e-006 1.2667494483471877e-005</location_covariance>
      </camera>
      <camera id="12" sensor_id="0" label="DSC00013.JPG">
        <transform>9.9892300586775207e-001 4.5686880322608446e-002 8.0955119987897173e-003 -1.4943159800340089e+001 4.5711792997051005e-002 -9.9895040368541965e-001 -2.9194105110362479e-003 3.0739808783461360e+001 7.9536362206008675e-003 3.2863266917400576e-003 -9.9996296917823191e-001 8.2428406910363838e-001 0 0 0 1</transform>
        <rotation_covariance>2.9232256150825015e-008 1.2104255740224288e-009 -6.8108701723441192e-010 1.2104255740224288e-009 9.9707832429798472e-009 -3.7728655200107269e-011 -6.8108701723441192e-010 -3.7728655200107276e-011 3.4843382612762035e-010</rotation_covariance>
        <location_covariance>5.2884014058441682e-006 2.7643958448753894e-006 -9.0386515842090895e-007 2.7643958448753894e-006 2.3217837408325376e-005 2.5442164060103522e-006 -9.0386515842090895e-007 2.5442164060103522e-006 1.2672793337460353e-005</location_covariance>
      </camera>
      <camera id="13" sensor_id="0" label="DSC00014.JPG">
        <transform>9.9896425650616893e-001 4.4898270689518738e-002 7.3864411029450194e-003 -1.2852622171518686e+001 4.4963276936154428e-002 -9.9894914128777190e-001 -8.8835154970167869e-003 3.0823681901838238e+001 6.9798245135000350e-003 9.2064330505227179e-003 -9.9993325959298252e-001 7.7684055488132775e-001 0 0 0 1</transform>
        <rotation_covariance>2.9099232418959690e-008 1.8060753757745291e-009 -7.0820262752583085e-010 1.8060753757745291e-009 1.0066985730109282e-008 -1.0958629783669320e-011 -7.0820262752583106e-010 -1.0958629783669328e-011 3.5257043011225178e-010</rotation_covariance>
        <location_covariance>5.7040196867275475e-006 4.6240691852786660e-006 -1.4965088158400625e-007 4.6240691852786660e-006 2.3266429662610951e-005 2.1716568328370939e-006 -1.4965088158400625e-007 2.1716568328370939e-006 1.2644693569202643e-005</location_covariance>
      </camera>
      <camera id="14" sensor_id="0" label="DSC00015.JPG">
        <transform>9.9898725971244562e-001 4.4391848264382694e-002 7.3361256729862255e-003 -1.1971762502189847e+001 4.4452869575981394e-002 -9.9897637389071814e-001 -8.3753683270009968e-003 3.0783273298712778e+001 6.9568181432758383e-003 8.6929980918074058e-003 -9.9993801531169779e-001 7.7583960503325722e-001 0 0 0 1</transform>
        <rotation_covariance>2.8824620809653648e-008 1.6140002923543161e-009 -6.8558197199931137e-010 1.6140002923543157e-009 9.9873673717291273e-009 -7.2539206072508671e-012 -6.8558197199931148e-010 -7.2539206072508558e-012 3.5199439328110620e-010</rotation_covariance>
        <location_covariance>5.9601310959689766e-006 5.1658542655428816e-006 1.5001537492150995e-007 5.1658542655428816e-006 2.3026258523764289e-005 2.0156533799801086e-006 1.5001537492150995e-007 2.0156533799801086e-006 1.2597916526039448e-005</location_covariance>
      </camera>
      <camera id="15" sensor_id="0" label="DSC00016.JPG">
        <transform>9.9899403630023942e-001 4.4335962732242398e-002 6.7259085008006337e-003 -1.0396992881526380e+001 4.4400114370416272e-002 -9.9896664942261648e-001 -9.7089229703995836e-003 3.0711958421048315e+001 6.2885038323820539e-003 9.9977872530080929e-003 -9.9993024705206002e-001 7.7953036309026191e-001 0 0 0 1</transform>
        <rotation_covariance>2.8760556347637842e-008 1.7766881641446286e-009 -6.8078632463833673e-010 1.7766881641446284e-009 1.0003984321359113e-008 1.1113553578188860e-011 -6.8078632463833684e-010 1.1113553578188847e-011 3.5340388706501285e-010</rotation_covariance>
        <location_covariance>6.6607817278008122e-006 6.3896263169391342e-006 6.4975682939742733e-007 6.3896263169391342e-006 2.2883162746912173e-005 1.7288998837835343e-006 6.4975682939742733e-007 1.7288998837835343e-006 1.2550981352152491e-005</location_covariance>
      </camera>
      <camera id="16" sensor_id="0" label="DSC00017.JPG">
        <transform>9.9902749243604938e-001 4.3654507291092756e-002 6.1930081632826364e-003 -8.3670028315788247e+000 4.3715729007825624e-002 -9.9899274341548827e-001 -1.0120950573478237e-002 3.0590627922635285e+001 5.7449451044295401e-003 1.0381839739100479e-002 -9.9992960402689279e-001 7.8656133577071785e-001 0 0 0 1</transform>
        <rotation_covariance>2.8427866526310875e-008 1.7562162635519091e-009 -6.7375634533046942e-010 1.7562162635519093e-009 9.9126562631698416e-009 2.0787335935879854e-011 -6.7375634533046952e-010 2.0787335935879816e-011 3.5386056992419915e-010</rotation_covariance>
        <location_covariance>7.8424151372388352e-006 7.8243359475588087e-006 1.2730772533689706e-006 7.8243359475588087e-006 2.2527593309685070e-005 1.3281292415146345e-006 1.2730772533689706e-006 1.3281292415146345e-006 1.2515573051232465e-005</location_covariance>
      </camera>
      <camera id="17" sensor_id="0" label="DSC00018.JPG">
        <transform>9.9906463342925611e-001 4.2910871611077019e-002 5.3399745734292962e-003 -6.8931851021736330e+000 4.2967370368421305e-002 -9.9901637749593208e-001 -1.0958219678773275e-002 3.0548462448154773e+001 4.8644952965459023e-003 1.1177414391665367e-002 -9.9992569828614108e-001 7.8731441727672324e-001 0 0 0 1</transform>
        <rotation_covariance>2.8545395088922328e-008 1.7647541330147730e-009 -6.8964674865978842e-010 1.7647541330147732e-009 1.0017299519967803e-008 2.9408219448405347e-011 -6.8964674865978842e-010 2.9408219448405334e-011 3.5798366413155220e-010</rotation_covariance>
        <location_covariance>9.0333662478847723e-006 8.9039632058084557e-006 1.6617034547417700e-006 8.9039632058084557e-006 2.2536132083916564e-005 1.0673092594586160e-006 1.6617034547417700e-006 1.0673092594586160e-006 1.2574641949952126e-005</location_covariance>
      </camera>
      <camera id="18" sensor_id="0" label="DSC00019.JPG">
        <transform>9.9908259641890607e-001 4.2615123408859340e-002 4.2328229003181462e-003 -5.8082223893680833e+000 4.2666771935100323e-002 -9.9900516427659236e-001 -1.2970286093101692e-002 3.0553059604946412e+001 3.6758815943803108e-003 1.3138987995521609e-002 -9.9990692311282536e-001 8.1333518076707256e-001 0 0 0 1</transform>
        <rotation_covariance>2.8789838482154827e-008 1.8698093518638757e-009 -7.2975793821111222e-010 1.8698093518638753e-009 1.0216109481303952e-008 4.4854260282984209e-011 -7.2975793821111211e-010 4.4854260282984235e-011 3.6472835906247300e-010</rotation_covariance>
        <location_covariance>1.0111178277617831e-005 9.7664236513629796e-006 1.9441203658488365e-006 9.7664236513629796e-006 2.2691891690600474e-005 8.9699040929994886e-007 1.9441203658488365e-006 8.9699040929994886e-007 1.2700939645056610e-005</location_covariance>
      </camera>
      <camera id="19" sensor_id="0" label="DSC00020.JPG">
        <transform>9.9913419103802870e-001 4.1430086168693446e-002 3.7968748779585414e-003 -4.0038568558499996e+000 4.1472223158758530e-002 -9.9907012524772887e-001 -1.1787261927919054e-002 3.0612323533494262e+001 3.3049969825053498e-003 1.1934521253149338e-002 -9.9992331915872612e-001 7.8638817990746335e-001 0 0 0 1</transform>
        <rotation_covariance>2.9239304759619613e-008 1.9772291299427999e-009 -7.4648643017702409e-010 1.9772291299427999e-009 1.0558102534372343e-008 4.3199018776002488e-011 -7.4648643017702399e-010 4.3199018776002507e-011 3.7467478649953217e-010</rotation_covariance>
        <location_covariance>1.2110398114326285e-005 1.1199799087926284e-005 2.3520439734855835e-006 1.1199799087926284e-005 2.3027899024999006e-005 6.0560734912773241e-007 2.3520439734855835e-006 6.0560734912773241e-007 1.2938610686250287e-005</location_covariance>
      </camera>
      <camera id="20" sensor_id="0" label="DSC00021.JPG">
        <transform>9.9915317440069318e-001 4.0951771751565710e-002 3.9857841669898586e-003 -2.9960040183430099e+000 4.0990440955023799e-002 -9.9910789330259220e-001 -1.0158803609119565e-002 3.0563424247612822e+001 3.5662074155704193e-003 1.0313579924721497e-002 -9.9994045434406020e-001 7.8149548236759647e-001 0 0 0 1</transform>
        <rotation_covariance>2.9182942568150974e-008 1.8726757236624097e-009 -7.2336482802760167e-010 1.8726757236624106e-009 1.0705145389223492e-008 3.5826685643364472e-011 -7.2336482802760167e-010 3.5826685643364466e-011 3.7792346735043790e-010</rotation_covariance>
        <location_covariance>1.3346040524261780e-005 1.1878914380001032e-005 2.5495727438586390e-006 1.1878914380001032e-005 2.2927659091289503e-005 4.0991560366158577e-007 2.5495727438586390e-006 4.0991560366158577e-007 1.3021066586500592e-005</location_covariance>
      </camera>
      <camera id="21" sensor_id="0" label="DSC00022.JPG">
        <transform>9.9921930168209339e-001 3.9206682159124900e-002 4.8603724160018198e-003 -2.1807361808152033e+000 3.9254239926293011e-002 -9.9917811459383743e-001 -1.0109399809742703e-002 3.0594928989503270e+001 4.4600217216844932e-003 1.0292297643265067e-002 -9.9993708642867352e-001 8.1264313946955480e-001 0 0 0 1</transform>
        <rotation_covariance>2.9284528443680800e-008 1.7430156893766812e-009 -6.9790404662091993e-010 1.7430156893766816e-009 1.0816241178363786e-008 4.1988078182743278e-011 -6.9790404662092004e-010 4.1988078182743246e-011 3.8224160713779673e-010</rotation_covariance>
        <location_covariance>1.4434840473460041e-005 1.2456143526049973e-005 2.7303442765234668e-006 1.2456143526049973e-005 2.3048863966070073e-005 2.8748395868079769e-007 2.7303442765234668e-006 2.8748395868079769e-007 1.3205485397058859e-005</location_covariance>
      </camera>
      <camera id="22" sensor_id="0" label="DSC00023.JPG">
        <transform>9.9924940086693381e-001 3.8578614445328979e-002 3.5107512802900931e-003 -7.7709171932151166e-001 3.8617457816040909e-002 -9.9918479760598800e-001 -1.1765720755953109e-002 3.0672614054356671e+001 3.0539841027263002e-003 1.1892465705623009e-002 -9.9992461837907609e-001 7.7808362636619022e-001 0 0 0 1</transform>
        <rotation_covariance>2.9355147667919212e-008 1.4658503979966130e-009 -7.1550976365987118e-010 1.4658503979966128e-009 1.0891940660763282e-008 6.6533590937589572e-011 -7.1550976365987118e-010 6.6533590937589559e-011 3.9365142378749097e-010</rotation_covariance>
        <location_covariance>1.6340310146468955e-005 1.3427466464648605e-005 2.9614951053207759e-006 1.3427466464648605e-005 2.3218424061154386e-005 6.2619629170911878e-008 2.9614951053207759e-006 6.2619629170911878e-008 1.3493199617939687e-005</location_covariance>
      </camera>
      <camera id="23" sensor_id="0" label="DSC00024.JPG">
        <transform>9.9929369074439589e-001 3.7414544019774544e-002 3.5030749686482550e-003 3.0358029960667299e-001 3.7454540342019761e-002 -9.9922448389360674e-001 -1.2148588202885249e-002 3.0571552866233290e+001 3.0458243894932011e-003 1.2271213605329383e-002 -9.9992006694057334e-001 7.8285978421222024e-001 0 0 0 1</transform>
        <rotation_covariance>2.8995687677330588e-008 1.2312619363483604e-009 -6.9084524791577988e-010 1.2312619363483602e-009 1.0951275843060068e-008 6.6928842522511574e-011 -6.9084524791577988e-010 6.6928842522511587e-011 3.9859332619353187e-010</rotation_covariance>
        <location_covariance>1.7952930662394812e-005 1.4068587705266529e-005 3.0993344256453624e-006 1.4068587705266529e-005 2.2892844218202632e-005 -1.4592253660761359e-007 3.0993344256453624e-006 -1.4592253660761359e-007 1.3602039369541016e-005</location_covariance>
      </camera>
      <camera id="24" sensor_id="0" label="DSC00025.JPG">
        <transform>9.9929971343007251e-001 3.7304990511130162e-002 2.9017962607381510e-003 1.1728260133506077e+000 3.7337740273396813e-002 -9.9922827043453288e-001 -1.2196586230926953e-002 3.0527912088720669e+001 2.4445633251578666e-003 1.2296391640500233e-002 -9.9992140834306209e-001 8.0091887722567234e-001 0 0 0 1</transform>
        <rotation_covariance>2.9009907436436535e-008 1.1678435980570002e-009 -6.9196965069522228e-010 1.1678435980570000e-009 1.1029563161405190e-008 6.3442452919893054e-011 -6.9196965069522218e-010 6.3442452919893041e-011 4.0754279943331576e-010</rotation_covariance>
        <location_covariance>1.9355017189537906e-005 1.4662435254230510e-005 3.2098687008047329e-006 1.4662435254230510e-005 2.2851119256535374e-005 -2.9539539677644354e-007 3.2098687008047329e-006 -2.9539539677644354e-007 1.3759070805733989e-005</location_covariance>
      </camera>
      <camera id="25" sensor_id="0" label="DSC00026.JPG">
        <transform>9.9935745372407514e-001 3.5821519426409862e-002 1.2241046187568480e-003 1.5297952562551058e+000 3.5832281983265657e-002 -9.9930430475761356e-001 -1.0341859638109619e-002 3.0513086594477524e+001 8.5279188906564791e-004 1.0379076976589321e-002 -9.9994577228323134e-001 8.0617835617568956e-001 0 0 0 1</transform>
        <rotation_covariance>2.9446250235219158e-008 1.2162407390222154e-009 -7.2660650433212732e-010 1.2162407390222154e-009 1.1196835228088726e-008 4.2964093920561901e-011 -7.2660650433212742e-010 4.2964093920561888e-011 4.1396279435385079e-010</rotation_covariance>
        <location_covariance>2.0023610488285810e-005 1.4959600268540412e-005 3.2393983311455019e-006 1.4959600268540412e-005 2.3068936761920902e-005 -3.5499197953547444e-007 3.2393983311455019e-006 -3.5499197953547444e-007 1.3830714603373100e-005</location_covariance>
      </camera>
      <camera id="26" sensor_id="0" label="DSC00027.JPG">
        <transform>9.9944259483591491e-001 3.3303798028315575e-002 2.3144469192554911e-003 1.2141185371761625e+000 3.3330229092849363e-002 -9.9936602917341200e-001 -1.2515413008976262e-002 2.8516375226158814e+001 1.8961688403370980e-003 1.2585577899176427e-002 -9.9991900060588546e-001 7.2930939870616485e-001 0 0 0 1</transform>
        <rotation_covariance>2.8550472348303603e-008 8.2135670966283702e-010 -7.1263329270075331e-010 8.2135670966283702e-010 1.1002252455990768e-008 1.2166405299919216e-010 -7.1263329270075331e-010 1.2166405299919216e-010 3.8559291851385432e-010</rotation_covariance>
        <location_covariance>1.9379727769868894e-005 1.2969750692134632e-005 2.6727746621697630e-006 1.2969750692134632e-005 1.9704025098145272e-005 -9.8575313579768299e-007 2.6727746621697630e-006 -9.8575313579768299e-007 1.1757795876575872e-005</location_covariance>
      </camera>
      <camera id="27" sensor_id="0" label="DSC00028.JPG">
        <transform>9.9949534356565550e-001 3.1614683582577276e-002 3.0935372222391337e-003 7.8582768770921252e-001 3.1654037472923537e-002 -9.9940596965971273e-001 -1.3628269156139733e-002 2.8428682451543342e+001 2.6608461501207601e-003 1.3719314505577751e-002 -9.9990234538541933e-001 7.6208900232157395e-001 0 0 0 1</transform>
        <rotation_covariance>2.8683386014670859e-008 8.9920135735641339e-010 -7.0011908638634604e-010 8.9920135735641339e-010 1.1060356311405049e-008 1.3518261659233292e-010 -7.0011908638634593e-010 1.3518261659233292e-010 3.8299688764622130e-010</rotation_covariance>
        <location_covariance>1.8755602656962904e-005 1.2667908836696953e-005 2.6447955428723755e-006 1.2667908836696953e-005 1.9667858131370945e-005 -9.5546242193013360e-007 2.6447955428723755e-006 -9.5546242193013360e-007 1.1610660649645130e-005</location_covariance>
      </camera>
      <camera id="28" sensor_id="0" label="DSC00029.JPG">
        <transform>9.9952696036350497e-001 3.0600236091925269e-002 3.0791326070286193e-003 -1.0464063446295802e+000 3.0638842155722150e-002 -9.9944085901563351e-001 -1.3387706355058406e-002 2.8422135956532120e+001 2.6677439625975748e-003 1.3475714497233986e-002 -9.9990563967853441e-001 7.4761998290962883e-001 0 0 0 1</transform>
        <rotation_covariance>2.8819087029893632e-008 1.4489039768101198e-009 -6.9626305364004538e-010 1.4489039768101198e-009 1.0863376857118943e-008 1.2896480280954133e-010 -6.9626305364004548e-010 1.2896480280954128e-010 3.7111689850735677e-010</rotation_covariance>
        <location_covariance>1.5940254808584856e-005 1.1748643163759237e-005 2.4611971239119890e-006 1.1748643163759237e-005 1.9704220794613075e-005 -6.6052431141377492e-007 2.4611971239119890e-006 -6.6052431141377492e-007 1.1242031463055468e-005</location_covariance>
      </camera>
      <camera id="29" sensor_id="0" label="DSC00030.JPG">
        <transform>9.9954745804345480e-001 2.9749227395693432e-002 4.4567463723919403e-003 -2.9849791212933119e+000 2.9789120068296336e-002 -9.9951414740406175e-001 -9.1693764612531970e-003 2.8375669138324341e+001 4.1817991851749352e-003 9.2979894864902487e-003 -9.9994802862303001e-001 7.5682007275384877e-001 0 0 0 1</transform>
        <rotation_covariance>2.9870943510930249e-008 1.6845937456833470e-009 -7.0626214257943331e-010 1.6845937456833468e-009 1.0765108532254178e-008 9.7094250393975471e-011 -7.0626214257943320e-010 9.7094250393975471e-011 3.6498170659907176e-010</rotation_covariance>
        <location_covariance>1.3391385268013062e-005 1.0562982229055877e-005 2.2197086297269698e-006 1.0562982229055877e-005 2.0181029188762042e-005 -2.9781228725080246e-007 2.2197086297269698e-006 -2.9781228725080246e-007 1.0911722238156348e-005</location_covariance>
      </camera>
      <camera id="30" sensor_id="0" label="DSC00031.JPG">
        <transform>9.9959465708457174e-001 2.8186293324033516e-002 4.0067938091864173e-003 -5.2089243706700801e+000 2.8226591125952764e-002 -9.9954761120846725e-001 -1.0384241948987216e-002 2.8478581684898796e+001 3.7122878910552711e-003 1.0493130900659004e-002 -9.9993805464264418e-001 8.1953161259946039e-001 0 0 0 1</transform>
        <rotation_covariance>2.8924081410616814e-008 1.6110590326000537e-009 -7.2444681925253128e-010 1.6110590326000535e-009 1.0171760744817276e-008 7.6967770853612276e-011 -7.2444681925253128e-010 7.6967770853612276e-011 3.5027744293174970e-010</rotation_covariance>
        <location_covariance>1.0676731472917790e-005 9.1656901333490596e-006 1.8740866065090404e-006 9.1656901333490596e-006 1.9813408807582297e-005 4.3072181641577885e-008 1.8740866065090404e-006 4.3072181641577885e-008 1.0783350173746313e-005</location_covariance>
      </camera>
      <camera id="31" sensor_id="0" label="DSC00032.JPG">
        <transform>9.9964399775104407e-001 2.6470341407233863e-002 3.3464587393647834e-003 -7.1856218696568295e+000 2.6507780200882462e-002 -9.9958028069275795e-001 -1.1687601935769541e-002 2.8558830619613715e+001 3.0356793525493160e-003 1.1772148315909912e-002 -9.9992609785668496e-001 7.8040989889041101e-001 0 0 0 1</transform>
        <rotation_covariance>2.8112896058458880e-008 1.5445845061128513e-009 -7.3315805940772702e-010 1.5445845061128513e-009 9.8230867216217328e-009 6.6711242193489618e-011 -7.3315805940772712e-010 6.6711242193489605e-011 3.3973934803590524e-010</rotation_covariance>
        <location_covariance>8.6878802434740664e-006 7.9126124557336265e-006 1.4548004832450998e-006 7.9126124557336265e-006 1.9450485430945829e-005 3.2247640926686261e-007 1.4548004832450998e-006 3.2247640926686261e-007 1.0644380956998952e-005</location_covariance>
      </camera>
      <camera id="32" sensor_id="0" label="DSC00033.JPG">
        <transform>9.9963787822941796e-001 2.6483375899844494e-002 4.7689841617589903e-003 -8.4102065534471411e+000 2.6531423490739579e-002 -9.9959480587807292e-001 -1.0310559108634256e-002 2.8566190152999372e+001 4.4939933847975566e-003 1.0433353369130404e-002 -9.9993547249856696e-001 7.7708360349003747e-001 0 0 0 1</transform>
        <rotation_covariance>2.7745740585151442e-008 1.6186790015075885e-009 -7.0690253711983853e-010 1.6186790015075885e-009 9.6486140857065973e-009 5.4112221072748761e-011 -7.0690253711983864e-010 5.4112221072748774e-011 3.3333432579503271e-010</rotation_covariance>
        <location_covariance>7.6613416346943958e-006 7.1717008107722828e-006 1.1771478873983840e-006 7.1717008107722828e-006 1.9257414409639615e-005 4.9822164260947991e-007 1.1771478873983840e-006 4.9822164260947991e-007 1.0569314134205547e-005</location_covariance>
      </camera>
      <camera id="33" sensor_id="0" label="DSC00034.JPG">
        <transform>9.9964204198604123e-001 2.6212383407251624e-002 5.3571307702778778e-003 -1.0095356709312149e+001 2.6275730878374096e-002 -9.9958128298621496e-001 -1.2117948276822091e-002 2.8510997410235010e+001 5.0372473421379863e-003 1.2254373086523737e-002 -9.9991222438745608e-001 7.7283552055642823e-001 0 0 0 1</transform>
        <rotation_covariance>2.8062371738010482e-008 1.5713145058713259e-009 -7.2083078676016669e-010 1.5713145058713259e-009 9.7269879779769394e-009 6.6151255370809953e-011 -7.2083078676016679e-010 6.6151255370809992e-011 3.3310011511836796e-010</rotation_covariance>
        <location_covariance>6.6593961046785416e-006 6.0585506672498847e-006 7.4929359051155889e-007 6.0585506672498847e-006 1.9334286213612030e-005 7.4215393542165760e-007 7.4929359051155889e-007 7.4215393542165760e-007 1.0451477201802427e-005</location_covariance>
      </camera>
      <camera id="34" sensor_id="0" label="DSC00035.JPG">
        <transform>9.9963890787354148e-001 2.6212371196728673e-002 5.9131600382750331e-003 -1.0842797717162437e+001 2.6275693697979323e-002 -9.9959532824608266e-001 -1.0898058051611106e-002 2.8423133076279097e+001 5.6251032064588216e-003 1.1049495230607827e-002 -9.9992313048007120e-001 7.8525773676982580e-001 0 0 0 1</transform>
        <rotation_covariance>2.8021861455240564e-008 1.3915301129441026e-009 -7.1342057964440167e-010 1.3915301129441026e-009 9.7011675441726333e-009 6.4778129796080205e-011 -7.1342057964440157e-010 6.4778129796080218e-011 3.3106908164737275e-010</rotation_covariance>
        <location_covariance>6.2765211998289322e-006 5.4776460342575435e-006 5.4128373083538049e-007 5.4776460342575435e-006 1.9186605211700229e-005 8.4263576494702341e-007 5.4128373083538049e-007 8.4263576494702341e-007 1.0370564104628661e-005</location_covariance>
      </camera>
      <camera id="35" sensor_id="0" label="DSC00036.JPG">
        <transform>9.9965324864444960e-001 2.5788622099032418e-002 5.3225412005284247e-003 -1.2397217968454431e+001 2.5850044099511006e-002 -9.9959603006276621e-001 -1.1813208827862067e-002 2.8373556171270646e+001 5.0157446756550353e-003 1.1946700506442731e-002 -9.9991605580286491e-001 7.9136536452018735e-001 0 0 0 1</transform>
        <rotation_covariance>2.7786621180464344e-008 1.2390233160536992e-009 -7.5482433070848902e-010 1.2390233160536992e-009 9.5621422157391647e-009 7.9573230606583337e-011 -7.5482433070848902e-010 7.9573230606583324e-011 3.3003258524793036e-010</rotation_covariance>
        <location_covariance>5.5765022436155334e-006 4.4274132173149837e-006 1.0937942023441829e-007 4.4274132173149837e-006 1.9000198461925084e-005 1.0619282447355813e-006 1.0937942023441829e-007 1.0619282447355813e-006 1.0326345028223195e-005</location_covariance>
      </camera>
      <camera id="36" sensor_id="0" label="DSC00037.JPG">
        <transform>9.9966817407429376e-001 2.5173130728510743e-002 5.4639941702785150e-003 -1.3349412743764688e+001 2.5237046796243810e-002 -9.9960992290806638e-001 -1.1962169231948658e-002 2.8363896398953077e+001 5.1607375414498176e-003 1.2096094950639536e-002 -9.9991352189825566e-001 7.7499598083672416e-001 0 0 0 1</transform>
        <rotation_covariance>2.8989455553421197e-008 1.1053969746673328e-009 -8.0457503613267841e-010 1.1053969746673326e-009 9.7388259474406340e-009 9.6713561334257497e-011 -8.0457503613267841e-010 9.6713561334257445e-011 3.3861382611229810e-010</rotation_covariance>
        <location_covariance>5.3934723589778140e-006 3.7521752658139442e-006 -1.9053097618567205e-007 3.7521752658139442e-006 1.9637080634366702e-005 1.2871480408562020e-006 -1.9053097618567205e-007 1.2871480408562020e-006 1.0330601503003243e-005</location_covariance>
      </camera>
      <camera id="37" sensor_id="0" label="DSC00038.JPG">
        <transform>9.9965658571216520e-001 2.5633355396881670e-002 5.4444222277969800e-003 -1.4941386371056188e+001 2.5699994913726161e-002 -9.9959098793557921e-001 -1.2544604394206115e-002 2.8427757011306213e+001 5.1206350906720412e-003 1.2680218021384465e-002 -9.9990649121165243e-001 7.4286189630307720e-001 0 0 0 1</transform>
        <rotation_covariance>2.8686771612106011e-008 6.2490518184028682e-010 -7.9181112239676844e-010 6.2490518184028692e-010 9.6364666639637882e-009 1.1068199104957724e-010 -7.9181112239676834e-010 1.1068199104957728e-010 3.3588080662585188e-010</rotation_covariance>
        <location_covariance>5.0498844587937367e-006 2.5053167884135718e-006 -7.3431076098715853e-007 2.5053167884135718e-006 1.9549523951275306e-005 1.5479624884006109e-006 -7.3431076098715853e-007 1.5479624884006109e-006 1.0412321353178703e-005</location_covariance>
      </camera>
      <camera id="38" sensor_id="0" label="DSC00039.JPG">
        <transform>9.9965681109733107e-001 2.5499654260127458e-002 6.0023045015661983e-003 -1.6273396582097440e+001 2.5572091223795029e-002 -9.9959708920791301e-001 -1.2317767553797921e-002 2.8540186442521087e+001 5.6857872944266630e-003 1.2467031710934846e-002 -9.9990611806467167e-001 7.5976458135790270e-001 0 0 0 1</transform>
        <rotation_covariance>2.9945527772915209e-008 5.6871925131960376e-010 -8.0521337421115651e-010 5.6871925131960376e-010 9.8806623572233415e-009 1.3379632569644033e-010 -8.0521337421115651e-010 1.3379632569644031e-010 3.4204965097521778e-010</rotation_covariance>
        <location_covariance>5.1432049802885333e-006 1.6273016793598820e-006 -1.2005044490477635e-006 1.6273016793598820e-006 2.0426357616557014e-005 1.9027554817204725e-006 -1.2005044490477635e-006 1.9027554817204725e-006 1.0616731998660381e-005</location_covariance>
      </camera>
      <camera id="39" sensor_id="0" label="DSC00040.JPG">
        <transform>9.9967555588455981e-001 2.4906993251734698e-002 5.3314776614825686e-003 -1.8332010204281104e+001 2.4962148684812981e-002 -9.9963281597156739e-001 -1.0541554239848533e-002 2.8521073949463624e+001 5.0669616077226249e-003 1.0671219232703507e-002 -9.9993022305566570e-001 7.3720981380754502e-001 0 0 0 1</transform>
        <rotation_covariance>2.8658693607348686e-008 4.5002745224284203e-010 -7.4785430013911356e-010 4.5002745224284198e-010 9.8848707379768717e-009 1.2438231149849888e-010 -7.4785430013911336e-010 1.2438231149849883e-010 3.3648754951280844e-010</rotation_covariance>
        <location_covariance>5.3672080224311192e-006 2.8491600217674792e-007 -1.9545227329467782e-006 2.8491600217674792e-007 1.9770561895210098e-005 2.1213933880421677e-006 -1.9545227329467782e-006 2.1213933880421677e-006 1.0729138086552626e-005</location_covariance>
      </camera>
      <camera id="40" sensor_id="0" label="DSC00041.JPG">
        <transform>9.9968808114422192e-001 2.4597120754466632e-002 4.3269005966443128e-003 -1.9762686424776774e+001 2.4652247207823014e-002 -9.9960913180364475e-001 -1.3185231221637806e-002 2.8584182695205154e+001 4.0008906242781058e-003 1.3287786322554137e-002 -9.9990370916846727e-001 7.4114281285706785e-001 0 0 0 1</transform>
        <rotation_covariance>3.0063056594597674e-008 4.1199446862884070e-010 -8.3236097883613561e-010 4.1199446862884050e-010 1.0059239555743299e-008 1.7069060222968400e-010 -8.3236097883613561e-010 1.7069060222968400e-010 3.4940508887709842e-010</rotation_covariance>
        <location_covariance>5.8708981984576633e-006 -6.8989169808866308e-007 -2.5125374753046716e-006 -6.8989169808866308e-007 2.0683339937458054e-005 2.4454299871515219e-006 -2.5125374753046716e-006 2.4454299871515219e-006 1.0948543271749975e-005</location_covariance>
      </camera>
      <camera id="41" sensor_id="0" label="DSC00042.JPG">
        <transform>9.9968426403946764e-001 2.4603126680637407e-002 5.1047418546939166e-003 -2.2172445097214268e+001 2.4655679282580948e-002 -9.9964085033309935e-001 -1.0500848748202935e-002 2.8568976537762786e+001 4.8445547763509402e-003 1.0623394130626724e-002 -9.9993183456981927e-001 7.2227592212909797e-001 0 0 0 1</transform>
