<?xml version="1.0" encoding="UTF-8"?>
<document version="1.5.0">
  <chunk label="SonyA9" enabled="true">
    <sensors next_id="1">
      <sensor id="0" label="SonyA9" type="frame">
        <resolution width="6000" height="4000"/>
        <property name="pixel_width" value="0.006"/>
        <property name="pixel_height" value="0.006"/>
        <property name="focal_length" value="55"/>
        <property name="fixed" value="true"/>
        <property name="layer_index" value="0"/>
        <calibration type="frame" class="initial">
          <resolution width="6000" height="4000"/>
          <f>9227.77018581081</f>
          <cx>-37.8304617831239</cx>
          <cy>31.7622333680372</cy>
          <k1>-0.017282082281574</k1>
        </calibration>
      </sensor>
    </sensors>
    <cameras next_id="547" next_group_id="0">
      <camera id="0" sensor_id="0" label="DSC00001.JPG"/>
      <camera id="1" sensor_id="0" label="DSC00002.JPG"/>
      <camera id="2" sensor_id="0" label="DSC00003.JPG"/>
      <camera id="3" sensor_id="0" label="DSC00572.JPG"/>
      <camera id="4" sensor_id="0" label="DSC00573.JPG">
        <transform>9.9075803263368067e-001 -1.3490865019570961e-001 -1.4077530827858807e-002 -9.4419449325987497e+000 -1.3484006960448316e-001 -9.9085088578351532e-001 5.7164474178699092e-003 1.2842742185305044e+001 -1.4719932095488223e-002 -3.7654009606949380e-003 -9.9988456601485221e-001 8.9512358632209077e-001 0 0 0 1</transform>
        <rotation_covariance>9.2745851468286735e-009 -1.3274619900525986e-009 -2.2173560804182132e-010 -1.3274619900525990e-009 5.8881879508911985e-009 6.8909082456599618e-012 -2.2173560804182132e-010 6.8909082456599650e-012 1.8621861553317990e-010</rotation_covariance>
        <location_covariance>3.9799832351944892e-006 -1.4072737006666966e-006 9.7355346489672376e-007 -1.4072737006666966e-006 5.0215776405418992e-006 -6.6823012409471895e-007 9.7355346489672376e-007 -6.6823012409471895e-007 5.2601832330245048e-007</location_covariance>
      </camera>
      <camera id="5" sensor_id="0" label="DSC00574.JPG">
        <transform>9.9501709434162544e-001 -9.8863641543330813e-002 -1.2921391130245418e-002 -9.0522618931469214e+000 -9.8874518894875182e-002 -9.9509988837217556e-001 -2.0414453389549201e-004 1.2724642129682726e+001 -1.2837892399298360e-002 1.4807236323979411e-003 -9.9991649450155007e-001 7.4940001098378650e-001 0 0 0 1</transform>
        <rotation_covariance>9.0908924648138450e-009 -1.0600744659032988e-009 -1.9244475677735478e-010 -1.0600744659032988e-009 5.4434398125831897e-009 2.6617262914959145e-011 -1.9244475677735478e-010 2.6617262914959139e-011 1.7229095496851063e-010</rotation_covariance>
        <location_covariance>3.7251599934285135e-006 -1.2901004900191974e-006 9.0918682721902184e-007 -1.2901004900191974e-006 4.8000634557532978e-006 -6.4264120011170136e-007 9.0918682721902184e-007 -6.4264120011170136e-007 4.9270198633417585e-007</location_covariance>
      </camera>
      <camera id="6" sensor_id="0" label="DSC00575.JPG">
        <transform>9.9718428810509230e-001 -7.4302787393211028e-002 -1.0128738417993484e-002 -7.6652209457882670e+000 -7.4352897097690995e-002 -9.9722108858079328e-001 -4.6633874938558509e-003 1.2736379112897973e+001 -9.7540888616534319e-003 5.4033577835413344e-003 -9.9993782880494231e-001 7.0600677894061936e-001 0 0 0 1</transform>
        <rotation_covariance>9.3671581077905967e-009 -7.4475134570789014e-010 -1.5894227786633664e-010 -7.4475134570789014e-010 4.8169166083470094e-009 4.5903460808030048e-011 -1.5894227786633667e-010 4.5903460808030042e-011 1.5190318445578990e-010</rotation_covariance>
        <location_covariance>3.2376327605006608e-006 -1.0555059160800422e-006 7.4740734032976727e-007 -1.0555059160800422e-006 4.8640558336354762e-006 -6.2698863755486011e-007 7.4740734032976727e-007 -6.2698863755486011e-007 4.0858145222047161e-007</location_covariance>
      </camera>
      <camera id="7" sensor_id="0" label="DSC00576.JPG">
        <transform>9.9824230127194868e-001 -5.8665180187827397e-002 -8.4086018346625439e-003 -5.8361781784917000e+000 -5.8718248396558238e-002 -9.9825528256405871e-001 -6.2095199646512956e-003 1.2846273224189122e+001 -8.0296485928235389e-003 6.6923438705030888e-003 -9.9994536714612303e-001 6.2540314654460338e-001 0 0 0 1</transform>
        <rotation_covariance>9.2791137177823216e-009 -6.5570593027019283e-010 -1.2798703349433451e-010 -6.5570593027019293e-010 4.3516307770965447e-009 5.7155806647089113e-011 -1.2798703349433454e-010 5.7155806647089100e-011 1.3387304407287208e-010</rotation_covariance>
        <location_covariance>2.7447280197498561e-006 -9.0739478109495039e-007 5.8706972363128161e-007 -9.0739478109495039e-007 4.7855083333573757e-006 -6.2209804804455579e-007 5.8706972363128161e-007 -6.2209804804455579e-007 3.2569466516082888e-007</location_covariance>
      </camera>
      <camera id="8" sensor_id="0" label="DSC00577.JPG">
        <transform>9.9826022967265926e-001 -5.8423760005526702e-002 -7.9484665632724959e-003 -3.8622955164766504e+000 -5.8486158176661578e-002 -9.9825728975216343e-001 -7.8582923335570806e-003 1.3130158758431447e+001 -7.4755037037890866e-003 8.3094959824130434e-003 -9.9993753260935903e-001 5.4990429608287317e-001 0 0 0 1</transform>
        <rotation_covariance>9.3962305242790506e-009 -4.1746911478589174e-010 -1.0138514306847836e-010 -4.1746911478589174e-010 4.2973668756423432e-009 6.0109607615551428e-011 -1.0138514306847836e-010 6.0109607615551428e-011 1.2564219085664895e-010</rotation_covariance>
        <location_covariance>2.4650763119267795e-006 -6.6510511274523707e-007 4.4659655165503225e-007 -6.6510511274523707e-007 4.8287643550855713e-006 -6.3386637169482924e-007 4.4659655165503225e-007 -6.3386637169482924e-007 2.6787300816251802e-007</location_covariance>
      </camera>
      <camera id="9" sensor_id="0" label="DSC00578.JPG">
        <transform>9.9831255219292547e-001 -5.7520031771761397e-002 -7.9683172014801251e-003 -2.9134952127076956e+000 -5.7589164500722788e-002 -9.9830213971083270e-001 -8.7364741676410548e-003 1.3251820564741640e+001 -7.4522658404363564e-003 9.1806205535752833e-003 -9.9993008752617041e-001 5.0247198129367443e-001 0 0 0 1</transform>
        <rotation_covariance>9.3513687388425559e-009 -2.5622841291998706e-010 -9.5305507368840807e-011 -2.5622841291998712e-010 4.2232216472711662e-009 4.7538307163435085e-011 -9.5305507368840794e-011 4.7538307163435085e-011 1.2136153460948278e-010</rotation_covariance>
        <location_covariance>2.3261115515450730e-006 -5.2786274024548614e-007 3.8671063779052577e-007 -5.2786274024548614e-007 4.7972990479060333e-006 -6.4795481068194427e-007 3.8671063779052577e-007 -6.4795481068194427e-007 2.4567215476909171e-007</location_covariance>
      </camera>
      <camera id="10" sensor_id="0" label="DSC00579.JPG">
        <transform>9.9990939803102830e-001 -1.0945450725819383e-002 -7.8353581689108737e-003 -1.0686480255613990e+000 -1.1025318683665773e-002 -9.9988695270514294e-001 -1.0223705685657124e-002 1.3429891529434911e+001 -7.7225693360480022e-003 1.0309166718604722e-002 -9.9991703806086729e-001 4.5561691982846902e-001 0 0 0 1</transform>
        <rotation_covariance>9.7356127520498347e-009 -2.3626412456240713e-010 -7.4336750627220204e-011 -2.3626412456240718e-010 4.1638062801864249e-009 6.2033634021363163e-011 -7.4336750627220204e-011 6.2033634021363163e-011 1.1787953283104264e-010</rotation_covariance>
        <location_covariance>2.1232812494554222e-006 -4.8689056083717148e-007 2.5167604688073913e-007 -4.8689056083717148e-007 4.9739292883514563e-006 -6.4784641001119012e-007 2.5167604688073913e-007 -6.4784641001119012e-007 2.1182486369144312e-007</location_covariance>
      </camera>
      <camera id="11" sensor_id="0" label="DSC00580.JPG">
        <transform>9.9983680299974076e-001 1.6447569307852100e-002 -7.4729399248509003e-003 -3.7047146280658860e-002 1.6364580986093551e-002 -9.9980520860218358e-001 -1.1033827128144819e-002 1.3519662435163305e+001 -7.6529638968581611e-003 1.0909734910051696e-002 -9.9991120097125918e-001 4.3601197771144484e-001 0 0 0 1</transform>
        <rotation_covariance>9.8000723475712447e-009 -1.7245211322356808e-010 -6.9964973341495549e-011 -1.7245211322356808e-010 4.1924585548413022e-009 5.8823974486290632e-011 -6.9964973341495549e-011 5.8823974486290632e-011 1.1810849890750085e-010</rotation_covariance>
        <location_covariance>2.0585466076465200e-006 -4.4518212260982464e-007 1.7961705938346896e-007 -4.4518212260982464e-007 5.0020537851858453e-006 -6.5321481548046473e-007 1.7961705938346896e-007 -6.5321481548046473e-007 1.9954432432227583e-007</location_covariance>
      </camera>
      <camera id="12" sensor_id="0" label="DSC00581.JPG">
        <transform>9.9985370384316385e-001 1.6023881044851789e-002 -5.9838238081968984e-003 1.3633023586893889e+000 1.5951427209611190e-002 -9.9980116576724298e-001 -1.1965822179789726e-002 1.3616100395182587e+001 -6.1743729303938419e-003 1.1868621096079845e-002 -9.9991050247119317e-001 4.1328816067374602e-001 0 0 0 1</transform>
        <rotation_covariance>9.5574207668071356e-009 -7.0287751232126950e-011 -5.5687738691699198e-011 -7.0287751232126937e-011 3.8706239387861503e-009 6.1749320868158237e-011 -5.5687738691699198e-011 6.1749320868158250e-011 1.1338416608762539e-010</rotation_covariance>
        <location_covariance>1.8249030319624401e-006 -2.8819999331497537e-007 9.6620939559029668e-008 -2.8819999331497537e-007 4.9035944236562114e-006 -6.6383007836921123e-007 9.6620939559029668e-008 -6.6383007836921123e-007 1.8768843702059106e-007</location_covariance>
      </camera>
      <camera id="13" sensor_id="0" label="DSC00582.JPG">
        <transform>9.9985761152385666e-001 1.5732994429317113e-002 -6.1016034037352559e-003 2.9357822136664984e+000 1.5652445583803066e-002 -9.9979256686119300e-001 -1.3031661304415331e-002 1.3749513470031367e+001 -6.3053647836965772e-003 1.2934300730769661e-002 -9.9989646776031293e-001 3.8263448901777775e-001 0 0 0 1</transform>
        <rotation_covariance>9.8207951939876741e-009 3.2018234943154835e-011 -6.6293439896524933e-011 3.2018234943154816e-011 4.0001804310125387e-009 6.6191620270373313e-011 -6.6293439896524946e-011 6.6191620270373313e-011 1.1659312804099340e-010</rotation_covariance>
        <location_covariance>1.8104216259252186e-006 -1.1495252309846211e-007 8.7092572250288323e-009 -1.1495252309846211e-007 5.0301819122696624e-006 -6.7172596124757418e-007 8.7092572250288323e-009 -6.7172596124757418e-007 1.8887458958940385e-007</location_covariance>
      </camera>
      <camera id="14" sensor_id="0" label="DSC00583.JPG">
        <transform>9.9987070150811708e-001 1.5123859209711838e-002 -5.4634374041645003e-003 3.7591396538691750e+000 1.5048431104059703e-002 -9.9979436791224219e-001 -1.3592888297434687e-002 1.3810790985065621e+001 -5.6678908749884897e-003 1.3508914596109594e-002 -9.9989268636162365e-001 3.5125328467093236e-001 0 0 0 1</transform>
        <rotation_covariance>9.7533478092843957e-009 5.4721774619184131e-011 -6.5067963803346484e-011 5.4721774619184150e-011 3.9774710977728520e-009 6.9785799117929211e-011 -6.5067963803346497e-011 6.9785799117929211e-011 1.1564460216044886e-010</rotation_covariance>
        <location_covariance>1.7729209517585598e-006 -3.5866773742593755e-008 -3.9380739960126755e-008 -3.5866773742593755e-008 4.9965639982005374e-006 -6.7524869429842171e-007 -3.9380739960126755e-008 -6.7524869429842171e-007 1.9364684154176261e-007</location_covariance>
      </camera>
      <camera id="15" sensor_id="0" label="DSC00584.JPG">
        <transform>9.9988026900578508e-001 1.4702754604997880e-002 -4.8245890958206446e-003 5.3592195431847731e+000 1.4636555722545977e-002 -9.9980199770671585e-001 -1.3480972451602537e-002 1.3990783047024761e+001 -5.0218412459081671e-003 1.3408742994228562e-002 -9.9989748810656365e-001 3.0617519643572022e-001 0 0 0 1</transform>
        <rotation_covariance>9.4576696704701104e-009 2.1018147664719471e-010 -5.9605211321539848e-011 2.1018147664719468e-010 4.0363093998115185e-009 6.3624689351551561e-011 -5.9605211321539873e-011 6.3624689351551561e-011 1.1532549946449863e-010</rotation_covariance>
        <location_covariance>1.7677302258464556e-006 1.6357875908948412e-007 -1.3205937212316037e-007 1.6357875908948412e-007 4.8774694270763164e-006 -7.1346043893950490e-007 -1.3205937212316037e-007 -7.1346043893950490e-007 2.1635584675334206e-007</location_covariance>
      </camera>
      <camera id="16" sensor_id="0" label="DSC00585.JPG">
        <transform>9.9989051736591394e-001 1.4088064881436499e-002 -4.5254513169479399e-003 6.3937757192694313e+000 1.4022684578782448e-002 -9.9980129750976099e-001 -1.4167914984300296e-002 1.4098924402389105e+001 -4.7241506040353060e-003 1.4102904867254107e-002 -9.9988938912030445e-001 2.8151538041898028e-001 0 0 0 1</transform>
        <rotation_covariance>9.5655734009180405e-009 1.5610628976262435e-010 -6.2356055101150510e-011 1.5610628976262438e-010 4.0961409281784371e-009 7.2341770207690117e-011 -6.2356055101150498e-011 7.2341770207690117e-011 1.1688381106632331e-010</rotation_covariance>
        <location_covariance>1.7923132209686892e-006 2.2479361539060400e-007 -1.9742529716296636e-007 2.2479361539060400e-007 4.9289764374673840e-006 -7.2312889835043301e-007 -1.9742529716296636e-007 -7.2312889835043301e-007 2.3749784864665362e-007</location_covariance>
      </camera>
      <camera id="17" sensor_id="0" label="DSC00586.JPG">
        <transform>9.9989444868102062e-001 1.3665409896965727e-002 -4.9343762751755463e-003 7.8794545655278228e+000 1.3591787133493363e-002 -9.9980018684536387e-001 -1.4657752436624939e-002 1.4273603836986826e+001 -5.1336945171005701e-003 1.4589138299553240e-002 -9.9988039395933836e-001 2.4049670057057304e-001 0 0 0 1</transform>
        <rotation_covariance>9.4404398274450570e-009 1.7394597419322029e-010 -8.3044429465256882e-011 1.7394597419322029e-010 4.0989495090592618e-009 7.2896686087263317e-011 -8.3044429465256869e-011 7.2896686087263317e-011 1.1918791802498481e-010</rotation_covariance>
        <location_covariance>1.8043586002631803e-006 3.5444034204586261e-007 -2.8306414828962895e-007 3.5444034204586261e-007 4.8865348877733984e-006 -7.6054772383882378e-007 -2.8306414828962895e-007 -7.6054772383882378e-007 2.7793327303665971e-007</location_covariance>
      </camera>
      <camera id="18" sensor_id="0" label="DSC00587.JPG">
        <transform>9.9990438002824389e-001 1.2992807429836240e-002 -4.7347392139501484e-003 9.3859608964431782e+000 1.2920951453826593e-002 -9.9980544987726228e-001 -1.4903402606554072e-002 1.4421896974148821e+001 -4.9274551099712195e-003 1.4840800208087786e-002 -9.9987772794243335e-001 2.1027569895848394e-001 0 0 0 1</transform>
        <rotation_covariance>1.0061044944333672e-008 4.3054220112144064e-011 -8.4968461982584471e-011 4.3054220112144057e-011 4.5048874569723957e-009 7.9166616001626607e-011 -8.4968461982584458e-011 7.9166616001626607e-011 1.3170742143802419e-010</rotation_covariance>
        <location_covariance>2.0186453417480466e-006 4.2379648730469711e-007 -3.8341108061479146e-007 4.2379648730469711e-007 5.1637670446882921e-006 -7.8346638748577121e-007 -3.8341108061479146e-007 -7.8346638748577121e-007 3.3146667939398548e-007</location_covariance>
      </camera>
      <camera id="19" sensor_id="0" label="DSC00588.JPG">
        <transform>9.9990756386635082e-001 1.2522963568053358e-002 -5.2951965339346884e-003 1.0264444238601873e+001 1.2443761032661127e-002 -9.9981400226589012e-001 -1.4734778058213225e-002 1.4497108081243383e+001 -5.4787347281840659e-003 1.4667523872010086e-002 -9.9987741609121372e-001 1.8515768046512091e-001 0 0 0 1</transform>
        <rotation_covariance>1.0437418033621550e-008 3.9445478476232659e-010 -9.2413351253999038e-011 3.9445478476232669e-010 4.7193799487508831e-009 8.3011185319836517e-011 -9.2413351253999025e-011 8.3011185319836517e-011 1.3918590846449591e-010</rotation_covariance>
        <location_covariance>2.1351559256990770e-006 6.4834925889995997e-007 -4.3160851267398151e-007 6.4834925889995997e-007 5.3334151901845760e-006 -7.9775076957332954e-007 -4.3160851267398151e-007 -7.9775076957332954e-007 3.6693328373039536e-007</location_covariance>
      </camera>
      <camera id="20" sensor_id="0" label="DSC00589.JPG">
        <transform>9.9991748277556569e-001 1.1694685796075337e-002 -5.3161982570002018e-003 1.2006439260636505e+001 1.1613403165207217e-002 -9.9981897079452930e-001 -1.5071645772456805e-002 1.4628897842234347e+001 -5.4914940315922423e-003 1.5008662948415286e-002 -9.9987228360916269e-001 1.5133622414327269e-001 0 0 0 1</transform>
        <rotation_covariance>1.0677075931258806e-008 4.4947186322785905e-010 -7.1602370046005086e-011 4.4947186322785905e-010 5.0950166293658711e-009 9.0742646158462890e-011 -7.1602370046005073e-011 9.0742646158462877e-011 1.4903100432869507e-010</rotation_covariance>
        <location_covariance>2.3790632081113130e-006 8.2129280025517049e-007 -5.5812483059087533e-007 8.2129280025517049e-007 5.4460643694528713e-006 -8.3681106775893633e-007 -5.5812483059087533e-007 -8.3681106775893633e-007 4.4810933145976976e-007</location_covariance>
      </camera>
      <camera id="21" sensor_id="0" label="DSC00590.JPG">
        <transform>9.9992451835764196e-001 1.1121302028908793e-002 -5.2224734005565723e-003 1.2904149550948816e+001 1.1039776125753629e-002 -9.9982064694666672e-001 -1.5388218943137416e-002 1.4651209195821163e+001 -5.3926737645598379e-003 1.5329402477933777e-002 -9.9986795552679786e-001 1.3108619627156731e-001 0 0 0 1</transform>
        <rotation_covariance>1.0621596143735508e-008 1.4254460361708486e-010 -5.3585084493483014e-011 1.4254460361708481e-010 5.0505131264678063e-009 8.6588854432955463e-011 -5.3585084493483001e-011 8.6588854432955463e-011 1.5219379416393218e-010</rotation_covariance>
        <location_covariance>2.4116814856404092e-006 7.6529572516565038e-007 -6.0256925155878235e-007 7.6529572516565038e-007 5.4152021833479148e-006 -8.3336251608562869e-007 -6.0256925155878235e-007 -8.3336251608562869e-007 4.9055945196574640e-007</location_covariance>
      </camera>
      <camera id="22" sensor_id="0" label="DSC00591.JPG">
        <transform>9.9993078173889538e-001 1.0437664303262399e-002 -5.4301836924093398e-003 1.4505343879536625e+001 1.0349887128237452e-002 -9.9981923586799093e-001 -1.5949151224418812e-002 1.4846020891149260e+001 -5.5956739963699820e-003 1.5891845463602935e-002 -9.9985805876648681e-001 8.7172989405312748e-002 0 0 0 1</transform>
        <rotation_covariance>1.0151581507509129e-008 3.8287590854130179e-010 -6.8876446561536369e-011 3.8287590854130168e-010 4.5143981607774812e-009 8.3185323790942121e-011 -6.8876446561536356e-011 8.3185323790942095e-011 1.4808341700329538e-010</rotation_covariance>
        <location_covariance>2.2903870076033739e-006 1.0104100967031486e-006 -6.6408116051772419e-007 1.0104100967031486e-006 5.2353750454993326e-006 -8.7566638401904931e-007 -6.6408116051772419e-007 -8.7566638401904931e-007 5.8524982803672877e-007</location_covariance>
      </camera>
      <camera id="23" sensor_id="0" label="DSC00592.JPG">
        <transform>9.9993410010421213e-001 1.0187240713902857e-002 -5.2929741560129098e-003 1.5731863399729365e+001 1.0104285526085201e-002 -9.9982927796269849e-001 -1.5469917342909313e-002 1.5005442043477801e+001 -5.4496663004780076e-003 1.5415416154814026e-002 -9.9986632410637144e-001 5.6736011508752078e-002 0 0 0 1</transform>
        <rotation_covariance>1.0297785129758843e-008 4.5601648680773550e-010 -7.0460510181828366e-011 4.5601648680773545e-010 4.7337929742120850e-009 7.9373893041976868e-011 -7.0460510181828353e-011 7.9373893041976842e-011 1.5509646354022679e-010</rotation_covariance>
        <location_covariance>2.4935959372688967e-006 1.1549461175279872e-006 -7.3469393399711082e-007 1.1549461175279872e-006 5.3145634482195783e-006 -9.1171029585793496e-007 -7.3469393399711082e-007 -9.1171029585793496e-007 6.7492026014299526e-007</location_covariance>
      </camera>
      <camera id="24" sensor_id="0" label="DSC00593.JPG">
        <transform>9.9994058088368054e-001 9.4741836077083513e-003 -5.3920818776812679e-003 1.6539204663573614e+001 9.3848893516861823e-003 -9.9982226232065874e-001 -1.6351379753905781e-002 1.5087081076086292e+001 -5.5460394755893795e-003 1.6299804077572925e-002 -9.9985176793021069e-001 5.1021524936218324e-002 0 0 0 1</transform>
        <rotation_covariance>1.0670601323007746e-008 4.6340048077412369e-010 -6.9216848263368954e-011 4.6340048077412369e-010 4.9337457778458696e-009 8.6629895700954337e-011 -6.9216848263368954e-011 8.6629895700954324e-011 1.6129631824418047e-010</rotation_covariance>
        <location_covariance>2.6601744274159631e-006 1.2330503775639791e-006 -7.8071777790697101e-007 1.2330503775639791e-006 5.4860749342077185e-006 -9.3490913782287064e-007 -7.8071777790697101e-007 -9.3490913782287064e-007 7.3844771493595252e-007</location_covariance>
      </camera>
      <camera id="25" sensor_id="0" label="DSC00594.JPG">
        <transform>9.9993788540921191e-001 9.2419108958354205e-003 -6.2299603808136572e-003 1.7833043900771095e+001 9.1359051691588169e-003 -9.9981655189209317e-001 -1.6834423047595914e-002 1.5199367875366047e+001 -6.3843997441581429e-003 1.6776461057050433e-002 -9.9983888191763581e-001 3.2307452188728894e-002 0 0 0 1</transform>
        <rotation_covariance>1.0823982926194106e-008 4.7836300288740536e-010 -8.2385167569915701e-011 4.7836300288740547e-010 5.0924191508278240e-009 8.7840535400708205e-011 -8.2385167569915688e-011 8.7840535400708218e-011 1.6870190759739017e-010</rotation_covariance>
        <location_covariance>2.8647482112110086e-006 1.3582205836916128e-006 -8.5769902377193015e-007 1.3582205836916128e-006 5.5660478330222091e-006 -9.6660826505094162e-007 -8.5769902377193015e-007 -9.6660826505094162e-007 8.4540529639983135e-007</location_covariance>
      </camera>
      <camera id="26" sensor_id="0" label="DSC00595.JPG">
        <transform>9.9994598999725515e-001 8.0998264040112421e-003 -6.5122884329699921e-003 1.8989902466864720e+001 7.9924329815670610e-003 -9.9983436652037527e-001 -1.6351163256329650e-002 1.5272123006221216e+001 -6.6436513638564358e-003 1.6298231101100149e-002 -9.9984510278319139e-001 -1.5888280949070675e-003 0 0 0 1</transform>
        <rotation_covariance>1.0955506523004385e-008 5.7732468443917032e-010 -7.8605163279880780e-011 5.7732468443917032e-010 5.1458615433152722e-009 8.6084414320478569e-011 -7.8605163279880767e-011 8.6084414320478569e-011 1.7464238456728236e-010</rotation_covariance>
        <location_covariance>3.0225538945185717e-006 1.5075572623301444e-006 -9.3188695508388245e-007 1.5075572623301444e-006 5.6232281000047159e-006 -9.9384503289198647e-007 -9.3188695508388245e-007 -9.9384503289198647e-007 9.4826761288941967e-007</location_covariance>
      </camera>
      <camera id="27" sensor_id="0" label="DSC00596.JPG">
        <transform>9.9994639172846722e-001 8.0041170319171788e-003 -6.5686969603399219e-003 1.9526226812814421e+001 7.8950892515991591e-003 -9.9983336290023028e-001 -1.6459465280672544e-002 1.5271762233278691e+001 -6.6993458581184650e-003 1.6406722468419916e-002 -9.9984295678017232e-001 -3.6847750662916193e-002 0 0 0 1</transform>
        <rotation_covariance>1.0999565689755738e-008 5.6342242143962000e-010 -8.0108176092868655e-011 5.6342242143962010e-010 5.1698205409678156e-009 8.8333810491080272e-011 -8.0108176092868668e-011 8.8333810491080272e-011 1.7840624647034852e-010</rotation_covariance>
        <location_covariance>3.0961559746447359e-006 1.5465666227749458e-006 -9.5671004545463075e-007 1.5465666227749458e-006 5.6271914374329501e-006 -9.9665245373288544e-007 -9.5671004545463075e-007 -9.9665245373288544e-007 9.9608038035369244e-007</location_covariance>
      </camera>
      <camera id="28" sensor_id="0" label="DSC00597.JPG">
        <transform>9.9995990826508419e-001 7.3132601997895428e-003 -5.1670192310862119e-003 2.0524739799262306e+001 7.2265453219217991e-003 -9.9983599019935554e-001 -1.6606316412273024e-002 1.5289110747774709e+001 -5.2876181021751833e-003 1.6568310937584811e-002 -9.9984875464616196e-001 -7.7023415688304939e-002 0 0 0 1</transform>
        <rotation_covariance>1.1478653282794749e-008 6.5857080372354720e-010 -6.3365305216008039e-011 6.5857080372354709e-010 5.4198027508485143e-009 9.4092226661240583e-011 -6.3365305216008039e-011 9.4092226661240570e-011 1.8999088959196865e-010</rotation_covariance>
        <location_covariance>3.3349057793960755e-006 1.6735275272200784e-006 -1.0094975393231720e-006 1.6735275272200784e-006 5.8178396195901518e-006 -1.0132247371827933e-006 -1.0094975393231720e-006 -1.0132247371827933e-006 1.0937355227128533e-006</location_covariance>
      </camera>
      <camera id="29" sensor_id="0" label="DSC00598.JPG">
        <transform>9.9997165713168967e-001 6.3512732733044417e-003 -4.0430509656413814e-003 2.1570307156635341e+001 6.2931767973982656e-003 -9.9987903585844762e-001 -1.4223557100029722e-002 1.5379494701217006e+001 -4.1328995995128090e-003 1.4197710329096256e-002 -9.9989066610420529e-001 -1.1955585521627077e-001 0 0 0 1</transform>
        <rotation_covariance>1.1796787868528044e-008 6.7958893120229442e-010 -2.6938765510601881e-011 6.7958893120229432e-010 5.4081006664313053e-009 7.0470403978526007e-011 -2.6938765510601878e-011 7.0470403978526007e-011 1.9858967717779073e-010</rotation_covariance>
        <location_covariance>3.4855939051350763e-006 1.7781305308906900e-006 -1.0857914053137589e-006 1.7781305308906900e-006 5.9487042278603022e-006 -1.0582301300577993e-006 -1.0857914053137589e-006 -1.0582301300577993e-006 1.2096566272856444e-006</location_covariance>
      </camera>
      <camera id="30" sensor_id="0" label="DSC00599.JPG">
        <transform>9.9997574646077747e-001 4.9039295305375258e-003 -4.9454995065994966e-003 2.1750865992132024e+001 4.8482616273086811e-003 -9.9992545568048030e-001 -1.1206134095979871e-002 1.5555457187034646e+001 -5.0000849396205317e-003 1.1181885232081324e-002 -9.9992497948258752e-001 -1.4708293727838234e-001 0 0 0 1</transform>
        <rotation_covariance>1.2432771800884936e-008 7.8021412039551733e-010 -4.2495945239321020e-011 7.8021412039551722e-010 5.5372920181467559e-009 4.7686075879463993e-011 -4.2495945239321000e-011 4.7686075879463986e-011 2.0650462094470648e-010</rotation_covariance>
        <location_covariance>3.5664736785809842e-006 1.8512987000772457e-006 -1.1088429339141041e-006 1.8512987000772457e-006 6.2280878141161695e-006 -1.1194106204958866e-006 -1.1088429339141041e-006 -1.1194106204958866e-006 1.2497204407510424e-006</location_covariance>
      </camera>
      <camera id="31" sensor_id="0" label="DSC00600.JPG">
        <transform>9.9998305578982072e-001 3.6967432460330791e-003 -4.4969125660649480e-003 2.1875638175506619e+001 3.6448603639888250e-003 -9.9992732828045294e-001 -1.1491438153787567e-002 1.3350194796637224e+001 -4.5390666640783396e-003 1.1474852822071844e-002 -9.9992385941457107e-001 -1.7046297999790519e-001 0 0 0 1</transform>
        <rotation_covariance>1.0443958740088178e-008 5.3707944639392039e-010 -2.0507515349861755e-011 5.3707944639392029e-010 5.2106912634348238e-009 8.2243718409797741e-011 -2.0507515349861758e-011 8.2243718409797741e-011 1.7886821469940237e-010</rotation_covariance>
        <location_covariance>3.4304894196005577e-006 1.5884196317702514e-006 -9.7915278653015424e-007 1.5884196317702514e-006 5.0404020120529778e-006 -6.6785516053711785e-007 -9.7915278653015424e-007 -6.6785516053711785e-007 1.0712905215604534e-006</location_covariance>
      </camera>
      <camera id="32" sensor_id="0" label="DSC00601.JPG">
        <transform>9.9998913341300355e-001 2.0643124166473724e-003 -4.1799126971471994e-003 2.1188545137256121e+001 2.0308104016307400e-003 -9.9996590974094279e-001 -8.0034470749370881e-003 1.3353918975412235e+001 -4.1962918180132895e-003 7.9948714945999068e-003 -9.9995923575151946e-001 -1.5433252454922416e-001 0 0 0 1</transform>
        <rotation_covariance>1.0410089535747094e-008 5.3037815811292584e-010 -3.9225046819132649e-011 5.3037815811292584e-010 5.2324779057775839e-009 7.2558214470954864e-011 -3.9225046819132642e-011 7.2558214470954877e-011 1.7190024863237721e-010</rotation_covariance>
        <location_covariance>3.3322936775677671e-006 1.5358012142915855e-006 -9.4120562219162357e-007 1.5358012142915855e-006 5.0266168216382582e-006 -6.4900540791873341e-007 -9.4120562219162357e-007 -6.4900540791873341e-007 1.0016042517649338e-006</location_covariance>
      </camera>
      <camera id="33" sensor_id="0" label="DSC00602.JPG">
        <transform>9.9999029331491052e-001 1.2247068314524294e-003 -4.2324188280238508e-003 1.9278114723694621e+001 1.1958834807752733e-003 -9.9997612402911240e-001 -6.8059704975613929e-003 1.3334900759617057e+001 -4.2406530934781562e-003 6.8008429543888905e-003 -9.9996788218244814e-001 -1.0035560656668677e-001 0 0 0 1</transform>
        <rotation_covariance>1.0393289805409393e-008 4.7758330417989050e-010 -5.9831673943470127e-011 4.7758330417989060e-010 5.1274665055185396e-009 7.5884612805192834e-011 -5.9831673943470114e-011 7.5884612805192847e-011 1.5948698280755845e-010</rotation_covariance>
        <location_covariance>3.0234910432883797e-006 1.3668327923948594e-006 -8.3803491759986946e-007 1.3668327923948594e-006 5.0259322053549181e-006 -6.2683852633041121e-007 -8.3803491759986946e-007 -6.2683852633041121e-007 8.2370877012108155e-007</location_covariance>
      </camera>
      <camera id="34" sensor_id="0" label="DSC00603.JPG">
        <transform>9.9999005782161565e-001 1.3048269312807719e-003 -4.2639986632243944e-003 1.7799057124481259e+001 1.2760785792609143e-003 -9.9997648594923216e-001 -6.7378907741714551e-003 1.3241436075370038e+001 -4.2726901806855204e-003 6.7323825875033111e-003 -9.9996820906632600e-001 -5.3804726151599779e-002 0 0 0 1</transform>
        <rotation_covariance>1.0319017199527473e-008 4.1113757907946152e-010 -7.1238526892473100e-011 4.1113757907946152e-010 5.0640873784896881e-009 7.7019684928285795e-011 -7.1238526892473074e-011 7.7019684928285782e-011 1.5329248128679008e-010</rotation_covariance>
        <location_covariance>2.8206720984046545e-006 1.2181407661836203e-006 -7.5248630947966861e-007 1.2181407661836203e-006 4.9940701627196504e-006 -6.0764510325432359e-007 -7.5248630947966861e-007 -6.0764510325432359e-007 6.9871430509489648e-007</location_covariance>
      </camera>
      <camera id="35" sensor_id="0" label="DSC00604.JPG">
        <transform>9.9998993775803313e-001 7.6563624398412141e-004 -4.4202017857327162e-003 1.5569722433433952e+001 7.2478366185276758e-004 -9.9995708033237229e-001 -9.2364593758132336e-003 1.3073989489927795e+001 -4.4270838402054339e-003 9.2331627462876875e-003 -9.9994757344291418e-001 -1.9682847718870840e-003 0 0 0 1</transform>
        <rotation_covariance>9.7282559784371220e-009 2.7765841398407959e-010 -6.0819973524931706e-011 2.7765841398407954e-010 4.5386528960138608e-009 8.7134011918753806e-011 -6.0819973524931693e-011 8.7134011918753793e-011 1.3746296428513716e-010</rotation_covariance>
        <location_covariance>2.3777312910724902e-006 9.8381266645045594e-007 -6.5231483204525178e-007 9.8381266645045594e-007 4.7315532833377355e-006 -5.6981313100873621e-007 -6.5231483204525178e-007 -5.6981313100873621e-007 5.2946381044923799e-007</location_covariance>
      </camera>
      <camera id="36" sensor_id="0" label="DSC00605.JPG">
        <transform>9.9999119093265920e-001 7.3713018469940585e-004 -4.1321539385207060e-003 1.4714339136593015e+001 6.9668042958697957e-004 -9.9995191307216769e-001 -9.7819312863549300e-003 1.2993739710963204e+001 -4.1391657927483004e-003 9.7789663258825016e-003 -9.9994361797260223e-001 1.3547903512065151e-002 0 0 0 1</transform>
        <rotation_covariance>9.7580315546739987e-009 2.5763997158402722e-010 -5.1852765711918442e-011 2.5763997158402717e-010 4.4569421295015772e-009 8.7149951762821045e-011 -5.1852765711918442e-011 8.7149951762821058e-011 1.3620094338386494e-010</rotation_covariance>
        <location_covariance>2.2673583460137693e-006 9.0609221092621412e-007 -6.1078038350919537e-007 9.0609221092621412e-007 4.7368264514102583e-006 -5.5344031543261286e-007 -6.1078038350919537e-007 -5.5344031543261286e-007 4.7418272373794384e-007</location_covariance>
      </camera>
      <camera id="37" sensor_id="0" label="DSC00606.JPG">
        <transform>9.9999337935844013e-001 6.9731184342949814e-005 -3.6381831796469745e-003 1.3093316608382487e+001 2.4247569840345046e-005 -9.9992186809057548e-001 -1.2500285049118156e-002 1.2853005543227683e+001 -3.6387705811294119e-003 1.2500114072110708e-002 -9.9991524965711076e-001 4.2223918295945101e-002 0 0 0 1</transform>
        <rotation_covariance>1.0120844639990095e-008 1.1943211114429556e-012 -2.1559339781397333e-011 1.1943211114429560e-012 4.8966816943750240e-009 9.9327626770904434e-011 -2.1559339781397336e-011 9.9327626770904447e-011 1.3892220578505910e-010</rotation_covariance>
        <location_covariance>2.3352961254883223e-006 6.7275169673896038e-007 -5.6928239648249324e-007 6.7275169673896038e-007 4.8775602533844516e-006 -5.3891868165389868e-007 -5.6928239648249324e-007 -5.3891868165389868e-007 3.8544859071025070e-007</location_covariance>
      </camera>
      <camera id="38" sensor_id="0" label="DSC00607.JPG">
        <transform>9.9999336332541211e-001 2.1991756192743717e-005 -3.6431883691877957e-003 1.2060424083152181e+001 -1.9481017094272827e-005 -9.9993520884870768e-001 -1.1383221212876314e-002 1.2716782908905833e+001 -3.6432026598445830e-003 1.1383216639156259e-002 -9.9992857217569564e-001 6.8230171985343299e-002 0 0 0 1</transform>
        <rotation_covariance>1.0176650547017002e-008 3.5857381164748797e-010 -4.0497247779243489e-011 3.5857381164748802e-010 5.0846481576928732e-009 1.1234568643553653e-010 -4.0497247779243483e-011 1.1234568643553653e-010 1.3795124939046688e-010</rotation_covariance>
        <location_covariance>2.3585376567699379e-006 7.4494440168823690e-007 -5.0317629508165958e-007 7.4494440168823690e-007 4.8908712810899392e-006 -5.1086909558565591e-007 -5.0317629508165958e-007 -5.1086909558565591e-007 3.3202538340753298e-007</location_covariance>
      </camera>
      <camera id="39" sensor_id="0" label="DSC00608.JPG">
        <transform>9.9999731365168398e-001 -2.1276548253315540e-004 -2.3081205050186912e-003 1.0633203915761143e+001 -2.3623075561096448e-004 -9.9994824721291653e-001 -1.0170894299230985e-002 1.2565234093598020e+001 -2.3058370381162626e-003 1.0171412225717149e-002 -9.9994561126537684e-001 1.1436878171279143e-001 0 0 0 1</transform>
        <rotation_covariance>9.4998251641110680e-009 2.3121509728564357e-010 -4.3727931632396912e-011 2.3121509728564357e-010 4.4559272706479330e-009 9.2081513500651293e-011 -4.3727931632396912e-011 9.2081513500651319e-011 1.2488499333213596e-010</rotation_covariance>
        <location_covariance>2.0196961757945098e-006 5.8336096044551915e-007 -3.9706194927297740e-007 5.8336096044551915e-007 4.5991436999584813e-006 -4.8007466105275020e-007 -3.9706194927297740e-007 -4.8007466105275020e-007 2.6561490832506109e-007</location_covariance>
      </camera>
      <camera id="40" sensor_id="0" label="DSC00609.JPG">
        <transform>9.9999883135823564e-001 -3.5076528816773973e-004 -1.4880342321370438e-003 9.0622526315784881e+000 -3.6578715261905467e-004 -9.9994885733048189e-001 -1.0106875047346068e-002 1.2442874912190771e+001 -1.4844129891556201e-003 1.0107407539834553e-002 -9.9994781705392077e-001 1.6580929906292902e-001 0 0 0 1</transform>
        <rotation_covariance>8.7965484488112919e-009 1.0131005411511577e-010 -3.2367918958000274e-011 1.0131005411511576e-010 4.1326322380800618e-009 8.0244516174954743e-011 -3.2367918958000280e-011 8.0244516174954743e-011 1.1350576242486751e-010</rotation_covariance>
        <location_covariance>1.8306120661685748e-006 4.1375188867672832e-007 -3.1721221302153820e-007 4.1375188867672832e-007 4.2994289758665236e-006 -4.7061722976997875e-007 -3.1721221302153820e-007 -4.7061722976997875e-007 2.0777329038813896e-007</location_covariance>
      </camera>
      <camera id="41" sensor_id="0" label="DSC00610.JPG">
        <transform>9.9999912656110990e-001 -5.1228508734962647e-004 -1.2183763813430704e-003 8.2806868523594783e+000 -5.2506108569431509e-004 -9.9994464123951232e-001 -1.0508985071800580e-002 1.2376439884287194e+001 -1.2129253372013284e-003 1.0509615614869896e-002 -9.9994403682993882e-001 1.8110688102903524e-001 0 0 0 1</transform>
        <rotation_covariance>8.6134515269178442e-009 2.1390081005320076e-010 -2.7318080237291557e-011 2.1390081005320076e-010 3.9801348563806048e-009 7.9494123433345354e-011 -2.7318080237291553e-011 7.9494123433345354e-011 1.0864678177066212e-010</rotation_covariance>
        <location_covariance>1.7475212638584395e-006 4.0586209511308481e-007 -2.7136622437442894e-007 4.0586209511308481e-007 4.2154240005720100e-006 -4.5770398367382421e-007 -2.7136622437442894e-007 -4.5770398367382421e-007 1.8370957640177877e-007</location_covariance>
      </camera>
      <camera id="42" sensor_id="0" label="DSC00611.JPG">
        <transform>9.9999929213005267e-001 -8.4398473510272456e-004 -8.3870683829232373e-004 6.9162127583577835e+000 -8.5251522201084914e-004 -9.9994737797547073e-001 -1.0223233235000321e-002 1.2257672041874311e+001 -8.3003445104677112e-004 1.0223941008627198e-002 -9.9994738965260677e-001 1.9848918427985549e-001 0 0 0 1</transform>
        <rotation_covariance>8.4202265643161279e-009 1.9977637820590273e-010 -1.7452729584605397e-011 1.9977637820590275e-010 3.8424066881548774e-009 7.6021661257464394e-011 -1.7452729584605397e-011 7.6021661257464394e-011 1.0377061140440283e-010</rotation_covariance>
        <location_covariance>1.6686813071196765e-006 3.0341567512745403e-007 -1.9753709765022954e-007 3.0341567512745403e-007 4.1204455815300313e-006 -4.4381358102447663e-007 -1.9753709765022954e-007 -4.4381358102447663e-007 1.5048719433154723e-007</location_covariance>
      </camera>
      <camera id="43" sensor_id="0" label="DSC00612.JPG">
        <transform>9.9999949056910853e-001 -1.0084941756983495e-003 4.2438438000615902e-005 5.3458546177487047e+000 -1.0080414765284902e-003 -9.9995362820620581e-001 -9.5773320724854335e-003 1.2125927636422839e+001 5.2095153667950558e-005 9.5772844137909149e-003 -9.9995413540289557e-001 2.5768762378363130e-001 0 0 0 1</transform>
        <rotation_covariance>8.4494263563750292e-009 1.8263264888352112e-010 -1.0983971966716833e-011 1.8263264888352112e-010 3.7897047778396400e-009 7.0128660285436115e-011 -1.0983971966716833e-011 7.0128660285436102e-011 1.0360803754017060e-010</rotation_covariance>
        <location_covariance>1.6509083125857468e-006 1.8759037740628464e-007 -1.0837989196536821e-007 1.8759037740628464e-007 4.1357344873270457e-006 -4.1823729571166210e-007 -1.0837989196536821e-007 -4.1823729571166210e-007 1.2328799976214186e-007</location_covariance>
      </camera>
      <camera id="44" sensor_id="0" label="DSC00613.JPG">
        <transform>9.9999865643371533e-001 -1.2920041398450752e-003 1.0088885305236230e-003 4.5175308166708605e+000 -1.2816417657757872e-003 -9.9994710578967483e-001 -1.0205048615129213e-002 1.2065202885475845e+001 1.0220201312195621e-003 1.0203741870292226e-002 -9.9994741818092403e-001 2.7970224282365141e-001 0 0 0 1</transform>
        <rotation_covariance>8.8703285781123062e-009 5.6235081505455139e-011 1.4177073722628502e-012 5.6235081505455119e-011 3.9092144962454406e-009 7.2597966121816732e-011 1.4177073722628480e-012 7.2597966121816719e-011 1.0665035399472694e-010</rotation_covariance>
        <location_covariance>1.7152009665803789e-006 7.6564692094997278e-008 -6.4975732747680330e-008 7.6564692094997278e-008 4.3172146522659312e-006 -4.0732896182175671e-007 -6.4975732747680330e-008 -4.0732896182175671e-007 1.1517050437532176e-007</location_covariance>
      </camera>
      <camera id="45" sensor_id="0" label="DSC00614.JPG">
