# Cameras (601)
# PhotoID, X, Y, Z, Omega, Phi, Kappa, r11, r12, r13, r21, r22, r23, r31, r32, r33
DSC00627.JPG	2693784.7824578900000000	1256204.4218481611000000	583.8162887580425600	2.4733169321745940	0.8534889477598285	148.9479565627641200	-0.8566040754370600	0.5147852386316730	0.0350087993446115	-0.5157592246511423	-0.8562326163751732	-0.0292938362557459	0.0148956413716390	-0.0431493307278023	0.9989575842476348
DSC00628.JPG	2693784.6528813262000000	1256204.9649251602000000	583.7966707668485900	2.5932116153496207	0.5469280251286638	147.3956699851783300	-0.8423732979621513	0.5379188250527693	0.0324124132735685	-0.5388099009470470	-0.8417817101981845	-0.0329764009141983	0.0095455498428403	-0.0452425687784017	0.9989304242280989
DSC00629.JPG	2693783.4956250340000000	1256206.2950814236000000	583.7873660610954400	2.8122039329363848	0.3960762046557324	146.0554310991730900	-0.8295583570095079	0.5574367625329727	0.0331238296765975	-0.5583772432727824	-0.8287685084527672	-0.0368458083377737	0.0069127788025983	-0.0490613409288267	0.9987718449753638
DSC00630.JPG	2693781.7817465886000000	1256207.8704741248000000	583.7774699858454100	3.0041727053809537	0.1751497480853340	144.7124788475102300	-0.8162596124260364	0.5767551913428225	0.0327672760723426	-0.5776771592077511	-0.8152342024194818	-0.0410157888517857	0.0030569350270069	-0.0524084388679540	0.9986210545966197
DSC00631.JPG	2693779.9649416562000000	1256209.3816851887000000	583.7608545635320100	2.9710745848817171	-0.0158665468802240	144.2857595985801100	-0.8119384362419588	0.5829700337501905	0.0300319080689890	-0.5837430077237312	-0.8108387044899476	-0.0422456652772247	-0.0002769234804426	-0.0518317957470655	0.9986557906821653
DSC00632.JPG	2693778.2169879209000000	1256210.7005722080000000	583.7936955389491200	2.9742428706013455	-0.1351034872197668	144.3021866537592600	-0.8121035390257719	0.5828235682327383	0.0283642418244388	-0.5835085961191154	-0.8109404666198897	-0.0435118128031299	-0.0023579984977653	-0.0518868760938101	0.9986501849658421
DSC00633.JPG	2693776.6021058261000000	1256211.8712982372000000	583.8238797335844800	3.0673300180022185	-0.2957356629114042	144.3128959372194800	-0.8122040283988713	0.5827469899218595	0.0270289102565729	-0.5833506447900242	-0.8108901046777425	-0.0464678744810118	-0.0051615381145986	-0.0535087270707546	0.9985540419284074
DSC00634.JPG	2693775.2568087876000000	1256213.0190366553000000	583.8604093120062500	3.1330080046223010	-0.4045153306308819	144.3420830300803700	-0.8124916616034179	0.5823868075432572	0.0261324745190759	-0.5829300603817195	-0.8110725547622912	-0.0485165499055273	-0.0070600657420457	-0.0546526971973359	0.9984804645864507
DSC00635.JPG	2693773.9240265749000000	1256214.1565108008000000	583.8755945491178600	3.1896252881409373	-0.4711421629692423	144.3545107222191500	-0.8126108613721040	0.5822373499539738	0.0257537628058692	-0.5827486354092344	-0.8111128088295792	-0.0500003928111212	-0.0082228893196056	-0.0556388324029623	0.9984170994229179
DSC00636.JPG	2693772.5695477482000000	1256215.2845125797000000	583.8689096271216400	3.2358436734968117	-0.5716112283308651	144.3849384470696300	-0.8129072519272377	0.5818660341314857	0.0247733342165175	-0.5823077129442047	-0.8113236544351893	-0.0516880566438672	-0.0099763324822413	-0.0564432996734484	0.9983559619254936
DSC00637.JPG	2693771.1291318648000000	1256216.4628999226000000	583.7943505305247500	3.3290709509766678	-0.6686513384093100	144.3880116774566300	-0.8129235820281926	0.5818613942827100	0.0243427119654520	-0.5822534355054938	-0.8112124178777777	-0.0539939804324522	-0.0116699025061033	-0.0580666076525144	0.9982445003360784
DSC00638.JPG	2693769.6928088684000000	1256217.6524957884000000	583.7507153358496900	3.3326681683031345	-0.7228674130926689	144.4136396525365500	-0.8131745939601374	0.5815416906668571	0.0235868979329427	-0.5818830760727701	-0.8114371980682560	-0.0546054884716627	-0.0126160817156713	-0.0581286126401747	0.9982293818930957
DSC00639.JPG	2693768.2033430506000000	1256218.7807767605000000	583.7807104353102000	3.3221775780421550	-0.7813328011068418	144.4304191054670800	-0.8133340724733212	0.5813564324469323	0.0226359229221584	-0.5816371162077600	-0.8115830628923419	-0.0550563082289888	-0.0136364072791433	-0.0579450643183753	0.9982266365498653
DSC00640.JPG	2693766.7283620629000000	1256219.9664996311000000	583.8234406872858200	3.3209794903453527	-0.7825557194102996	144.4131459010250800	-0.8131584499977791	0.5816025564287592	0.0226230314666614	-0.5818821195765019	-0.8114081934692518	-0.0550449133719271	-0.0136577492423506	-0.0579241739388452	0.9982275572028330
DSC00641.JPG	2693765.2131659277000000	1256221.2274766476000000	583.8533174382860100	3.2722209081101692	-0.8652018916846018	144.4396719445306000	-0.8134108822157653	0.5813128318703696	0.0209315120290313	-0.5814935298427306	-0.8116760495509213	-0.0552020410533162	-0.0151000478148759	-0.0570734797279960	0.9982557820857974
DSC00642.JPG	2693763.7301259004000000	1256222.3971339737000000	583.8402454666733100	3.3259630893176517	-0.9737595154243630	144.4435498376771200	-0.8134255015686368	0.5813274247451283	0.0199343582040874	-0.5814207948256511	-0.8115993429061844	-0.0570645769156105	-0.0169944915228282	-0.0580080324907424	0.9981714559255006
DSC00643.JPG	2693762.2486304920000000	1256223.5556905856000000	583.9032087573803000	3.2737663154508958	-0.9956670622078021	144.4287020662741800	-0.8132694585532284	0.5815734156339795	0.0191088987742740	-0.5816277459158724	-0.8114876136469564	-0.0565421796395371	-0.0173767938745987	-0.0570982935418813	0.9982173269930977
DSC00644.JPG	2693760.6928375829000000	1256224.6937926973000000	583.8654460876896300	3.3911156468353187	-1.1116821080605039	144.4461628893540400	-0.8134163779380272	0.5813831941703888	0.0186380696000605	-0.5813582250457617	-0.8114776574885881	-0.0593853986134217	-0.0194012956737865	-0.0591404509035062	0.9980611187663350
DSC00645.JPG	2693759.2557832133000000	1256225.8603320243000000	583.8182489141341900	3.3655840046507390	-1.1598841237837709	144.4531817919664100	-0.8134740218213247	0.5813322028099814	0.0176885781772855	-0.5812488799882167	-0.8115465482382163	-0.0595141962482971	-0.0202424142404700	-0.0586947188316972	0.9980707262749397
DSC00646.JPG	2693757.8486115374000000	1256226.9993836861000000	583.8273339416508600	3.4785754747577200	-1.2476577533705602	144.4321317446986900	-0.8132342415967595	0.5816698545759403	0.0176138744218284	-0.5815289851527321	-0.8111599306914020	-0.0619968246602491	-0.0217740148290798	-0.0606609192011187	0.9979209112749861
DSC00647.JPG	2693756.4314286839000000	1256228.2931028926000000	583.9174667985556700	3.4568206332491727	-1.2460018959602621	144.4338505628493300	-0.8132521980785027	0.5816507483894640	0.0174146265667786	-0.5815049544166312	-0.8112018747016471	-0.0616725746944726	-0.0217451215079451	-0.0602820485593380	0.9979444996151312
DSC00648.JPG	2693755.3167602643000000	1256229.1768934925000000	583.9066749824916100	3.4241973146346973	-1.3139623883029024	144.4511037858220600	-0.8134057096005588	0.5814738860074995	0.0161019092206197	-0.5812446323803059	-0.8113707956345557	-0.0619040331515767	-0.0229309598206147	-0.0597122423183552	0.9979522128834725
DSC00649.JPG	2693754.1867364496000000	1256230.0084799889000000	583.7983415566301300	3.4062250090414774	-1.3416830009092404	144.4440695490511600	-0.8133252227307237	0.5816018985018602	0.0155342759422752	-0.5813379709164765	-0.8113020677532384	-0.0619283330151376	-0.0234146458596421	-0.0593985396988182	0.9979597025135409
DSC00650.JPG	2693753.0852272902000000	1256230.8702370713000000	583.7666928795608800	3.3628780612835278	-1.3781177370508308	144.4205411734663800	-0.8130741549268120	0.5819769433475377	0.0146032873664583	-0.5816631311642683	-0.8110880833022266	-0.0616775726605687	-0.0240503728501210	-0.0586426341237949	0.9979892890351044
DSC00651.JPG	2693752.0503125787000000	1256231.8120774017000000	583.7812411382318500	3.3774646628487810	-1.3910746107506355	144.4251751162400700	-0.8131167513247744	0.5819184402553138	0.0145628845311502	-0.5815941908578257	-0.8111116723388916	-0.0620165474372608	-0.0242764469285710	-0.0588963826260148	0.9979688723793416
DSC00652.JPG	2693750.8995653167000000	1256232.6754282194000000	583.7704646137100300	3.4922047829750462	-1.4595031405302472	144.4127212098172200	-0.8129661576966751	0.5821235161566282	0.0147728933303055	-0.5817536301194998	-0.8108170305559599	-0.0643308386638927	-0.0254703804975316	-0.0608929790522631	0.9978192746281520
DSC00653.JPG	2693750.0660945103000000	1256233.1899197537000000	583.6774325475742000	3.3471689443199466	-1.4492910002537738	144.3627432643398300	-0.8124620732262331	0.5828577691105432	0.0134981686317797	-0.5824651784135763	-0.8104752240779789	-0.0621629076812771	-0.0252922024460497	-0.0583672180528676	0.9979747353276021
DSC00654.JPG	2693752.2820442952000000	1256235.6066371209000000	583.8686570282227400	3.1956743629896125	-1.3105799481100158	144.4065659899082400	-0.8129547437089764	0.5821615224939872	0.0138761092729672	-0.5818775292232180	-0.8111608698964258	-0.0586223859456212	-0.0228719405856949	-0.0557315429210169	0.9981837854110270
DSC00655.JPG	2693752.7478204835000000	1256235.1377607859000000	583.8252408328804700	3.0875192021105744	-1.1940956139293950	144.3779737181380100	-0.8127003874163031	0.5825024634237054	0.0144554625905008	-0.5823090245390671	-0.8110432173389353	-0.0559025898225563	-0.0208393913958816	-0.0538496027267019	0.9983315782105792
DSC00656.JPG	2693754.0567056127000000	1256233.8354869743000000	583.8113452183832800	3.0405035999762258	-1.1931643940156396	144.3472089292289400	-0.8123878763811668	0.5829488563848939	0.0140203119951890	-0.5827455148375386	-0.8107764229933432	-0.0552200765560138	-0.0208231420691044	-0.0530303946587650	0.9983757679334498
DSC00657.JPG	2693755.8550671171000000	1256232.4085117688000000	583.8050710263032700	3.0325074215550347	-1.1261391768843545	144.3236831167737400	-0.8121677627415487	0.5832334073444556	0.0149103226244144	-0.5830928419298928	-0.8105807767978636	-0.0544200512301602	-0.0196535710116215	-0.0528923136490412	0.9984068010101607
DSC00658.JPG	2693757.6265771557000000	1256230.9791437655000000	583.7892537466442500	3.0198872113772839	-1.0563582421595874	144.3043839239832700	-0.8119901479899139	0.5834575811785310	0.0157876702719359	-0.5833799085629580	-0.8104336744070525	-0.0535270181511979	-0.0184358849093851	-0.0526736210297142	0.9984415895760884
DSC00659.JPG	2693759.1673300024000000	1256229.6500278309000000	583.7907655684568900	3.0505215280662981	-1.0518206748738888	144.3032386075352300	-0.8119796695053011	0.5834618340100266	0.0161649176836111	-0.5833969898547300	-0.8103957349807703	-0.0539138660589050	-0.0183567028221859	-0.0532075274621311	0.9984147387147611
DSC00660.JPG	2693760.6723038554000000	1256228.3562840084000000	583.8336823062352300	3.1414415244005598	-1.1624271287094823	144.2988513023619500	-0.8119047047478238	0.5835833875015508	0.0155299787689404	-0.5834373973298662	-0.8102027602690572	-0.0563230916174953	-0.0202867889351827	-0.0547897534637260	0.9982918055909723
DSC00661.JPG	2693762.1792637426000000	1256227.0159155573000000	583.8851973883888600	3.2018176863046603	-1.2634503460355000	144.2941311595885700	-0.8118263296699462	0.5837133877043307	0.0147204439252873	-0.5834824988079198	-0.8100374188735166	-0.0582026941781681	-0.0220495813903455	-0.0558396009966533	0.9981962507047626
DSC00662.JPG	2693763.8075360097000000	1256225.6831468665000000	583.8780331141485900	3.2660968704897448	-1.2697019537892140	144.2845526371869200	-0.8117268154076102	0.5838369520561947	0.0152967500454244	-0.5836168012275358	-0.8098703926690286	-0.0591724294165140	-0.0221586658704500	-0.0569592880208864	0.9981305691316120
DSC00663.JPG	2693765.1888449434000000	1256224.5399693982000000	583.8817415537449700	3.3952522602678190	-1.2851566816473217	144.2635905662965000	-0.8115083595870355	0.5841101589370948	0.0164165936430433	-0.5839102260811458	-0.8095119796521315	-0.0611490202501462	-0.0224283347180358	-0.0592087580191425	0.9979936336348074
DSC00664.JPG	2693767.5655263867000000	1256222.6833618172000000	583.8400519681264300	3.4045997970007607	-1.3167671778569205	144.1734464188310800	-0.8105785265210604	0.5854069067021327	0.0161618664883577	-0.5851789269541254	-0.8085628348954406	-0.0615773129867397	-0.0229798997335681	-0.0593708313171508	0.9979714568047252
DSC00665.JPG	2693769.6517663449000000	1256221.0253464268000000	583.9222048270289600	3.4911619224356190	-1.2859754622624224	144.1525543342062600	-0.8103749889859688	0.5856500590465879	0.0175038728491428	-0.5854816017301183	-0.8082745369053831	-0.0624785325205665	-0.0224426215386223	-0.0608792356154102	0.9978928035662738
DSC00666.JPG	2693771.0868205894000000	1256219.9007548355000000	583.9381740250629500	3.4619268419138107	-1.2458371136339010	143.9382835178802200	-0.8081922946434701	0.5886434716248800	0.0180021718781805	-0.5885171956785739	-0.8061353527745614	-0.0615897994611207	-0.0217422461937488	-0.0603709890629849	0.9979391857272704
DSC00667.JPG	2693772.5917451773000000	1256218.6625388886000000	583.9519659490134700	3.4239911839741626	-1.1703387763606583	143.9057089887485000	-0.8078800216700832	0.5890499261377578	0.0187097595775142	-0.5889929509836311	-0.8058875069259447	-0.0602713022281712	-0.0204248446246239	-0.0597118974559336	0.9980066708315493
DSC00668.JPG	2693774.1192150172000000	1256217.5780035218000000	584.0015361852233600	3.4482026408396962	-1.1308049793713282	143.9249471325840700	-0.8080889399581092	0.5887378148385432	0.0194948838549181	-0.5887298152235342	-0.8060841351686483	-0.0602127203859474	-0.0197349888331019	-0.0601344527583847	0.9979951792504846
DSC00669.JPG	2693775.6241874620000000	1256216.4471756534000000	583.9203256306566300	3.4967334386113080	-1.1573818017593387	143.9276678059083300	-0.8081094087212142	0.5887056786047794	0.0196165112784055	-0.5886859893512473	-0.8060441441577818	-0.0611689758823285	-0.0201987494116017	-0.0609791902818990	0.9979346415846939
DSC00670.JPG	2693777.2957638633000000	1256215.1530964053000000	583.8284101149075700	3.4761178110978546	-1.0601518142817452	143.9262520917859500	-0.8081214038111595	0.5886494673828620	0.0207750150939607	-0.5887252921288125	-0.8061121288875519	-0.0598812664213422	-0.0185020839400705	-0.0606221099125778	0.9979892948722557
DSC00671.JPG	2693778.7495651599000000	1256214.0126796423000000	583.8301564829679400	3.4614381331235533	-1.0124364662109844	143.9115318859408300	-0.8079822955971874	0.5888212324840557	0.0213111749431373	-0.5889417638750037	-0.8060057955125720	-0.0591798645144272	-0.0176694302482734	-0.0603673237447578	0.9980198281890983
DSC00672.JPG	2693780.1345606074000000	1256212.8777509644000000	583.8475731071112000	3.4848514217356734	-1.0109743964620768	143.8907134949454000	-0.8077686145956685	0.5891040359077376	0.0215939841485927	-0.5892355704571468	-0.8057684610816981	-0.0594863819211815	-0.0176439162952829	-0.0607751758800204	0.9979955261495503
DSC00673.JPG	2693781.6985511370000000	1256211.6343368737000000	583.8290398912893100	3.4487453357164646	-0.9716395511703621	143.8826955957078400	-0.8076957444480236	0.5891969283209521	0.0217844912198532	-0.5893556037852350	-0.8057476785483677	-0.0585717577067463	-0.0169574964984198	-0.0601469714206107	0.9980454825013913
DSC00674.JPG	2693782.8651357219000000	1256210.5899674690000000	583.8201396616693700	3.5437756716513302	-1.0786798339508479	143.8940021495408500	-0.8077850252179087	0.5890942720196241	0.0212436274532360	-0.5891765077225832	-0.8056976339573712	-0.0610111906400360	-0.0188254025593983	-0.0618001724039935	0.9979109894721640
DSC00675.JPG	2693783.8510487676000000	1256209.6938177841000000	583.7846809339720300	3.6166177716335088	-1.1434838417631392	143.8932428327414600	-0.8077594978446914	0.5891350958790755	0.0210815664798584	-0.5891742886449911	-0.8055695746973054	-0.0627002226604569	-0.0199562331455750	-0.0630674173052538	0.9978097261668101
DSC00676.JPG	2693784.8612776399000000	1256208.8144051230000000	583.7508287149626100	3.7012927465253918	-1.2024797122716160	143.8793961364326900	-0.8076000615956589	0.5893516215315047	0.0211378028393228	-0.5893570576028130	-0.8052944655200490	-0.0644909486403600	-0.0209856895155404	-0.0645406073798890	0.9976943975158887
DSC00677.JPG	2693785.8457906581000000	1256208.0455455035000000	583.7542033615772000	3.7280386888359001	-1.1786651427881436	143.8738802175520600	-0.8075502955232291	0.5893973866762933	0.0217540979932866	-0.5894398948837195	-0.8052234626401259	-0.0646203182699957	-0.0205701366017589	-0.0650068903501934	0.9976727788644847
DSC00678.JPG	2693787.0027425364000000	1256207.2010246562000000	583.7276223779555300	3.7088068310881463	-1.1042069274213995	143.8522419208312900	-0.8073485344705860	0.5896408556477775	0.0226275327677297	-0.5897601021530661	-0.8050720315956138	-0.0635770858951271	-0.0192708535514824	-0.0646736831599097	0.9977203761124303
DSC00679.JPG	2693787.5919880774000000	1256206.7232407557000000	583.8030948714592800	3.8100117061653478	-1.0234833812376349	143.8834810869690800	-0.8076910983177539	0.5890853815806476	0.0247689908200408	-0.5893352452856279	-0.8053349934741581	-0.0641834632137176	-0.0178622048580012	-0.0664376511773312	0.9976306832408727
DSC00680.JPG	2693789.1385986134000000	1256209.4304275133000000	583.8069442755711400	3.7984727732460701	-0.8584995011790036	143.8521756321172200	-0.8074071608086040	0.5893762812054825	0.0270051074314781	-0.5898043607169895	-0.8051384223339599	-0.0623132165820850	-0.0149830822667615	-0.0662398674061096	0.9976912283927368
DSC00681.JPG	2693788.6068718061000000	1256209.6509028228000000	583.8202809745192800	3.7038941671574492	-0.8526832270636715	143.8637187257539300	-0.8075271935594458	0.5892525205236098	0.0261016995342913	-0.5896425783686889	-0.8053627841777633	-0.0609295957328296	-0.0148815804513461	-0.0645929788600479	0.9978007244160808
DSC00682.JPG	2693787.2345955949000000	1256210.8350464255000000	583.8416262558248500	3.7416015923809720	-0.8129683040423851	143.5465855496327700	-0.8042592618139652	0.5936472617624482	0.0273855507230191	-0.5941091872076689	-0.8020756371959547	-0.0609011156888506	-0.0141884975208365	-0.0652502936288493	0.9977680520639306
DSC00683.JPG	2693785.1181948707000000	1256212.5697240806000000	583.8318094459476700	3.9113366083263226	-0.8568668177144239	143.5197261119240000	-0.8039716867954179	0.5939813971281220	0.0285591788582009	-0.5944795093832260	-0.8015822908888741	-0.0637176887278837	-0.0149545897573013	-0.0682050643212734	0.9975592360587525
DSC00684.JPG	2693783.4883758686000000	1256213.7323443338000000	583.7700616950286300	3.9898644553016629	-1.0118865159758264	143.5391053260063100	-0.8041372274773918	0.5938219597358631	0.0271808668079720	-0.5941813272669062	-0.8015831915194023	-0.0664299435564063	-0.0176598333036099	-0.0695691541491542	0.9974208054169814
DSC00685.JPG	2693781.8079608176000000	1256214.9693121577000000	583.8106698951534100	3.9780580624845765	-1.0723522592491961	143.5367574888622900	-0.8040974424729103	0.5939192656518345	0.0262146694831439	-0.5942028713704113	-0.8015290252466885	-0.0668892318856506	-0.0187149850035524	-0.0693622921671397	0.9974159722811929
DSC00686.JPG	2693780.1482255533000000	1256216.2530039460000000	583.8351174436348900	4.0548336446476432	-1.0648517013759848	143.5034320094580100	-0.8037536573352410	0.5943422127818688	0.0271549705537611	-0.5946719176227293	-0.8010986181059058	-0.0678698346816479	-0.0185840983405056	-0.0706989262603068	0.9973245675879595
DSC00687.JPG	2693778.6897957530000000	1256217.5380707888000000	583.8668901116594700	3.8723949403547757	-0.9478621090824413	143.4807961904367300	-0.8035474784069201	0.5946313885485497	0.0269251127890731	-0.5950107508711308	-0.8011578107791193	-0.0640965566577643	-0.0165425600695124	-0.0675253580548293	0.9975804076493853
DSC00688.JPG	2693776.9811666496000000	1256218.7753754079000000	583.7864290490711000	3.9572768703272425	-1.0558527293139908	143.4953297832620900	-0.8036718927152108	0.5944921704627896	0.0262782822496567	-0.5947872999557692	-0.8011354042411619	-0.0664088238314437	-0.0184270635445939	-0.0690008936883564	0.9974463995620674
DSC00689.JPG	2693775.4976854734000000	1256219.9474532818000000	583.8088062378208200	3.9239523927183662	-1.0823836541471021	143.4879141101798700	-0.8035879597645629	0.5946365072147595	0.0255698104971193	-0.5948861718867641	-0.8010780903194454	-0.0662143164886745	-0.0188900349215755	-0.0684201541768405	0.9974777436529997
DSC00690.JPG	2693774.0577426925000000	1256221.1818185127000000	583.8589956283913100	3.8605461574375228	-1.0519416315623193	143.4738865312119500	-0.8034502430330157	0.5948318245360730	0.0253536484410957	-0.5950887840775507	-0.8010265491695484	-0.0650062042471949	-0.0183588135588946	-0.0673169224238041	0.9975627227999737
DSC00691.JPG	2693772.5609767232000000	1256222.3399630962000000	583.9170905556841300	3.8294425342215193	-1.0590989519831486	143.4796224023256700	-0.8035079639296311	0.5947720068462392	0.0249241203206045	-0.5950069783818389	-0.8011163022251170	-0.0646480161031184	-0.0184837111688231	-0.0667752213118952	0.9975968234914219
DSC00692.JPG	2693771.1725401618000000	1256223.4593207475000000	583.9076891233376000	3.8678575506521224	-1.0352163130543532	143.4663967877833400	-0.8033767176513342	0.5949174696184623	0.0256720446894044	-0.5951969714722718	-0.8009522041454175	-0.0649317474340072	-0.0180669501024465	-0.0674445773755327	0.9975594289548023
DSC00693.JPG	2693769.5782939736000000	1256224.8097860205000000	583.8855933904689000	3.7237183336855080	-0.9890396591316863	143.4497728210840000	-0.8032154279637963	0.5951705411140286	0.0248395505388173	-0.5954385184758866	-0.8009715215587965	-0.0624307005168759	-0.0172611412188437	-0.0649357270061825	0.9977401487170904
DSC00694.JPG	2693768.2554826047000000	1256225.7878340096000000	583.8644480375869500	3.7985518862233016	-1.0595607435364280	143.4446004883431800	-0.8031439975001833	0.5952753775141121	0.0246362376359922	-0.5954979208506391	-0.8007870115538726	-0.0642058283116475	-0.0184917695743649	-0.0662373539028430	0.9976325312488354
DSC00695.JPG	2693766.7940156851000000	1256226.8858727850000000	583.9221262474120500	3.7833897118905409	-1.0709722646479509	143.4525079883359000	-0.8032232009536042	0.5951819060328583	0.0243102484754837	-0.5953848667594918	-0.8008782980536270	-0.0641156154186182	-0.0186909037670166	-0.0659731038971190	0.9976463299579427
DSC00696.JPG	2693765.2472854499000000	1256228.1258459848000000	583.8925918294580700	3.7944154605657014	-1.1841460552831304	143.4447419534067500	-0.8031112699879590	0.5953907444452818	0.0228505896471165	-0.5954705817342177	-0.8007074267735728	-0.0654400718119697	-0.0206657762360798	-0.0661625130911527	0.9975948313589156
DSC00697.JPG	2693763.7896333877000000	1256229.3263206475000000	583.8758140949424800	3.7361622188568533	-1.1732314545588092	143.4536532358771100	-0.8032070226480093	0.5952791463937388	0.0223878680910491	-0.5953479990778668	-0.8008735323805818	-0.0645162392443187	-0.0204753208253432	-0.0651484689075014	0.9976654941592936
DSC00698.JPG	2693762.2654889449000000	1256230.4876825933000000	583.8819101521502300	3.7084566583393377	-1.2044695067301563	143.4466223886835500	-0.8031248737357282	0.5954164995612463	0.0216709306953676	-0.5954398202479971	-0.8008105833122298	-0.0644502142599951	-0.0210204103195823	-0.0646653052676560	0.9976855920803093
DSC00699.JPG	2693760.7698233780000000	1256231.6688689478000000	583.8556594290493000	3.7295333829408932	-1.2788085278219550	143.4622388586777800	-0.8032645471372074	0.5952579967055729	0.0208322987335863	-0.5952041612324707	-0.8008988414032895	-0.0655213880379515	-0.0223175662653429	-0.0650304789843750	0.9976336817885887
DSC00700.JPG	2693759.1751918346000000	1256232.9247686870000000	583.8540135730680700	3.7148601820389948	-1.2929731197280068	143.4285939708101400	-0.8029104408295786	0.5957463792159548	0.0205201281168502	-0.5956724412737678	-0.8005563685665572	-0.0654510768015051	-0.0225647227725358	-0.0647746277380820	0.9976447668822763
DSC00701.JPG	2693758.1145285629000000	1256233.8777452763000000	583.8249994668990400	3.5401332082678745	-1.2526519940761303	143.4172964606393400	-0.8028055237755501	0.5959291811690499	0.0192795753752632	-0.5958400630016731	-0.8006606383939300	-0.0625872307167132	-0.0218611600247271	-0.0617329179434347	0.9978532640246071
DSC00702.JPG	2693757.0022795312000000	1256234.7247761108000000	583.8356938337402700	3.6036905825913466	-1.2998857055504265	143.4081023955824900	-0.8026951583001367	0.5960774816784646	0.0192903778443580	-0.5959579332668082	-0.8004642043534803	-0.0639624837315180	-0.0226853392717211	-0.0628386297162004	0.9977658452750913
DSC00703.JPG	2693756.1205254495000000	1256235.5195261231000000	583.8618466852093400	3.5651799625606642	-1.2834571237112138	143.4111671332729800	-0.8027322245900972	0.5960331802062501	0.0191160586381649	-0.5959188491487653	-0.8005495239942592	-0.0632549196646127	-0.0223986792879606	-0.0621683820425582	0.9978143070934419
DSC00704.JPG	2693755.0260011870000000	1256236.4426665043000000	583.8779910583456300	3.5615447670255853	-1.2788165782321608	143.4196688159314300	-0.8028220937492705	0.5959115580110439	0.0191337611798640	-0.5958008104677774	-0.8006449655012913	-0.0631587956137208	-0.0223177067365113	-0.0621051869515496	0.9978200567836548
DSC00705.JPG	2693753.9887150675000000	1256237.2959886407000000	583.8667463083552300	3.5272144269341434	-1.2157474790917246	143.4085367859172200	-0.8027255584089901	0.5960241079849001	0.0196708052143055	-0.5959710631601096	-0.8006072275757384	-0.0620206338995221	-0.0212172041698130	-0.0615087786766587	0.9978810051268250
DSC00706.JPG	2693753.3331543263000000	1256237.6424786234000000	583.7785645880139800	3.4079729028241603	-1.2156042465077146	143.3524328968074400	-0.8021416427898334	0.5968474275077702	0.0184914353089275	-0.5967568359059298	-0.8001506090710531	-0.0603347462310638	-0.0212147048523081	-0.0594319028854081	0.9980069063976707
DSC00707.JPG	2693755.5184121970000000	1256239.9124243523000000	583.7839669187042100	3.4027920970696579	-1.1194468925725185	143.3776655590799600	-0.8024318176342566	0.5964167245470196	0.0197552202920656	-0.5964239195772960	-0.8004782427309160	-0.0592713343065571	-0.0195367910424932	-0.0593436904399251	0.9980464118470305
DSC00708.JPG	2693755.9276131298000000	1256239.5250445814000000	583.8247772611072200	3.3105605497644928	-1.0232945180458888	143.3315938962695700	-0.8019771411556026	0.5970135824787598	0.0201853263477213	-0.5970877024605942	-0.8001506172003574	-0.0569672306174002	-0.0178589090992679	-0.0577388268824728	0.9981719727762446
DSC00709.JPG	2693757.3519916087000000	1256238.1593657266000000	583.8587066709076200	3.2248681764448710	-1.0109936767470360	143.3006082228728800	-0.8016571733222889	0.5974661036549516	0.0194943952019319	-0.5975236035554626	-0.7999191406204463	-0.0556319302482026	-0.0176442527473529	-0.0562460972194297	0.9982610164143296
DSC00710.JPG	2693759.2399910837000000	1256236.5134158703000000	583.9215029582039700	3.1825336555087573	-0.9001693550848213	143.2837251566993500	-0.8015069273707955	0.5976299712345518	0.0206170526219248	-0.5977790835306278	-0.7998481269554965	-0.0538808045510300	-0.0157102727509370	-0.0555102809213995	0.9983345110944119
DSC00711.JPG	2693760.9793758541000000	1256235.0606360845000000	583.9943401206038500	3.1568254060900052	-0.8910361444249915	143.2954992251791900	-0.8016317493896663	0.5974677415130985	0.0204654885527015	-0.5976158534246400	-0.8000002641631778	-0.0534309748590220	-0.0155508876274731	-0.0550624662550082	0.9983618055113657
DSC00712.JPG	2693762.7855746653000000	1256233.7288396000000000	584.0117606629975200	3.1861860715074055	-0.9408264947246001	143.2740756977153800	-0.8013971041757463	0.5977949604067476	0.0200964357791027	-0.5979072437879508	-0.7997204480346094	-0.0543519348433864	-0.0164197821125694	-0.0555732877164838	0.9983195883321918
DSC00713.JPG	2693764.4371690340000000	1256232.5654845685000000	583.9817244645996700	3.1588745449632518	-0.9061827274122588	143.2703628671355900	-0.8013661680537424	0.5978295945736181	0.0202987820029780	-0.5979650021039052	-0.7997274488762566	-0.0536084300530371	-0.0158152128577984	-0.0550979433900971	0.9983556959703512
DSC00714.JPG	2693765.8986845370000000	1256231.4112473440000000	583.9741817115397000	3.1216666184667838	-0.8897867212112475	143.2835810394963700	-0.8015076926716525	0.5976456387829369	0.0201273205345236	-0.5977827917791162	-0.7999093105081250	-0.0529228572091710	-0.0155290837118462	-0.0544498430314751	0.9983957442582166
DSC00715.JPG	2693767.3907637838000000	1256230.2670928892000000	583.9207879686441600	3.1582735220111591	-0.8334686435210349	143.2495086353735000	-0.8011639074197082	0.5980648318145677	0.0213272219146819	-0.5982681671264131	-0.7995521937693916	-0.0528345496976724	-0.0145462590100462	-0.0550885322473432	0.9983755104987534
DSC00716.JPG	2693768.8542537130000000	1256229.1328909157000000	583.9273886805882500	3.1889814435934301	-0.8331483166155146	143.2431010181936100	-0.8010970608207509	0.5981424765656878	0.0216581825696405	-0.5983578094200633	-0.7994570604217772	-0.0532573041731728	-0.0145406688421507	-0.0556236125187556	0.9983459233552199
DSC00717.JPG	2693770.2206196506000000	1256228.0353640032000000	583.9037021065352100	3.1204450980528238	-0.8095910473491581	143.2532516039326300	-0.8012077767191551	0.5980083706623601	0.0212623409458580	-0.5982194029635851	-0.7996395423765362	-0.0520590836044527	-0.0141295591806744	-0.0544296875389998	0.9984176303890906
DSC00718.JPG	2693771.6416870579000000	1256226.8139673315000000	583.8612700305996000	3.1522362990619901	-0.8035283966031409	143.2300728790174600	-0.8009668976109592	0.5983152500304119	0.0217000118092377	-0.5985443702738882	-0.7993720344481130	-0.0524307863351246	-0.0140237564478926	-0.0549837441734441	0.9983887630235826
DSC00719.JPG	2693772.9919022694000000	1256225.7137421547000000	583.8631614128344200	3.2205351061041525	-0.8118766774350404	143.2358579229623400	-0.8010256819664955	0.5982148068476940	0.0222912919833607	-0.5984622658138324	-0.7993644722001887	-0.0534729556045618	-0.0141694469576187	-0.0561737078381882	0.9983204602333987
DSC00720.JPG	2693774.4751032609000000	1256224.4972073170000000	583.8560121007723200	3.2571068329430157	-0.7575911936380546	143.2420190044255400	-0.8011004268174582	0.5980713759980675	0.0234251011665787	-0.5983838925591605	-0.7994267099972551	-0.0534195888107700	-0.0132220754283572	-0.0568116586163707	0.9982973565860143
DSC00721.JPG	2693775.8782477807000000	1256223.3063093123000000	583.8652086787055900	3.3275964627506651	-0.7845041099716199	143.2442181817744100	-0.8011183296096539	0.5980332642331161	0.0237831207818049	-0.5983493610705504	-0.7993670242491388	-0.0546845741461077	-0.0136917518930853	-0.0580394298194021	0.9982203967643303
DSC00722.JPG	2693777.3801589236000000	1256221.9233220138000000	583.8418405905413200	3.4639189472135121	-0.8204293889982296	143.2074377786091200	-0.8007270284102657	0.5985182567418526	0.0247411058758483	-0.5988582475564622	-0.7988279365212184	-0.0569449485631096	-0.0143187047901898	-0.0604137747533337	0.9980707141847138
DSC00723.JPG	2693778.8565026410000000	1256220.6886490770000000	583.8148521248208500	3.5381229701625823	-0.8121875298869359	143.2078431651264900	-0.8007329066693060	0.5984729527557234	0.0256307822114370	-0.5988538095278777	-0.7987630675592596	-0.0578936673330529	-0.0141748718115188	-0.0617064560898398	0.9979936804839797
DSC00724.JPG	2693780.4479891267000000	1256219.4731440034000000	583.8421227184707000	3.5274458097447359	-0.7865419491981696	143.2054958524740600	-0.8007133724857838	0.5984883915986010	0.0258793401029075	-0.5988903538462663	-0.7987658159448393	-0.0574762154971039	-0.0137273155546233	-0.0615208614999442	0.9980113949289200
DSC00725.JPG	2693781.8557100277000000	1256218.3352651764000000	583.8604504129408500	3.6396157673331855	-0.7984879730851691	143.1914788206676700	-0.8005645250522209	0.5986425426714261	0.0268988351383775	-0.5990844972954476	-0.7984974054405291	-0.0591579124463017	-0.0139357930586205	-0.0634744012073625	0.9978861628779077
DSC00726.JPG	2693783.4425864182000000	1256217.1889015927000000	583.8669629923508600	3.5583008082045282	-0.7299228625435744	143.1849030698481300	-0.8005085415566764	0.5987123085352805	0.0270119696275194	-0.5991859372148605	-0.7985563461064457	-0.0573059747065906	-0.0127392126425570	-0.0620591145721414	0.9979911716842839
DSC00727.JPG	2693784.9394428264000000	1256216.0443944924000000	583.8498473868409100	3.5734671126892317	-0.7424515049576344	143.1821151596468300	-0.8004771361320281	0.5987549021077500	0.0269985505500845	-0.5992232041377920	-0.7985038493801216	-0.0576468051843854	-0.0129578606530748	-0.0623231074888558	0.9979719054764158
DSC00728.JPG	2693786.3054181803000000	1256214.8809932834000000	583.8685694186092400	3.6835216747363630	-0.8284589892198008	143.1842904066073700	-0.8004834112932706	0.5987488258626391	0.0269472034244662	-0.5991804823135738	-0.7983565915781676	-0.0600791336336015	-0.0144588332434430	-0.0642385881834434	0.9978298181200220
DSC00729.JPG	2693787.4487812165000000	1256213.8960324894000000	583.9155320338640000	3.7938294102425338	-0.8504463989681013	143.1692141620091800	-0.8003212210640548	0.5989261781625345	0.0278096426830779	-0.5993877225802515	-0.7980666637876339	-0.0618381611218775	-0.0148425447481148	-0.0661591510109976	0.9976986847755713
DSC00730.JPG	2693788.5497148503000000	1256213.0556593225000000	583.9345425254034600	3.8244156208064934	-0.8244572982223219	143.1720375830634600	-0.8003560633437434	0.5988477067694124	0.0284885234071859	-0.5993522575334804	-0.7980811841626085	-0.0619943132483101	-0.0143889978256438	-0.0666921853190088	0.9976698397560931
DSC00731.JPG	2693789.6811173335000000	1256212.1832271572000000	583.8627718225235400	3.8095589557653526	-0.7871475465397773	143.1556462241779000	-0.8001918946854731	0.5990487515824622	0.0288708314249243	-0.5995866928282181	-0.7979518179995628	-0.0613896891547182	-0.0137378842254920	-0.0664340980121377	0.9976962369169891
DSC00732.JPG	2693790.7584652994000000	1256211.2555835806000000	583.8258757434343800	3.8696053751919846	-0.7896741970353159	143.1513785433572800	-0.8001467466343449	0.5990799760362900	0.0294680532582535	-0.5996459296295457	-0.7978406382483825	-0.0622501007078066	-0.0137819784207870	-0.0674796137494304	0.9976254601798394
DSC00733.JPG	2693791.7475498151000000	1256210.4775733561000000	583.8079063465944500	3.8439883496257514	-0.7742777588638172	143.1450301484577200	-0.8000832351886268	0.5991670784490247	0.0294215715583037	-0.5997367821812055	-0.7978128101279118	-0.0617293454909239	-0.0135132849090576	-0.0670338130995462	0.9976591898200016
DSC00734.JPG	2693792.2494917791000000	1256210.0221739670000000	583.8271059534342800	3.9490936383285065	-0.7464447484460189	143.1962892863534200	-0.8006246255251464	0.5983714201690860	0.0308521073437557	-0.5990246171429660	-0.7982539408701922	-0.0629297540272568	-0.0130275500168776	-0.0688642825421093	0.9975409733592493
DSC00735.JPG	2693796.0821035393000000	1256210.7218472559000000	584.1242535624223800	3.7395983867441882	-0.6684336784694053	143.1953967425785900	-0.8006287540717533	0.5984215680146580	0.0297527324525002	-0.5990471602250724	-0.7985225732135756	-0.0591962827772666	-0.0116661038821053	-0.0652175360102489	0.9978028738267715
DSC00736.JPG	2693795.5960676242000000	1256211.1175362607000000	584.0031637226267100	3.7149434276188025	-0.7014411517616490	143.2158585091539700	-0.8008371223546585	0.5981789881436014	0.0290138174359624	-0.5987570735933543	-0.7987392876329706	-0.0592074084342259	-0.0122421517974763	-0.0647877190142714	0.9978239730454944
DSC00737.JPG	2693794.1899871398000000	1256212.4132473364000000	583.9443528104417300	3.6277626748482907	-0.6427885199568892	143.2654207808089400	-0.8013643859039246	0.5974793065649271	0.0288721185838560	-0.5980712878483760	-0.7993843691268429	-0.0574052702028720	-0.0112185407344730	-0.0632701242481314	0.9979333824065689
DSC00738.JPG	2693792.4058656488000000	1256213.9617999203000000	583.9099987898753200	3.5971550139988322	-0.6523123770355103	143.2775581179749300	-0.8014895554807274	0.5973336449837352	0.0284079042829818	-0.5979003929246087	-0.7995352389578483	-0.0570834635005177	-0.0113847527818746	-0.0627368969192899	0.9979651643063670
DSC00739.JPG	2693790.4445771407000000	1256215.3909049132000000	583.8574250372740800	3.6962792382805501	-0.7813928226564961	143.2635323447887300	-0.8013205797573489	0.5975956682205129	0.0276540373440304	-0.5980797173330164	-0.7992021841845171	-0.0598040175034832	-0.0136374547553959	-0.0644615088155444	0.9978270059028360
DSC00740.JPG	2693788.7042761277000000	1256216.7675632327000000	583.7976143415351100	3.6471392059051890	-0.8407941442729283	143.2773925508196300	-0.8014534721347391	0.5974786599027224	0.0262979650166738	-0.5978770800155212	-0.7993582960537833	-0.0597437170094614	-0.0146740994710100	-0.0636047599699875	0.9978672784062392
DSC00741.JPG	2693787.1914424617000000	1256217.8368551054000000	583.7951592501555100	3.6902645490074475	-0.9336895664793521	143.2816121111840200	-0.8014773763669811	0.5974834674068766	0.0254464407600825	-0.5978030448730188	-0.7992947160594743	-0.0613145693938381	-0.0162952358819355	-0.0643541999784031	0.9977940680484585
DSC00742.JPG	2693785.6539956499000000	1256219.0065684016000000	583.8229137067412500	3.6271152045993551	-0.9536212481486494	143.2993447330272300	-0.8016577601413688	0.5972813679458709	0.0244908780943611	-0.5975515409458184	-0.7995335456631828	-0.0606487037993153	-0.0166430621702096	-0.0632540659876382	0.9978586731685154
DSC00743.JPG	2693784.2090923302000000	1256220.0357214611000000	583.8350767581138100	3.6439682665617359	-0.9703243237536513	143.2863060126257700	-0.8015178319580490	0.5974709182316764	0.0244472272592689	-0.5977310316919487	-0.7993686553383859	-0.0610521630655264	-0.0169345447457962	-0.0635472637483205	0.9978351399225997
DSC00744.JPG	2693782.7161572669000000	1256221.2945385159000000	583.8485296606410200	3.6827669381129513	-1.0047351843159882	143.2892664244695300	-0.8015404170567969	0.5974438462429047	0.0243682254360115	-0.5976834297975560	-0.7993349416674060	-0.0619529561441138	-0.0175350383474249	-0.0642222828623301	0.9977815496460663
DSC00745.JPG	2693781.2413472142000000	1256222.5487319683000000	583.8761799907234700	3.6728647066719855	-1.0515157475737404	143.2932380971892300	-0.8015701006840538	0.5974345626383787	0.0236075635008320	-0.5976191098666733	-0.7993557917082979	-0.0623034331683743	-0.0183513817333056	-0.0640489002832244	0.9977780139695344
DSC00746.JPG	2693779.7503234707000000	1256223.8305003045000000	583.9802370479656000	3.5228814206329453	-1.0652542365752589	143.2882254076662900	-0.8015142625761698	0.5975760684166387	0.0218570204440497	-0.5976865876394206	-0.7994550617317073	-0.0603518618395267	-0.0185911226913195	-0.0614365260025765	0.9979378354535973
DSC00747.JPG	2693778.1915332098000000	1256225.0853907990000000	583.9903775999421200	3.6701282240173558	-1.2144678183999649	143.2867388904398100	-0.8014572253435169	0.5976722711573331	0.0213113170476786	-0.5976764118004425	-0.7991821804849029	-0.0639589647566683	-0.0211948748998208	-0.0639976459335215	0.9977249513733476
DSC00748.JPG	2693776.6266051885000000	1256226.3356708696000000	583.9061271719606300	3.5495151881905711	-1.2750860813981588	143.3100208890828400	-0.8016815935170027	0.5974434718933629	0.0191812540790165	-0.5973369600238395	-0.7995187368901150	-0.0629153840575819	-0.0222526134536424	-0.0618957773490213	0.9978345223236381
DSC00749.JPG	2693775.0938954428000000	1256227.5275206398000000	583.8501650597555700	3.4513193149773986	-1.2475672562721174	143.2981472528181300	-0.8015662643052006	0.5976179885495352	0.0185543442302065	-0.5975094015746837	-0.7995188314513041	-0.0612548217253528	-0.0217724357311857	-0.0601861937386737	0.9979496896765799
