<?xml version="1.0" encoding="UTF-8"?>
<document version="1.5.0">
  <chunk label="SonyA9" enabled="true">
    <sensors next_id="1">
      <sensor id="0" label="SonyA9" type="frame">
        <resolution width="6000" height="4000"/>
        <property name="pixel_width" value="0.006"/>
        <property name="pixel_height" value="0.006"/>
        <property name="focal_length" value="55"/>
        <property name="fixed" value="true"/>
        <property name="layer_index" value="0"/>
        <calibration type="frame" class="initial">
          <resolution width="6000" height="4000"/>
          <f>9227.77018581081</f>
          <cx>-37.8304617831239</cx>
          <cy>31.7622333680372</cy>
          <k1>-0.017282082281574</k1>
        </calibration>
      </sensor>
    </sensors>
    <cameras next_id="601" next_group_id="0">
      <camera id="0" sensor_id="0" label="DSC00627.JPG">
        <transform>9.7832918738631502e-001 2.0609226905284156e-001 1.9949379556374235e-002 -1.4506738576045853e+001 2.0548302834388055e-001 -9.7823403672296760e-001 2.8894540302894983e-002 2.8656184514162145e+001 2.5470103467813018e-002 -2.4169113209607088e-002 -9.9938337378405495e-001 1.6837593655973195e+000 0 0 0 1</transform>
        <rotation_covariance>1.9885713289161088e-008 1.4745854501567412e-009 2.8440724193292501e-010 1.4745854501567424e-009 6.1710423778567875e-009 -2.5557076574566530e-010 2.8440724193292506e-010 -2.5557076574566519e-010 3.1486105146755785e-010</rotation_covariance>
        <location_covariance>5.8016352335252484e-006 -3.2694598419018933e-006 -3.0735152857673891e-006 -3.2694598419018933e-006 6.2062468903017051e-006 1.4679227147162216e-006 -3.0735152857673891e-006 1.4679227147162216e-006 7.8194306862276644e-006</location_covariance>
      </camera>
      <camera id="1" sensor_id="0" label="DSC00628.JPG">
        <transform>9.8361166338012707e-001 1.7945274462133157e-001 1.7458754550377265e-002 -1.4235801187641167e+001 1.7902211338342042e-001 -9.8355905439346658e-001 2.3720654298807629e-002 2.8476716161683246e+001 2.1428452634591512e-002 -2.0206409094664191e-002 -9.9956616711910884e-001 1.6577248120235866e+000 0 0 0 1</transform>
        <rotation_covariance>1.9116344202801443e-008 1.1680493501784401e-009 1.9972821269127194e-010 1.1680493501784408e-009 5.9378983402890434e-009 -2.1799925879339354e-010 1.9972821269127199e-010 -2.1799925879339354e-010 2.9977702588186382e-010</rotation_covariance>
        <location_covariance>5.5771171016162500e-006 -3.1071280631494667e-006 -2.9884939080507938e-006 -3.1071280631494667e-006 5.8624072856473467e-006 1.4312147414504605e-006 -2.9884939080507938e-006 1.4312147414504605e-006 7.6589310938297497e-006</location_covariance>
      </camera>
      <camera id="2" sensor_id="0" label="DSC00629.JPG">
        <transform>9.8753585203586236e-001 1.5634599336702715e-001 1.8134809121685316e-002 -1.3212929969022907e+001 1.5600037721845134e-001 -9.8757173260830489e-001 1.9129957154464045e-002 2.8369784302071285e+001 2.0900317019207013e-002 -1.6062481474175678e-002 -9.9965252634972535e-001 1.6260421343845306e+000 0 0 0 1</transform>
        <rotation_covariance>1.9203523664429060e-008 8.8044269194102284e-010 1.8480411397927911e-010 8.8044269194102243e-010 5.6991891258246012e-009 -1.7872087465136364e-010 1.8480411397927906e-010 -1.7872087465136358e-010 2.8690867828227747e-010</rotation_covariance>
        <location_covariance>4.9807641174150936e-006 -2.8660200293561116e-006 -2.7400656445530512e-006 -2.8660200293561116e-006 5.8137458999195505e-006 1.4318260511379255e-006 -2.7400656445530512e-006 1.4318260511379255e-006 7.4616650041066370e-006</location_covariance>
      </camera>
      <camera id="3" sensor_id="0" label="DSC00630.JPG">
        <transform>9.9094827729081969e-001 1.3308628755375940e-001 1.7594084219273939e-002 -1.1854817713176065e+001 1.3284868764505103e-001 -9.9103672310234003e-001 1.4051322128666655e-002 2.8379520178992880e+001 1.9306421867982069e-002 -1.1586782458213551e-002 -9.9974647213527168e-001 1.5930583779652019e+000 0 0 0 1</transform>
        <rotation_covariance>1.9716514449641492e-008 9.6456544232920667e-010 1.3028094044569049e-010 9.6456544232920708e-010 5.6827360419101849e-009 -1.5398690876419924e-010 1.3028094044569056e-010 -1.5398690876419924e-010 2.7771942558237638e-010</rotation_covariance>
        <location_covariance>4.3120857305946132e-006 -2.4640879717158914e-006 -2.4072024813200840e-006 -2.4640879717158914e-006 5.9791237697318367e-006 1.4828095118710767e-006 -2.4072024813200840e-006 1.4828095118710767e-006 7.3188008253520024e-006</location_covariance>
      </camera>
      <camera id="4" sensor_id="0" label="DSC00631.JPG">
        <transform>9.9196131610841964e-001 1.2567774411230759e-001 1.4759809595429663e-002 -1.0478319609413481e+001 1.2550335325157141e-001 -9.9201812982175619e-001 1.2204033249567826e-002 2.8457720891501253e+001 1.6175774079260626e-002 -1.0253523286491073e-002 -9.9981658797658990e-001 1.5592230835634326e+000 0 0 0 1</transform>
        <rotation_covariance>1.9669939069449317e-008 9.8626061775008128e-010 6.1469651687219205e-011 9.8626061775008107e-010 5.6698316237752228e-009 -1.5325465857542501e-010 6.1469651687219127e-011 -1.5325465857542499e-010 2.7180660316241696e-010</rotation_covariance>
        <location_covariance>3.7294985695869564e-006 -2.1320548443968133e-006 -2.0797765063732998e-006 -2.1320548443968133e-006 5.9844915665221451e-006 1.5338632839392549e-006 -2.0797765063732998e-006 1.5338632839392549e-006 7.2287338879445566e-006</location_covariance>
      </camera>
      <camera id="5" sensor_id="0" label="DSC00632.JPG">
        <transform>9.9194849199703006e-001 1.2594442982191523e-001 1.3273651406101240e-002 -9.2070756743719286e+000 1.2580673286488497e-001 -9.9199656396972813e-001 1.0746303462891238e-002 2.8589103930677805e+001 1.4520853648511491e-002 -8.9898647979684415e-003 -9.9985415293443314e-001 1.5591168546928369e+000 0 0 0 1</transform>
        <rotation_covariance>1.9742213035560879e-008 1.1727862501989649e-009 2.9355432664178717e-011 1.1727862501989649e-009 5.6667208226774997e-009 -1.5472375600135899e-010 2.9355432664178710e-011 -1.5472375600135893e-010 2.6745942221046103e-010</rotation_covariance>
        <location_covariance>3.2631101714933059e-006 -1.8114937360832871e-006 -1.7882765771432639e-006 -1.8114937360832871e-006 6.0693520672623487e-006 1.5834869398039799e-006 -1.7882765771432639e-006 1.5834869398039799e-006 7.2125286486913209e-006</location_covariance>
      </camera>
      <camera id="6" sensor_id="0" label="DSC00633.JPG">
        <transform>9.9194272307614484e-001 1.2608596119783330e-001 1.2327389224865006e-002 -8.0515904648244963e+000 1.2599832772662387e-001 -9.9200097719922575e-001 7.6473947116371694e-003 2.8730849254849907e+001 1.3193011270257290e-002 -6.0325471071312909e-003 -9.9989477087792744e-001 1.5603401894863458e+000 0 0 0 1</transform>
        <rotation_covariance>1.9584658394941536e-008 1.1270048406576737e-009 2.2378286990510537e-011 1.1270048406576737e-009 5.5631960517796075e-009 -1.4500939901118513e-010 2.2378286990510540e-011 -1.4500939901118508e-010 2.6405844203170618e-010</rotation_covariance>
        <location_covariance>2.8857540402631610e-006 -1.5783622248391121e-006 -1.5257106004911895e-006 -1.5783622248391121e-006 6.0731350759783296e-006 1.6313726637034031e-006 -1.5257106004911895e-006 1.6313726637034031e-006 7.2218192314527806e-006</location_covariance>
      </camera>
      <camera id="7" sensor_id="0" label="DSC00634.JPG">
        <transform>9.9188976586037181e-001 1.2655981060782398e-001 1.1717795030139507e-002 -7.0203336811789789e+000 1.2650246599530798e-001 -9.9195096154527884e-001 5.5150690387955996e-003 2.8775073632719028e+001 1.2321464140376418e-002 -3.9880105702545417e-003 -9.9991613512990629e-001 1.5628894363336918e+000 0 0 0 1</transform>
        <rotation_covariance>1.9698203608595417e-008 1.0214086102015123e-009 2.5499961740161018e-011 1.0214086102015127e-009 5.5593481750075696e-009 -1.3935540379047343e-010 2.5499961740161108e-011 -1.3935540379047343e-010 2.6321176352382048e-010</rotation_covariance>
        <location_covariance>2.6327253130994565e-006 -1.3835937225654528e-006 -1.2794428251370637e-006 -1.3835937225654528e-006 6.1179971632499930e-006 1.6502263792363167e-006 -1.2794428251370637e-006 1.6502263792363167e-006 7.1907281587334250e-006</location_covariance>
      </camera>
      <camera id="8" sensor_id="0" label="DSC00635.JPG">
        <transform>9.9186754257595544e-001 1.2675025641964127e-001 1.1539084967647656e-002 -5.9987558646915735e+000 1.2671189958043949e-001 -9.9193149862496377e-001 3.9995675203769974e-003 2.8819327517913873e+001 1.1952928053494986e-002 -2.5049018321322107e-003 -9.9992542370806803e-001 1.5531633430522320e+000 0 0 0 1</transform>
        <rotation_covariance>1.9521938843560269e-008 1.0457519784334783e-009 2.3802707131935518e-011 1.0457519784334779e-009 5.5236919899793957e-009 -1.3719900830642921e-010 2.3802707131935466e-011 -1.3719900830642916e-010 2.6062648615971483e-010</rotation_covariance>
        <location_covariance>2.4030639062214594e-006 -1.1355497329746685e-006 -1.0323616664611071e-006 -1.1355497329746685e-006 6.0856377013946251e-006 1.6724325753462054e-006 -1.0323616664611071e-006 1.6724325753462054e-006 7.1597771243932470e-006</location_covariance>
      </camera>
      <camera id="9" sensor_id="0" label="DSC00636.JPG">
        <transform>9.9181170370938720e-001 1.2725098161894258e-001 1.0804261293558720e-002 -4.9719331980903982e+000 1.2723436229230103e-001 -9.9187020934133563e-001 2.2146948427511199e-003 2.8876884633099728e+001 1.0998247003747066e-002 -8.2188696946004552e-004 -9.9993917968277146e-001 1.5312193141425210e+000 0 0 0 1</transform>
        <rotation_covariance>1.9100623070306712e-008 1.0218023096552130e-009 4.1841741913012567e-012 1.0218023096552130e-009 5.4173219934296323e-009 -1.2223210309639759e-010 4.1841741913012535e-012 -1.2223210309639759e-010 2.5791648950907953e-010</rotation_covariance>
        <location_covariance>2.1968782423723851e-006 -8.9428592142418269e-007 -7.8928074308902648e-007 -8.9428592142418269e-007 5.9775545410308018e-006 1.7149268884878046e-006 -7.8928074308902648e-007 1.7149268884878046e-006 7.1356103911583113e-006</location_covariance>
      </camera>
      <camera id="10" sensor_id="0" label="DSC00637.JPG">
        <transform>9.9181173190942951e-001 1.2726193326704133e-001 1.0671869000019603e-002 -3.8891812656825517e+000 1.2727055750923816e-001 -9.9186802965380050e-001 -1.3016134309706839e-004 2.8949105466085694e+001 1.0568521093613750e-002 1.4873102644228113e-003 -9.9994304551312885e-001 1.4692070357802820e+000 0 0 0 1</transform>
        <rotation_covariance>1.9104117845458347e-008 9.0831546501363275e-010 4.4907272807094165e-012 9.0831546501363326e-010 5.5097776765761853e-009 -1.1289884077403390e-010 4.4907272807094278e-012 -1.1289884077403389e-010 2.5839571860221264e-010</rotation_covariance>
        <location_covariance>2.0958878191864308e-006 -6.6807348407665697e-007 -5.2945925566843317e-007 -6.6807348407665697e-007 5.9922878408588458e-006 1.7567376345274656e-006 -5.2945925566843317e-007 1.7567376345274656e-006 7.1027708684271915e-006</location_covariance>
      </camera>
      <camera id="11" sensor_id="0" label="DSC00638.JPG">
        <transform>9.9176239209290362e-001 1.2769858224585795e-001 1.0021463094755840e-002 -2.8033562577891580e+000 1.2771310846605211e-001 -9.9181081290457318e-001 -8.2056779620549923e-004 2.9014012860328247e+001 9.8346101142909176e-003 2.0936804836482591e-003 -9.9994944719517309e-001 1.4248354930913396e+000 0 0 0 1</transform>
        <rotation_covariance>1.9307832724696196e-008 8.8734445050932584e-010 -1.5675128313945800e-011 8.8734445050932584e-010 5.5982692738209402e-009 -1.0972571691754994e-010 -1.5675128313945767e-011 -1.0972571691754998e-010 2.5967547216999735e-010</rotation_covariance>
        <location_covariance>2.0422149480399111e-006 -4.1416234954259114e-007 -2.7021135723931760e-007 -4.1416234954259114e-007 6.0692704545953365e-006 1.7895136293499512e-006 -2.7021135723931760e-007 1.7895136293499512e-006 7.0856776781682033e-006</location_covariance>
      </camera>
      <camera id="12" sensor_id="0" label="DSC00639.JPG">
        <transform>9.9173362242866436e-001 1.2798715615937106e-001 9.1493170650509131e-003 -1.7183194010183616e+000 1.2800492726349560e-001 -9.9177256977429651e-001 -1.3814628316707349e-003 2.9124018688337493e+001 8.8972321981199594e-003 2.5412008037258788e-003 -9.9995718986249005e-001 1.4257832120421674e+000 0 0 0 1</transform>
        <rotation_covariance>1.9533089886856905e-008 9.1259336907758471e-010 -4.0169177536201775e-011 9.1259336907758460e-010 5.6593413200964308e-009 -1.0814799782776190e-010 -4.0169177536201788e-011 -1.0814799782776187e-010 2.6107339693139061e-010</rotation_covariance>
        <location_covariance>2.0366210581142995e-006 -1.4157009525162616e-007 -1.1997141152007140e-008 -1.4157009525162616e-007 6.1705061962228599e-006 1.8260674366467999e-006 -1.1997141152007140e-008 1.8260674366467999e-006 7.1332131410719401e-006</location_covariance>
      </camera>
      <camera id="13" sensor_id="0" label="DSC00640.JPG">
        <transform>9.9177239637768400e-001 1.2768850696183248e-001 9.1191541891355310e-003 -6.1649230211887174e-001 1.2770618313378312e-001 -9.9181108303556920e-001 -1.3807089526431085e-003 2.9203403951824647e+001 8.8681775279830233e-003 2.5339214015659239e-003 -9.9995746643027916e-001 1.4322874883881607e+000 0 0 0 1</transform>
        <rotation_covariance>1.9598643053453719e-008 1.0158575520724827e-009 -6.2489520073570028e-011 1.0158575520724827e-009 5.6210243455899608e-009 -1.0240734764848633e-010 -6.2489520073570002e-011 -1.0240734764848633e-010 2.6186679087260060e-010</rotation_covariance>
        <location_covariance>2.0478748090007165e-006 1.7048822562930981e-007 2.6813638353260614e-007 1.7048822562930981e-007 6.2006089597321291e-006 1.8464285059745825e-006 2.6813638353260614e-007 1.8464285059745825e-006 7.1737795068666085e-006</location_covariance>
      </camera>
      <camera id="14" sensor_id="0" label="DSC00641.JPG">
        <transform>9.9172545588337568e-001 1.2815858313240494e-001 7.4831625938187943e-003 5.3226766071446030e-001 1.2817489118474604e-001 -9.9175005404417005e-001 -1.7399922885858511e-003 2.9267064166427048e+001 7.1984319604746268e-003 2.6847481968118466e-003 -9.9997048691670398e-001 1.4295300299298117e+000 0 0 0 1</transform>
        <rotation_covariance>1.9580610386661501e-008 1.1014577501446924e-009 -1.0286042437587284e-010 1.1014577501446922e-009 5.6290486041536760e-009 -9.9391209048090354e-011 -1.0286042437587280e-010 -9.9391209048090367e-011 2.6322671446612784e-010</rotation_covariance>
        <location_covariance>2.1326534636465472e-006 4.8552925472918099e-007 5.5538597080125912e-007 4.8552925472918099e-007 6.1989708497573786e-006 1.8623724599841808e-006 5.5538597080125912e-007 1.8623724599841808e-006 7.2080191207533589e-006</location_covariance>
      </camera>
      <camera id="15" sensor_id="0" label="DSC00642.JPG">
        <transform>9.9172579021657348e-001 1.2819753572874493e-001 6.7341556553909806e-003 1.6304902420876468e+000 1.2822438244413803e-001 -9.9173821694161512e-001 -3.7170962168537945e-003 2.9358140496932524e+001 6.2019969472174473e-003 4.5498231331655712e-003 -9.9997041673407705e-001 1.4040848493673495e+000 0 0 0 1</transform>
        <rotation_covariance>1.9492850699793001e-008 1.4855675416181438e-009 -1.4297700964367869e-010 1.4855675416181442e-009 5.6309885902841613e-009 -9.8106381687681678e-011 -1.4297700964367874e-010 -9.8106381687681691e-011 2.6353033700489856e-010</rotation_covariance>
        <location_covariance>2.2362970983405207e-006 8.8387429565850920e-007 8.3130859226546206e-007 8.8387429565850920e-007 6.2241827996984494e-006 1.8830122876506422e-006 8.3130859226546206e-007 1.8830122876506422e-006 7.2529089477377581e-006</location_covariance>
      </camera>
      <camera id="16" sensor_id="0" label="DSC00643.JPG">
        <transform>9.9176225908588600e-001 1.2795933274564136e-001 5.8335766173381615e-003 2.7245451403421543e+000 1.2797996260920447e-001 -9.9177122845427479e-001 -3.3105257656844298e-003 2.9451102733632204e+001 5.3619607800453693e-003 4.0298354295020900e-003 -9.9997750464848179e-001 1.4232553748145624e+000 0 0 0 1</transform>
        <rotation_covariance>1.9564267600424282e-008 1.5252483479160487e-009 -1.5990256967205485e-010 1.5252483479160483e-009 5.6534218824289342e-009 -9.2706757878474384e-011 -1.5990256967205482e-010 -9.2706757878474384e-011 2.6736392336184640e-010</rotation_covariance>
        <location_covariance>2.4329894242154695e-006 1.1693387034862609e-006 1.1049905667407349e-006 1.1693387034862609e-006 6.2870752570909729e-006 1.9159858602109950e-006 1.1049905667407349e-006 1.9159858602109950e-006 7.3373198478493230e-006</location_covariance>
      </camera>
      <camera id="17" sensor_id="0" label="DSC00644.JPG">
        <transform>9.9173069066585740e-001 1.2820776741393783e-001 5.7450470977838692e-003 3.8410150875412756e+000 1.2824269096321547e-001 -9.9172350400547815e-001 -6.1890078049420729e-003 2.9585270278899380e+001 4.9040193653116619e-003 6.8745892844617965e-003 -9.9996434467246609e-001 1.3851796887141707e+000 0 0 0 1</transform>
        <rotation_covariance>1.9527948938307303e-008 1.6640462412190976e-009 -1.5733388676564675e-010 1.6640462412190970e-009 5.6248137232311219e-009 -8.2525322027946348e-011 -1.5733388676564677e-010 -8.2525322027946374e-011 2.6969131244657724e-010</rotation_covariance>
        <location_covariance>2.6488582236613103e-006 1.5038768289492875e-006 1.3904774604554918e-006 1.5038768289492875e-006 6.3429318232360077e-006 1.9528875457013191e-006 1.3904774604554918e-006 1.9528875457013191e-006 7.4195460635257446e-006</location_covariance>
      </camera>
      <camera id="18" sensor_id="0" label="DSC00645.JPG">
        <transform>9.9171883010951589e-001 1.2833736185060293e-001 4.8253040773675732e-003 4.9179476362323085e+000 1.2836699580494379e-001 -9.9170585168482006e-001 -6.4356912681654685e-003 2.9660403116514239e+001 3.9593426506427266e-003 7.0018060036681111e-003 -9.9996764863592547e-001 1.3394209375727057e+000 0 0 0 1</transform>
        <rotation_covariance>1.9409025419372322e-008 1.8727765748449437e-009 -1.8627519279993573e-010 1.8727765748449441e-009 5.6274158327069099e-009 -8.0067048743091826e-011 -1.8627519279993576e-010 -8.0067048743091800e-011 2.7119450855319571e-010</rotation_covariance>
        <location_covariance>2.9086594183432315e-006 1.8533654890545813e-006 1.6604933683414357e-006 1.8533654890545813e-006 6.3546966033633822e-006 1.9839558742841383e-006 1.6604933683414357e-006 1.9839558742841383e-006 7.4682433542868370e-006</location_covariance>
      </camera>
      <camera id="19" sensor_id="0" label="DSC00646.JPG">
        <transform>9.9177170366561218e-001 1.2791961569024585e-001 5.0457635565492294e-003 5.9718595166197259e+000 1.2796080416093547e-001 -9.9173908779042419e-001 -8.9226872131664119e-003 2.9733726715599019e+001 3.8626942275457815e-003 9.4949286609794081e-003 -9.9994746158137093e-001 1.3269322211235715e+000 0 0 0 1</transform>
        <rotation_covariance>1.9146446520525643e-008 1.9393090652823414e-009 -1.9229411022606781e-010 1.9393090652823418e-009 5.7179511910143094e-009 -6.1054181594835093e-011 -1.9229411022606779e-010 -6.1054181594835106e-011 2.7239860418170212e-010</rotation_covariance>
        <location_covariance>3.2552871040874013e-006 2.1686731166053986e-006 1.9248312436340699e-006 2.1686731166053986e-006 6.3170268915232047e-006 2.0030373365773758e-006 1.9248312436340699e-006 2.0030373365773758e-006 7.5455648709770238e-006</location_covariance>
      </camera>
      <camera id="20" sensor_id="0" label="DSC00647.JPG">
        <transform>9.9176778005080024e-001 1.2795918190600331e-001 4.8081409144298398e-003 7.0924750103920822e+000 1.2799703119433425e-001 -9.9173704618251424e-001 -8.6250353401191165e-003 2.9742706587712327e+001 3.6647590020739331e-003 9.1694599147406700e-003 -9.9995124408459468e-001 1.3572052178767502e+000 0 0 0 1</transform>
        <rotation_covariance>1.8976738421836438e-008 2.0231933330697186e-009 -1.9701269701743361e-010 2.0231933330697194e-009 5.8876026692518374e-009 -6.1494167754463211e-011 -1.9701269701743355e-010 -6.1494167754463224e-011 2.7358929484135983e-010</rotation_covariance>
        <location_covariance>3.7077974335734801e-006 2.4936435869532319e-006 2.2057587267009326e-006 2.4936435869532319e-006 6.2831034035536510e-006 1.9899414733298153e-006 2.2057587267009326e-006 1.9899414733298153e-006 7.6230695521231353e-006</location_covariance>
      </camera>
      <camera id="21" sensor_id="0" label="DSC00648.JPG">
        <transform>9.9173298854783698e-001 1.2826950183943273e-001 3.5516649391813329e-003 7.9197524766111824e+000 1.2829685454354886e-001 -9.9169482724564406e-001 -9.0159152870769935e-003 2.9809200526873994e+001 2.3657007857959501e-003 9.3970480522365639e-003 -9.9995304837162036e-001 1.3373775663446681e+000 0 0 0 1</transform>
        <rotation_covariance>1.8959134274202304e-008 2.0269765206455199e-009 -2.2054414117232569e-010 2.0269765206455195e-009 5.9658742777677012e-009 -5.9250183185070299e-011 -2.2054414117232569e-010 -5.9250183185070286e-011 2.7588919983301417e-010</rotation_covariance>
        <location_covariance>4.0580123059390072e-006 2.7245321812647716e-006 2.4051570075848058e-006 2.7245321812647716e-006 6.3195590977119996e-006 2.0026209445397894e-006 2.4051570075848058e-006 2.0026209445397894e-006 7.6962929521363030e-006</location_covariance>
      </camera>
      <camera id="22" sensor_id="0" label="DSC00649.JPG">
        <transform>9.9174967850221485e-001 1.2815488025353899e-001 2.9835981556987391e-003 8.7316852025211080e+000 1.2817709945548206e-001 -9.9170939999649899e-001 -9.1157629282165326e-003 2.9906918509903225e+001 1.7906328303334178e-003 9.4229839108993432e-003 -9.9995399944611540e-001 1.2624318337558602e+000 0 0 0 1</transform>
        <rotation_covariance>1.8856696232942124e-008 2.0614289888517569e-009 -2.2975808415946672e-010 2.0614289888517561e-009 5.9650578937456620e-009 -5.8335732003467277e-011 -2.2975808415946674e-010 -5.8335732003467290e-011 2.7883315079525504e-010</rotation_covariance>
        <location_covariance>4.3896015078153928e-006 2.9778919578910082e-006 2.5924036998007963e-006 2.9778919578910082e-006 6.3494959155980735e-006 2.0287034836675350e-006 2.5924036998007963e-006 2.0287034836675350e-006 7.7582119219014642e-006</location_covariance>
      </camera>
      <camera id="23" sensor_id="0" label="DSC00650.JPG">
        <transform>9.9180231310481981e-001 1.2776604035345440e-001 2.0026613115704407e-003 9.5443371041715555e+000 1.2777899396612546e-001 -9.9176187627399315e-001 -8.9949691769140982e-003 2.9978189314243178e+001 8.3691154506875117e-004 9.1771292836173111e-003 -9.9995753903712203e-001 1.2309538479038087e+000 0 0 0 1</transform>
        <rotation_covariance>1.8783290110535910e-008 2.0610171315633890e-009 -2.4563777969162813e-010 2.0610171315633894e-009 5.9412935809499620e-009 -5.7179616556398310e-011 -2.4563777969162813e-010 -5.7179616556398297e-011 2.8316141969489267e-010</rotation_covariance>
        <location_covariance>4.7552933868856453e-006 3.2134102810674360e-006 2.7846000789644182e-006 3.2134102810674360e-006 6.3736616333317698e-006 2.0405722200744136e-006 2.7846000789644182e-006 2.0405722200744136e-006 7.8375567329004777e-006</location_covariance>
      </camera>
      <camera id="24" sensor_id="0" label="DSC00651.JPG">
        <transform>9.9179283380636052e-001 1.2783948566945760e-001 2.0101527599373356e-003 1.0360912795603486e+001 1.2785278479905646e-001 -9.9174922082054040e-001 -9.3353318621915444e-003 2.9987494975377107e+001 8.0014340958184502e-004 9.5157188703552543e-003 -9.9995440439297256e-001 1.2232706411488588e+000 0 0 0 1</transform>
        <rotation_covariance>1.8815471111961713e-008 2.0088286046896363e-009 -2.3476774771913178e-010 2.0088286046896367e-009 5.9568695126995341e-009 -5.5164390207390524e-011 -2.3476774771913178e-010 -5.5164390207390530e-011 2.8704882198993938e-010</rotation_covariance>
        <location_covariance>5.1723030753150927e-006 3.4128480075412256e-006 2.9737960587661672e-006 3.4128480075412256e-006 6.3949410728499462e-006 2.0288821840215146e-006 2.9737960587661672e-006 2.0288821840215146e-006 7.8994022553865743e-006</location_covariance>
      </camera>
      <camera id="25" sensor_id="0" label="DSC00652.JPG">
        <transform>9.9182651557129264e-001 1.2756927626462161e-001 2.4985521864000935e-003 1.1195480947471932e+001 1.2758985226317365e-001 -9.9175900856425625e-001 -1.1614582691816930e-002 3.0077040963710672e+001 9.9629773111952445e-004 1.1838440985374054e-002 -9.9992942686264952e-001 1.2044643392284329e+000 0 0 0 1</transform>
        <rotation_covariance>1.8981276634793412e-008 2.0932474209205818e-009 -2.1454975493681492e-010 2.0932474209205818e-009 6.0131151213819225e-009 -4.0757448910452274e-011 -2.1454975493681487e-010 -4.0757448910452255e-011 2.9437390511021237e-010</rotation_covariance>
        <location_covariance>5.6291534226637842e-006 3.6777176417838721e-006 3.1733341730901115e-006 3.6777176417838721e-006 6.5069491279839951e-006 2.0483196465182887e-006 3.1733341730901115e-006 2.0483196465182887e-006 8.0117406594405496e-006</location_covariance>
      </camera>
      <camera id="26" sensor_id="0" label="DSC00653.JPG">
        <transform>9.9193153381988797e-001 1.2677149458385753e-001 9.0574538293573337e-004 1.1754894877059931e+001 1.2677431690368265e-001 -9.9188474075338529e-001 -9.6402092401760755e-003 3.0191649444383270e+001 -3.2370870913644962e-004 9.6772527901628578e-003 -9.9995312189677521e-001 1.1444618515726688e+000 0 0 0 1</transform>
        <rotation_covariance>1.9435052296232957e-008 2.0850360036728656e-009 -2.2317553168648633e-010 2.0850360036728652e-009 6.1357141887202899e-009 -6.0150517943252937e-011 -2.2317553168648633e-010 -6.0150517943252937e-011 3.0245426598190728e-010</rotation_covariance>
        <location_covariance>5.9754492744294154e-006 3.8561400201572823e-006 3.2980257342491734e-006 3.8561400201572823e-006 6.7084769612784799e-006 2.0678872691393496e-006 3.2980257342491734e-006 2.0678872691393496e-006 8.0966328855069732e-006</location_covariance>
      </camera>
      <camera id="27" sensor_id="0" label="DSC00654.JPG">
        <transform>9.9182577697601593e-001 1.2759645940101277e-001 8.7844991180770324e-004 1.1770881075105052e+001 1.2759944515885413e-001 -9.9180729619427821e-001 -6.0554777637950238e-003 2.8275036726740247e+001 9.8595509230293011e-005 6.1180686593834948e-003 -9.9998127958217531e-001 1.1592904188298125e+000 0 0 0 1</transform>
        <rotation_covariance>1.8319431458156947e-008 1.8887368024626164e-009 -2.1310241691749978e-010 1.8887368024626164e-009 5.9668064076376184e-009 -5.0687165643850105e-011 -2.1310241691749978e-010 -5.0687165643850079e-011 2.7569958168890385e-010</rotation_covariance>
        <location_covariance>5.9363492037307990e-006 3.2818222117472426e-006 2.9900989992612460e-006 3.2818222117472426e-006 5.4174692334973421e-006 1.4456777046547853e-006 2.9900989992612460e-006 1.4456777046547853e-006 6.9485872127487911e-006</location_covariance>
      </camera>
      <camera id="28" sensor_id="0" label="DSC00655.JPG">
        <transform>9.9188354128433665e-001 1.2714507431561836e-001 1.0819457100728672e-003 1.1385054475187530e+001 1.2714799069316354e-001 -9.9187830440891078e-001 -3.2890280624243606e-003 2.8291112464254692e+001 6.5497475894647078e-004 3.3999000250158882e-003 -9.9999400582597742e-001 1.1425969398754630e+000 0 0 0 1</transform>
        <rotation_covariance>1.8373950989877269e-008 1.9354425975733806e-009 -2.1693074807773077e-010 1.9354425975733802e-009 5.9315883906835658e-009 -6.0050525827232326e-011 -2.1693074807773077e-010 -6.0050525827232326e-011 2.7424305735295091e-010</rotation_covariance>
        <location_covariance>5.6985583854395416e-006 3.2137549590208910e-006 2.9111581110473953e-006 3.2137549590208910e-006 5.4380699502879930e-006 1.4679166897414802e-006 2.9111581110473953e-006 1.4679166897414802e-006 6.9147340842762577e-006</location_covariance>
      </camera>
      <camera id="29" sensor_id="0" label="DSC00656.JPG">
        <transform>9.9194988150442798e-001 1.2662995673746977e-001 5.3538772697170204e-004 1.0308211052558976e+001 1.2663094289480550e-001 -9.9194628714341293e-001 -2.6772605346123582e-003 2.8326579228796248e+001 1.9205448227883301e-004 2.7235049227459433e-003 -9.9999627281105985e-001 1.1582266802037560e+000 0 0 0 1</transform>
        <rotation_covariance>1.8797687956482035e-008 1.9709176652097555e-009 -2.4478576136671286e-010 1.9709176652097555e-009 5.9678552175690559e-009 -5.9362644468915897e-011 -2.4478576136671281e-010 -5.9362644468915884e-011 2.7167808438936042e-010</rotation_covariance>
        <location_covariance>5.1307447232230064e-006 2.9741305824699366e-006 2.7022753731963938e-006 2.9741305824699366e-006 5.5642687075495672e-006 1.5030782384132410e-006 2.7022753731963938e-006 1.5030782384132410e-006 6.8592371432716833e-006</location_covariance>
      </camera>
      <camera id="30" sensor_id="0" label="DSC00657.JPG">
        <transform>9.9200064161877455e-001 1.2622616263009098e-001 1.2972646692324043e-003 8.9727949783247229e+000 1.2622835777169369e-001 -9.9199961653792557e-001 -1.7783371080420101e-003 2.8220466282633137e+001 1.0624133854159076e-003 1.9278631409845955e-003 -9.9999757730781935e-001 1.1764479944696000e+000 0 0 0 1</transform>
        <rotation_covariance>1.8901266614014789e-008 2.0750372592987594e-009 -2.3513567987047005e-010 2.0750372592987602e-009 5.9745115181042468e-009 -5.4415974869833890e-011 -2.3513567987047005e-010 -5.4415974869833877e-011 2.6736772172572510e-010</rotation_covariance>
        <location_covariance>4.4746642386664131e-006 2.6714859854639230e-006 2.4156087046414780e-006 2.6714859854639230e-006 5.5345612307425282e-006 1.4939696082177206e-006 2.4156087046414780e-006 1.4939696082177206e-006 6.7168593771794273e-006</location_covariance>
      </camera>
      <camera id="31" sensor_id="0" label="DSC00658.JPG">
        <transform>9.9204114026631629e-001 1.2589764453549387e-001 2.0393919491571853e-003 7.6477857526546442e+000 1.2589946069004412e-001 -9.9204269340155737e-001 -7.8757002206468669e-004 2.8126324777577345e+001 1.9240106714586351e-003 1.0380602092631267e-003 -9.9999761030411372e-001 1.1894828546590079e+000 0 0 0 1</transform>
        <rotation_covariance>1.9042699701646178e-008 2.1044627848459470e-009 -2.2694821603988883e-010 2.1044627848459478e-009 5.8494023106261979e-009 -6.1462414176019263e-011 -2.2694821603988883e-010 -6.1462414176019276e-011 2.6195639112980210e-010</rotation_covariance>
        <location_covariance>3.8613962873847111e-006 2.3501199966317971e-006 2.1247348556295624e-006 2.3501199966317971e-006 5.5174375281392849e-006 1.4810909453290676e-006 2.1247348556295624e-006 1.4810909453290676e-006 6.5926174263388281e-006</location_covariance>
      </camera>
      <camera id="32" sensor_id="0" label="DSC00659.JPG">
        <transform>9.9204404912468269e-001 1.2586716887477301e-001 2.4617871057573564e-003 6.4614029750795767e+000 1.2587021822214167e-001 -9.9204607878904316e-001 -1.1250439964922731e-003 2.8080637012319901e+001 2.3006001423819702e-003 1.4259588819417427e-003 -9.9999633693341694e-001 1.2122595163256036e+000 0 0 0 1</transform>
        <rotation_covariance>1.9412253796185513e-008 2.0735637459270036e-009 -2.2599173288027574e-010 2.0735637459270044e-009 5.7630927042638967e-009 -5.7694034937622956e-011 -2.2599173288027574e-010 -5.7694034937622956e-011 2.6084449436197188e-010</rotation_covariance>
        <location_covariance>3.3929795452689763e-006 2.0473401303692352e-006 1.8651356805713178e-006 2.0473401303692352e-006 5.5920009967686610e-006 1.4862181182437764e-006 1.8651356805713178e-006 1.4862181182437764e-006 6.5222220633815207e-006</location_covariance>
      </camera>
      <camera id="33" sensor_id="0" label="DSC00660.JPG">
        <transform>9.9205901491648407e-001 1.2575522968298941e-001 2.1291149132850531e-003 5.3048538614459702e+000 1.2576230628148571e-001 -9.9205386523791073e-001 -3.6014976444632683e-003 2.8032871338798639e+001 1.6592895157778924e-003 3.8406606072233008e-003 -9.9999124800390271e-001 1.2585202035058145e+000 0 0 0 1</transform>
        <rotation_covariance>2.0219038380445794e-008 2.1828792781038451e-009 -2.3194031167118604e-010 2.1828792781038455e-009 5.6785263059683020e-009 -5.0030597618184444e-011 -2.3194031167118604e-010 -5.0030597618184451e-011 2.5869252821763114e-010</rotation_covariance>
        <location_covariance>2.9907789289402993e-006 1.7795012271329318e-006 1.6070434853471362e-006 1.7795012271329318e-006 5.8179461259928380e-006 1.4859767815818627e-006 1.6070434853471362e-006 1.4859767815818627e-006 6.4751845429661532e-006</location_covariance>
      </camera>
      <camera id="34" sensor_id="0" label="DSC00661.JPG">
        <transform>9.9207368099354931e-001 1.2564788445109501e-001 1.5558318913589124e-003 4.1290302046022891e+000 1.2565468784368164e-001 -9.9205838191129325e-001 -5.5737153186712568e-003 2.8003942164532191e+001 8.4315053034380552e-004 5.7250338436502747e-003 -9.9998325640216212e-001 1.3111479806904052e+000 0 0 0 1</transform>
        <rotation_covariance>2.0960131091254220e-008 2.2154028759732377e-009 -2.4676152496607423e-010 2.2154028759732377e-009 5.7015497783103027e-009 -5.0685198149119334e-011 -2.4676152496607423e-010 -5.0685198149119353e-011 2.5591451008865259e-010</rotation_covariance>
        <location_covariance>2.6805295721228080e-006 1.4997742234475917e-006 1.3388236232951089e-006 1.4997742234475917e-006 6.0339738987707798e-006 1.4784077553971178e-006 1.3388236232951089e-006 1.4784077553971178e-006 6.4516410506853105e-006</location_covariance>
      </camera>
      <camera id="35" sensor_id="0" label="DSC00662.JPG">
        <transform>9.9209671086761397e-001 1.2545556284030651e-001 2.2400977844798616e-003 2.9037037632540827e+000 1.2546762968630526e-001 -9.9207662110146988e-001 -6.4692939947625606e-003 2.7925285653094956e+001 1.4107397216713180e-003 6.6992250531237750e-003 -9.9997656482395891e-001 1.3279856206831657e+000 0 0 0 1</transform>
        <rotation_covariance>2.1232658666555405e-008 2.0625052043218730e-009 -2.5004060189152805e-010 2.0625052043218726e-009 5.7373544031648245e-009 -4.6256519069816755e-011 -2.5004060189152805e-010 -4.6256519069816742e-011 2.5308623052762306e-010</rotation_covariance>
        <location_covariance>2.4276190894836168e-006 1.1739471969035063e-006 1.0507497752385410e-006 1.1739471969035063e-006 6.0776258050307655e-006 1.4655622586378559e-006 1.0507497752385410e-006 1.4655622586378559e-006 6.3891899238559773e-006</location_covariance>
      </camera>
      <camera id="36" sensor_id="0" label="DSC00663.JPG">
        <transform>9.9214563743002715e-001 1.2503693587406670e-001 3.5775404663896770e-003 1.8593530764701851e+000 1.2506289777154347e-001 -9.9211407026665099e-001 -8.3032029918033469e-003 2.7863623460253333e+001 2.5111211736180412e-003 8.6854042026352947e-003 -9.9995912817689114e-001 1.3483428676211033e+000 0 0 0 1</transform>
        <rotation_covariance>2.1443043630663241e-008 2.0884850056242543e-009 -2.2541480962316019e-010 2.0884850056242543e-009 5.8083207795532090e-009 -2.5817658160176184e-011 -2.2541480962316021e-010 -2.5817658160176178e-011 2.5242129982801012e-010</rotation_covariance>
        <location_covariance>2.2645998343290993e-006 9.5117836687693054e-007 8.1645616303242130e-007 9.5117836687693054e-007 6.1325480775407534e-006 1.4567717044707987e-006 8.1645616303242130e-007 1.4567717044707987e-006 6.3512264620742000e-006</location_covariance>
      </camera>
      <camera id="37" sensor_id="0" label="DSC00664.JPG">
        <transform>9.9234279772283873e-001 1.2347056414170768e-001 3.2850567936384221e-003 1.0572114149084909e-001 1.2349513315478161e-001 -9.9230617360384021e-001 -8.7982904469100093e-003 2.7711894111161183e+001 2.1734522520040662e-003 9.1366086834162030e-003 -9.9995589827105591e-001 1.3520933933394135e+000 0 0 0 1</transform>
        <rotation_covariance>2.1646871040016060e-008 1.4278808605204645e-009 -1.7660960226667547e-010 1.4278808605204645e-009 5.7912179340505247e-009 5.7155796845620552e-012 -1.7660960226667547e-010 5.7155796845620511e-012 2.5459574031652922e-010</rotation_covariance>
        <location_covariance>2.0941518280998355e-006 3.6797454590021354e-007 3.8857613469838672e-007 3.6797454590021354e-007 6.1392173811027051e-006 1.4544393981090987e-006 3.8857613469838672e-007 1.4544393981090987e-006 6.2649821755823186e-006</location_covariance>
      </camera>
      <camera id="38" sensor_id="0" label="DSC00665.JPG">
        <transform>9.9238670237788185e-001 1.2307100401896036e-001 4.7075379253074057e-003 -1.4434415786374550e+000 1.2311133012832189e-001 -9.9234702628017857e-001 -9.5383345989693540e-003 2.7587282380715727e+001 3.4976188455160197e-003 1.0045267674462168e-002 -9.9994342802968605e-001 1.4254153708456025e+000 0 0 0 1</transform>
        <rotation_covariance>2.1687850305374026e-008 1.0809014504108644e-009 -1.3416875041221142e-010 1.0809014504108644e-009 5.7160036421040979e-009 -1.0284593070898630e-012 -1.3416875041221142e-010 -1.0284593070898731e-012 2.5167663254446891e-010</rotation_covariance>
        <location_covariance>2.0320923329159168e-006 -8.7055343781567764e-008 3.1086768174615145e-008 -8.7055343781567764e-008 6.1337744514758515e-006 1.4314816386491814e-006 3.1086768174615145e-008 1.4314816386491814e-006 6.2500170710295310e-006</location_covariance>
      </camera>
      <camera id="39" sensor_id="0" label="DSC00666.JPG">
        <transform>9.9283739476559285e-001 1.1937401994685506e-001 4.8734912330030871e-003 -2.5032211392530521e+000 1.1941296966484657e-001 -9.9280666099428627e-001 -8.6877247423421278e-003 2.7495977299318767e+001 3.8013459317375866e-003 9.2074560603960329e-003 -9.9995038503017897e-001 1.4517573151263190e+000 0 0 0 1</transform>
        <rotation_covariance>2.0839936173496484e-008 9.2254948574752701e-010 -1.3005526302319862e-010 9.2254948574752732e-010 5.5496616737740532e-009 -2.2960409606011259e-011 -1.3005526302319859e-010 -2.2960409606011249e-011 2.4659093240608588e-010</rotation_covariance>
        <location_covariance>1.9994249781809915e-006 -3.2479108660881288e-007 -1.9696832363434856e-007 -3.2479108660881288e-007 5.8522674564957908e-006 1.3764494945086897e-006 -1.9696832363434856e-007 1.3764494945086897e-006 6.2274031537657320e-006</location_covariance>
      </camera>
      <camera id="40" sensor_id="0" label="DSC00667.JPG">
        <transform>9.9289998185207295e-001 1.1883011158732365e-001 5.3880068947160971e-003 -3.6380291040586767e+000 1.1886774981900730e-001 -9.9288321831149196e-001 -7.3056723427883438e-003 2.7425412529769392e+001 4.4815277661962635e-003 7.8942621921559361e-003 -9.9995879741783478e-001 1.4794018356642453e+000 0 0 0 1</transform>
        <rotation_covariance>2.0504085524916876e-008 9.4483427646552360e-010 -1.1920648276939317e-010 9.4483427646552360e-010 5.4979165235230666e-009 -3.0837645930961798e-011 -1.1920648276939315e-010 -3.0837645930961818e-011 2.4510718012203654e-010</rotation_covariance>
        <location_covariance>2.0513851365872465e-006 -5.5089995551107653e-007 -4.4453259483610835e-007 -5.5089995551107653e-007 5.7455941226217655e-006 1.3458118670519967e-006 -4.4453259483610835e-007 1.3458118670519967e-006 6.2296017741162793e-006</location_covariance>
      </camera>
      <camera id="41" sensor_id="0" label="DSC00668.JPG">
        <transform>9.9285637257363701e-001 1.1915542480251913e-001 6.1812765712703490e-003 -4.7209720569706199e+000 1.1919851164207627e-001 -9.9284473197067513e-001 -7.1451396341861099e-003 2.7279316094912190e+001 5.2856657322547613e-003 7.8308963860736058e-003 -9.9995536840378907e-001 1.5230907926290773e+000 0 0 0 1</transform>
