<?xml version="1.0" encoding="UTF-8"?>
<document version="1.5.0">
  <chunk label="SonyA9" enabled="true">
    <sensors next_id="1">
      <sensor id="0" label="SonyA9" type="frame">
        <resolution width="6000" height="4000"/>
        <property name="pixel_width" value="0.006"/>
        <property name="pixel_height" value="0.006"/>
        <property name="focal_length" value="55"/>
        <property name="fixed" value="true"/>
        <property name="layer_index" value="0"/>
        <calibration type="frame" class="initial">
          <resolution width="6000" height="4000"/>
          <f>9227.77018581081</f>
          <cx>-37.8304617831239</cx>
          <cy>31.7622333680372</cy>
          <k1>-0.017282082281574</k1>
        </calibration>
      </sensor>
    </sensors>
    <cameras next_id="601" next_group_id="0">
      <camera id="0" sensor_id="0" label="DSC00002.JPG">
        <transform>9.9257106030561681e-01 -1.0659432168544597e-01 -5.8654418658825626e-02 -7.9133101950618858e+00 -1.0608258063068642e-01 -9.9428755114467815e-01 1.1779292230524596e-02 2.6429342628563546e+01 -5.9574963957345885e-02 -5.4695724821803293e-03 -9.9820884961331768e-01 2.3816902468143235e+00 0 0 0 1</transform>
        <rotation_covariance>1.8272152245907169e-08 -4.9388235286716504e-10 -2.8694369775684291e-10 -4.9388235286716442e-10 7.3171707108077128e-09 -2.5594947839085769e-11 -2.8694369775684271e-10 -2.5594947839085779e-11 2.7943069706639253e-10</rotation_covariance>
        <location_covariance>1.7273949461573407e-06 -4.6985686528428923e-08 2.4810414555107615e-07 -4.6985686528428923e-08 9.5198023266755766e-06 -2.7485823403585056e-06 2.4810414555107615e-07 -2.7485823403585056e-06 3.6729208566776775e-06</location_covariance>
      </camera>
      <camera id="1" sensor_id="0" label="DSC00003.JPG">
        <transform>9.9559969205717080e-01 -7.2954182827228709e-02 -5.8812756980763575e-02 -7.7512024577303418e+00 -7.2865543435258612e-02 -9.9733508255034176e-01 3.6531759042564005e-03 2.6279310887242268e+01 -5.8922540301242179e-02 6.4832269302073087e-04 -9.9826234724251428e-01 2.2658703316300008e+00 0 0 0 1</transform>
        <rotation_covariance>1.7767396250120888e-08 -1.0823305797908927e-10 -2.6136260408639074e-10 -1.0823305797908922e-10 7.0491882159909145e-09 3.9892650531562109e-11 -2.6136260408639079e-10 3.9892650531562103e-11 2.7167302035916690e-10</rotation_covariance>
        <location_covariance>1.6274011308722810e-06 -3.1614392695017950e-08 2.3022023736327191e-07 -3.1614392695017950e-08 9.2318692184551900e-06 -2.7164322232877507e-06 2.3022023736327191e-07 -2.7164322232877507e-06 3.5991668243396976e-06</location_covariance>
      </camera>
      <camera id="2" sensor_id="0" label="DSC00004.JPG">
        <transform>9.9762271666944025e-01 -4.2843282768841626e-02 -5.3975626968800788e-02 -6.5214818379996045e+00 -4.2888512288002813e-02 -9.9907981299138049e-01 3.2060385279236714e-04 2.6240538144120698e+01 -5.3939695019603960e-02 1.9950926539067382e-03 -9.9854220186554676e-01 2.1437035572907801e+00 0 0 0 1</transform>
        <rotation_covariance>1.8348667139059557e-08 1.7279128520981755e-11 -1.9638114698136395e-10 1.7279128520981548e-11 6.7371583372949692e-09 7.5615322438732016e-11 -1.9638114698136387e-10 7.5615322438732016e-11 2.5873256039667500e-10</rotation_covariance>
        <location_covariance>1.5268665627043250e-06 9.6261601247310526e-08 1.7141948955136554e-07 9.6261601247310526e-08 9.3645557713474316e-06 -2.8122538523728610e-06 1.7141948955136554e-07 -2.8122538523728610e-06 3.5298946312788297e-06</location_covariance>
      </camera>
      <camera id="3" sensor_id="0" label="DSC00005.JPG">
        <transform>9.9846124753817511e-01 -2.0947522896718876e-02 -5.1345286531506454e-02 -5.2368146897687931e+00 -2.1142769655050044e-02 -9.9977114393451694e-01 -3.2623683391779790e-03 2.6298134121639446e+01 -5.1265197315767300e-02 4.3429299278730793e-03 -9.9867563227697564e-01 2.0187916845397500e+00 0 0 0 1</transform>
        <rotation_covariance>1.8944344467266014e-08 3.4367677266826461e-10 -1.6296722402893354e-10 3.4367677266826461e-10 6.5357001401802181e-09 8.8642782783231389e-11 -1.6296722402893326e-10 8.8642782783231389e-11 2.5060416595223206e-10</rotation_covariance>
        <location_covariance>1.4920672816938207e-06 3.0928912383919316e-07 1.2174067889373514e-07 3.0928912383919316e-07 9.5172255263060997e-06 -2.9513440070478498e-06 1.2174067889373514e-07 -2.9513440070478498e-06 3.5146915683710130e-06</location_covariance>
      </camera>
      <camera id="4" sensor_id="0" label="DSC00006.JPG">
        <transform>9.9863106154725712e-01 -2.0888638063570844e-02 -4.7954850774950361e-02 -3.5734310813297214e+00 -2.1139233120343607e-02 -9.9976537893346784e-01 -4.7243951044059762e-03 2.6561372662965532e+01 -4.7844913377310921e-02 5.7316564680645610e-03 -9.9883833145211742e-01 1.9178021412561748e+00 0 0 0 1</transform>
        <rotation_covariance>1.8696832955711809e-08 5.3265887849815090e-10 -1.0136590263748427e-10 5.3265887849815079e-10 6.4144069043809481e-09 6.9972301982658898e-11 -1.0136590263748440e-10 6.9972301982658885e-11 2.4455300348706820e-10</rotation_covariance>
        <location_covariance>1.5444448654750199e-06 6.1285408564689429e-07 5.9701165034055121e-08 6.1285408564689429e-07 9.4969423838032513e-06 -3.1920995128047298e-06 5.9701165034055121e-08 -3.1920995128047298e-06 3.5966308557754174e-06</location_covariance>
      </camera>
      <camera id="5" sensor_id="0" label="DSC00007.JPG">
        <transform>9.9865247713977179e-01 -2.1272135755656237e-02 -4.7336308928672209e-02 -2.8750415883072793e+00 -2.1554913440624129e-02 -9.9975269453636662e-01 -5.4713319989149745e-03 2.6669131472404459e+01 -4.7208215483800706e-02 6.4842892955263021e-03 -9.9886402397081420e-01 1.8750531505481303e+00 0 0 0 1</transform>
        <rotation_covariance>1.8665182694900894e-08 5.7206551061664115e-10 -9.2144605220636670e-11 5.7206551061664115e-10 6.4491707453137474e-09 6.3483195395282472e-11 -9.2144605220636761e-11 6.3483195395282472e-11 2.4543152906804320e-10</rotation_covariance>
        <location_covariance>1.6016151259140557e-06 7.3274047852007322e-07 2.2613316897011796e-08 7.3274047852007322e-07 9.5102358833925801e-06 -3.2925751901077257e-06 2.2613316897011796e-08 -3.2925751901077257e-06 3.6402038410528919e-06</location_covariance>
      </camera>
      <camera id="6" sensor_id="0" label="DSC00008.JPG">
        <transform>9.9883723837343408e-01 -2.0892005730133605e-02 -4.3447615988720767e-02 -1.7033433887130047e+00 -2.1183735555224893e-02 -9.9975597019741691e-01 -6.2649343610690911e-03 2.6866770021211806e+01 -4.3306126430997939e-02 7.1780325434109837e-03 -9.9903606304394665e-01 1.7878246159681510e+00 0 0 0 1</transform>
        <rotation_covariance>1.8464051146513392e-08 5.2130578006941085e-10 -1.2364652906971560e-11 5.2130578006941085e-10 6.3919361032853916e-09 5.3983915402964883e-11 -1.2364652906971624e-11 5.3983915402964883e-11 2.4519296852276581e-10</rotation_covariance>
        <location_covariance>1.6686557420962437e-06 8.9484496585209825e-07 -4.8129459072028404e-08 8.9484496585209825e-07 9.4939632656014155e-06 -3.4709836877695029e-06 -4.8129459072028404e-08 -3.4709836877695029e-06 3.7317217410541718e-06</location_covariance>
      </camera>
      <camera id="7" sensor_id="0" label="DSC00009.JPG">
        <transform>9.9896575718804304e-01 -2.0976059962759027e-02 -4.0341304814785296e-02 -3.9052457715650030e-01 -2.1422786610792905e-02 -9.9971353023241027e-01 -1.0673410143002438e-02 2.7152857208823043e+01 -4.0105862159403975e-02 1.1526594409930480e-02 -9.9912894935626817e-01 1.7173384315924802e+00 0 0 0 1</transform>
        <rotation_covariance>1.8507688999037436e-08 4.5245309868569369e-10 4.2886244748479053e-11 4.5245309868569363e-10 6.3951927805396569e-09 7.0012241722784519e-11 4.2886244748479033e-11 7.0012241722784545e-11 2.4776024871516311e-10</rotation_covariance>
        <location_covariance>1.7902900735437330e-06 1.0857703508421164e-06 -1.3509649349760168e-07 1.0857703508421164e-06 9.5988670192700862e-06 -3.6866917369767081e-06 -1.3509649349760168e-07 -3.6866917369767081e-06 3.8795530803892533e-06</location_covariance>
      </camera>
      <camera id="8" sensor_id="0" label="DSC00010.JPG">
        <transform>9.9906163973592754e-01 -2.1099876570628173e-02 -3.7823738800713463e-02 6.6285701734892410e-01 -2.1551961007745344e-02 -9.9970060860865095e-01 -1.1584736691608088e-02 2.7343062922139190e+01 -3.7567978184631735e-02 1.2389041778827325e-02 -9.9921727299868146e-01 1.6634686365821629e+00 0 0 0 1</transform>
        <rotation_covariance>1.8583647371999416e-08 3.9674595594158054e-10 8.9504285939605430e-11 3.9674595594158070e-10 6.4211420482225699e-09 6.9347374253498437e-11 8.9504285939605534e-11 6.9347374253498450e-11 2.4856901781609525e-10</rotation_covariance>
        <location_covariance>1.9094516694961191e-06 1.2402542302378377e-06 -2.1623844039924386e-07 1.2402542302378377e-06 9.6870761236024207e-06 -3.8584212117545803e-06 -2.1623844039924386e-07 -3.8584212117545803e-06 3.9981603663046503e-06</location_covariance>
      </camera>
      <camera id="9" sensor_id="0" label="DSC00011.JPG">
        <transform>9.9912733123889885e-01 -2.0722520117718544e-02 -3.6265040071758604e-02 1.7688947482203372e+00 -2.1196304390691326e-02 -9.9969429642729990e-01 -1.2729115087206644e-02 2.7475261318072150e+01 -3.5990174375969144e-02 1.3486691614215340e-02 -9.9926113528831406e-01 1.5910044542861168e+00 0 0 0 1</transform>
        <rotation_covariance>1.8654165999086028e-08 4.9193460520663925e-10 1.1287155070087884e-10 4.9193460520663935e-10 6.5162510288770373e-09 7.5356482197554108e-11 1.1287155070087896e-10 7.5356482197554095e-11 2.5014578645879939e-10</rotation_covariance>
        <location_covariance>2.0681835408934469e-06 1.4436488773590606e-06 -3.1703435667063230e-07 1.4436488773590606e-06 9.7462967509845992e-06 -4.0098137516738881e-06 -3.1703435667063230e-07 -4.0098137516738881e-06 4.1082152318679062e-06</location_covariance>
      </camera>
      <camera id="10" sensor_id="0" label="DSC00012.JPG">
        <transform>9.9915737715067809e-01 -2.0784784604721440e-02 -3.5391078173923722e-02 2.6674000555987014e+00 -2.1318743896638608e-02 -9.9966351263676623e-01 -1.4777437578701091e-02 2.7613731108301220e+01 -3.5072023666263934e-02 1.5519479103957956e-02 -9.9926427881931978e-01 1.5526430465902339e+00 0 0 0 1</transform>
        <rotation_covariance>1.8570828891292738e-08 7.1903276655074461e-10 1.1882612135697654e-10 7.1903276655074451e-10 6.4740485230212731e-09 9.0598230716326250e-11 1.1882612135697672e-10 9.0598230716326250e-11 2.4958919147522867e-10</rotation_covariance>
        <location_covariance>2.1769850633010281e-06 1.6611061596833445e-06 -4.0621118689447838e-07 1.6611061596833445e-06 9.7741756952321107e-06 -4.1556394053976932e-06 -4.0621118689447838e-07 -4.1556394053976932e-06 4.2212453341613206e-06</location_covariance>
      </camera>
      <camera id="11" sensor_id="0" label="DSC00013.JPG">
        <transform>9.9925658101694936e-01 -2.0842236613974122e-02 -3.2432799250823027e-02 3.8380537993238750e+00 -2.1355020052131832e-02 -9.9965109148389997e-01 -1.5545366307039121e-02 2.7750620086004520e+01 -3.2097482968141251e-02 1.6226412664975931e-02 -9.9935301826688627e-01 1.4892102916226506e+00 0 0 0 1</transform>
        <rotation_covariance>1.8558567199151834e-08 8.1660569772787146e-10 1.5707584075655378e-10 8.1660569772787146e-10 6.4511145521085531e-09 1.0135545338113534e-10 1.5707584075655357e-10 1.0135545338113532e-10 2.5033476052329241e-10</rotation_covariance>
        <location_covariance>2.3373711654305563e-06 1.8830591373695936e-06 -5.2581019003700488e-07 1.8830591373695936e-06 9.8150200335189197e-06 -4.3259508948082800e-06 -5.2581019003700488e-07 -4.3259508948082800e-06 4.3623281711352089e-06</location_covariance>
      </camera>
      <camera id="12" sensor_id="0" label="DSC00014.JPG">
        <transform>9.9931081531772326e-01 -2.0657066302078586e-02 -3.0841206215365669e-02 4.9019629250449830e+00 -2.1129289147482456e-02 -9.9966324546572616e-01 -1.5064820113505795e-02 2.7874902897203519e+01 -3.0519625311416609e-02 1.5706090434024156e-02 -9.9941076199635193e-01 1.4326175870981945e+00 0 0 0 1</transform>
        <rotation_covariance>1.8767817616558810e-08 8.4358118831859113e-10 1.7358753644603227e-10 8.4358118831859113e-10 6.6230841591522046e-09 9.3675576401446376e-11 1.7358753644603227e-10 9.3675576401446376e-11 2.5328500153626177e-10</rotation_covariance>
        <location_covariance>2.5540667910414167e-06 2.0682871181708252e-06 -6.4964254838362362e-07 2.0682871181708252e-06 9.9208602127697542e-06 -4.4886393981768610e-06 -6.4964254838362362e-07 -4.4886393981768610e-06 4.5056400358604493e-06</location_covariance>
      </camera>
      <camera id="13" sensor_id="0" label="DSC00015.JPG">
        <transform>9.9934655453221000e-01 -2.0613006845643263e-02 -2.9691209025270771e-02 5.9790262131607399e+00 -2.1068873070226049e-02 -9.9966363595231589e-01 -1.5123410400667558e-02 2.8051564710640971e+01 -2.9369483007903943e-02 1.5739088390938016e-02 -9.9944470310491473e-01 1.3732816356687112e+00 0 0 0 1</transform>
        <rotation_covariance>1.8691619225352722e-08 7.4619613511508731e-10 1.9145258979766537e-10 7.4619613511508741e-10 6.6344692491382754e-09 1.0304025986294952e-10 1.9145258979766524e-10 1.0304025986294952e-10 2.5667035449459387e-10</rotation_covariance>
        <location_covariance>2.7384092521354643e-06 2.2257334788774764e-06 -7.7487414262660797e-07 2.2257334788774764e-06 9.9669341789852318e-06 -4.6462782808922381e-06 -7.7487414262660797e-07 -4.6462782808922381e-06 4.6824452858782335e-06</location_covariance>
      </camera>
      <camera id="14" sensor_id="0" label="DSC00016.JPG">
        <transform>9.9937113229327634e-01 -2.0630004467961573e-02 -2.8839952401255645e-02 6.9154993474859960e+00 -2.1112781129843303e-02 -9.9964032823894611e-01 -1.6536766047048346e-02 2.8187966909863253e+01 -2.8488425927350545e-02 1.7135258211750437e-02 -9.9944724348721803e-01 1.3055578747779488e+00 0 0 0 1</transform>
        <rotation_covariance>1.8817178021083080e-08 7.8598315803529738e-10 2.0015759330412309e-10 7.8598315803529749e-10 6.7435852924461246e-09 1.0948094959987230e-10 2.0015759330412315e-10 1.0948094959987232e-10 2.6144511000216193e-10</rotation_covariance>
        <location_covariance>2.9378861076320225e-06 2.4011376929270086e-06 -8.9797638446574997e-07 2.4011376929270086e-06 1.0041234172343094e-05 -4.7940553569586234e-06 -8.9797638446574997e-07 -4.7940553569586234e-06 4.8426872704777884e-06</location_covariance>
      </camera>
      <camera id="15" sensor_id="0" label="DSC00017.JPG">
        <transform>9.9938658762441102e-01 -2.0998819743717683e-02 -2.8026738051486873e-02 7.9448560161514488e+00 -2.1521630112303979e-02 -9.9959748985805974e-01 -1.8484526144156577e-02 2.8341834891069219e+01 -2.7627303772626479e-02 1.9076368596662119e-02 -9.9943625321849283e-01 1.2534145099360181e+00 0 0 0 1</transform>
        <rotation_covariance>1.8984759493144094e-08 6.6639710464566749e-10 2.2188574631282478e-10 6.6639710464566738e-10 6.9007042261483108e-09 1.1480157924580023e-10 2.2188574631282457e-10 1.1480157924580024e-10 2.6663080812544219e-10</rotation_covariance>
        <location_covariance>3.1838138937711166e-06 2.5522629204716011e-06 -1.0454727983106790e-06 2.5522629204716011e-06 1.0152229514092187e-05 -4.9663508644855304e-06 -1.0454727983106790e-06 -4.9663508644855304e-06 5.0322990134101458e-06</location_covariance>
      </camera>
      <camera id="16" sensor_id="0" label="DSC00018.JPG">
        <transform>9.9944589680367724e-01 -2.1032313042424592e-02 -2.5798084626166295e-02 9.5056785729499751e+00 -2.1513830878134653e-02 -9.9959678783736172e-01 -1.8531509009687183e-02 2.8581682201968103e+01 -2.5397922026031989e-02 1.9076256270939378e-02 -9.9949539368795748e-01 1.1644965282823483e+00 0 0 0 1</transform>
        <rotation_covariance>1.8646109845216825e-08 1.2592863398317051e-09 2.5168711012810359e-10 1.2592863398317053e-09 6.4948574071096360e-09 1.2256298947025942e-10 2.5168711012810364e-10 1.2256298947025942e-10 2.6962328039386332e-10</rotation_covariance>
        <location_covariance>3.3933623874913833e-06 3.0117981546765798e-06 -1.2585058386882161e-06 3.0117981546765798e-06 1.0138038824946022e-05 -5.2324510842378709e-06 -1.2585058386882161e-06 -5.2324510842378709e-06 5.3410912032474962e-06</location_covariance>
      </camera>
      <camera id="17" sensor_id="0" label="DSC00019.JPG">
        <transform>9.9946460801763060e-01 -2.1154853492179236e-02 -2.4959356840447072e-02 1.0146192002410185e+01 -2.1637772877237650e-02 -9.9958073741044229e-01 -1.9239443414755086e-02 2.8668403154690413e+01 -2.4541884709154235e-02 1.9769207665480792e-02 -9.9950331381301671e-01 1.1280266280879845e+00 0 0 0 1</transform>
        <rotation_covariance>1.8223369202053422e-08 1.5414877536310856e-09 2.5341893319191698e-10 1.5414877536310850e-09 6.3261768420668491e-09 1.3254150818462444e-10 2.5341893319191693e-10 1.3254150818462442e-10 2.6781937795540246e-10</rotation_covariance>
        <location_covariance>3.4872029425585214e-06 3.2131787872049386e-06 -1.3499025028799941e-06 3.2131787872049386e-06 1.0043052755669255e-05 -5.3449853466287666e-06 -1.3499025028799941e-06 -5.3449853466287666e-06 5.4713189815419365e-06</location_covariance>
      </camera>
      <camera id="18" sensor_id="0" label="DSC00020.JPG">
        <transform>9.9948910511293332e-01 -2.1155185040849248e-02 -2.3958023842437632e-02 1.1098303169858601e+01 -2.1637358202120701e-02 -9.9956484475630325e-01 -2.0048587415105040e-02 2.8830461961112572e+01 -2.3523466806159792e-02 2.0556733037995489e-02 -9.9951191450438648e-01 1.0722964988845198e+00 0 0 0 1</transform>
        <rotation_covariance>1.8109364595298753e-08 1.7788602932963516e-09 2.4540618515612765e-10 1.7788602932963520e-09 6.2632460626183320e-09 1.4686401159518956e-10 2.4540618515612760e-10 1.4686401159518956e-10 2.6838287521991682e-10</rotation_covariance>
        <location_covariance>3.6922781945265382e-06 3.4674932559048328e-06 -1.5005782805533779e-06 3.4674932559048328e-06 1.0065494321318563e-05 -5.5256953263277167e-06 -1.5005782805533779e-06 -5.5256953263277167e-06 5.6923977709988798e-06</location_covariance>
      </camera>
      <camera id="19" sensor_id="0" label="DSC00021.JPG">
        <transform>9.9953277135241558e-01 -2.1383074171128315e-02 -2.1840401359665397e-02 1.2498969277484203e+01 -2.1802769458548320e-02 -9.9957862844221201e-01 -1.9162588695783148e-02 2.9043023094515714e+01 -2.1421443380328999e-02 1.9629816621109443e-02 -9.9957780690795917e-01 1.0055802983818078e+00 0 0 0 1</transform>
        <rotation_covariance>1.7947296077344564e-08 1.9149026933649441e-09 2.5087252767273989e-10 1.9149026933649437e-09 6.3834244783783959e-09 1.6169140518728087e-10 2.5087252767273984e-10 1.6169140518728089e-10 2.7102618614427131e-10</rotation_covariance>
        <location_covariance>4.0765918716123497e-06 3.7783063064341524e-06 -1.7328860939692107e-06 3.7783063064341524e-06 1.0102282078347999e-05 -5.7825366502979522e-06 -1.7328860939692107e-06 -5.7825366502979522e-06 6.0259594132679077e-06</location_covariance>
      </camera>
      <camera id="20" sensor_id="0" label="DSC00022.JPG">
        <transform>9.9956331030671897e-01 -2.0424310127505906e-02 -2.1355005139086516e-02 1.3062144059115539e+01 -2.0850737479916420e-02 -9.9958373000721723e-01 -1.9940247024604674e-02 2.9121519248793199e+01 -2.0938849902001795e-02 2.0376806930284819e-02 -9.9957308402342804e-01 9.6595315491686529e-01 0 0 0 1</transform>
        <rotation_covariance>1.7870265922009950e-08 1.9915433453881332e-09 2.5895380012982899e-10 1.9915433453881332e-09 6.4234037598065954e-09 1.7164088819830066e-10 2.5895380012982904e-10 1.7164088819830066e-10 2.7124588871125815e-10</rotation_covariance>
        <location_covariance>4.2305407858824224e-06 3.9047941806984794e-06 -1.8349976287408795e-06 3.9047941806984794e-06 1.0101539698293862e-05 -5.8834535882168865e-06 -1.8349976287408795e-06 -5.8834535882168865e-06 6.1646035739334773e-06</location_covariance>
      </camera>
      <camera id="21" sensor_id="0" label="DSC00023.JPG">
        <transform>9.9956216511771645e-01 -2.0516845461652569e-02 -2.1319876113285424e-02 1.3823061608227450e+01 -2.0952741159550665e-02 -9.9957176190462860e-01 -2.0427320939783389e-02 2.9242160161346696e+01 -2.0891641943228012e-02 2.0865086991879778e-02 -9.9956399867228962e-01 9.1222851675581296e-01 0 0 0 1</transform>
        <rotation_covariance>1.7871818450606491e-08 1.9987395104219276e-09 2.5746485294580554e-10 1.9987395104219276e-09 6.4411778882873161e-09 1.8542148615065421e-10 2.5746485294580534e-10 1.8542148615065416e-10 2.7366878429271189e-10</rotation_covariance>
        <location_covariance>4.4370880058863825e-06 4.0559642903357999e-06 -1.9790321947687660e-06 4.0559642903357999e-06 1.0137784273083555e-05 -6.0234048954596495e-06 -1.9790321947687660e-06 -6.0234048954596495e-06 6.3654603703463928e-06</location_covariance>
      </camera>
      <camera id="22" sensor_id="0" label="DSC00024.JPG">
        <transform>9.9958754788705484e-01 -2.0578911973503020e-02 -2.0031038194058395e-02 1.4894234878758876e+01 -2.0989433998733216e-02 -9.9956941238854202e-01 -2.0504474576001169e-02 2.9379149731098778e+01 -1.9600453299804931e-02 2.0916457616237536e-02 -9.9958907758700044e-01 8.5635466638274460e-01 0 0 0 1</transform>
        <rotation_covariance>1.7897737648450088e-08 2.0092669233930121e-09 2.8984535049050539e-10 2.0092669233930117e-09 6.4743447186675263e-09 1.9405149242426179e-10 2.8984535049050539e-10 1.9405149242426179e-10 2.7725801304900925e-10</rotation_covariance>
        <location_covariance>4.7514097135998653e-06 4.2693594421656002e-06 -2.1914470829617036e-06 4.2693594421656002e-06 1.0195596508014920e-05 -6.2120796022238544e-06 -2.1914470829617036e-06 -6.2120796022238544e-06 6.6403755422196538e-06</location_covariance>
      </camera>
      <camera id="23" sensor_id="0" label="DSC00025.JPG">
        <transform>9.9958760072987651e-01 -2.0514564625786835e-02 -2.0094305295369447e-02 1.5671456744628015e+01 -2.0932148628325608e-02 -9.9956458817160487e-01 -2.0796134908484767e-02 2.9489305370816776e+01 -1.9658932343613766e-02 2.1208175582652516e-02 -9.9958178238079398e-01 7.9705878448727097e-01 0 0 0 1</transform>
        <rotation_covariance>1.7894488216088032e-08 2.0032625400447411e-09 2.9721512974151444e-10 2.0032625400447415e-09 6.4956628234782213e-09 1.9527383416170788e-10 2.9721512974151449e-10 1.9527383416170786e-10 2.8132389145515036e-10</rotation_covariance>
        <location_covariance>4.9846279175963307e-06 4.4204755182431889e-06 -2.3550087595111764e-06 4.4204755182431889e-06 1.0224314505578289e-05 -6.3534662908248717e-06 -2.3550087595111764e-06 -6.3534662908248717e-06 6.8576874507234089e-06</location_covariance>
      </camera>
      <camera id="24" sensor_id="0" label="DSC00026.JPG">
        <transform>9.9960935089479319e-01 -2.0365732643164918e-02 -1.9141121638961069e-02 1.6194617367407854e+01 -2.0750563598694902e-02 -9.9958209011759525e-01 -2.0126083237330426e-02 2.9550384888875769e+01 -1.8723239944702288e-02 2.0515410062842285e-02 -9.9961420469895601e-01 7.5944287590863246e-01 0 0 0 1</transform>
        <rotation_covariance>1.7879457023430792e-08 1.9732329819279130e-09 3.2180903380707764e-10 1.9732329819279126e-09 6.4872112522762902e-09 1.8829453194429609e-10 3.2180903380707764e-10 1.8829453194429609e-10 2.8351470650276441e-10</rotation_covariance>
        <location_covariance>5.1405973430696911e-06 4.5129267628190875e-06 -2.4693379234127459e-06 4.5129267628190875e-06 1.0237212322819920e-05 -6.4446896107224383e-06 -2.4693379234127459e-06 -6.4446896107224383e-06 7.0006540727768402e-06</location_covariance>
      </camera>
      <camera id="25" sensor_id="0" label="DSC00027.JPG">
        <transform>9.9959393530553164e-01 -2.1064245600519591e-02 -1.9190155228167489e-02 1.6993635837007499e+01 -2.1403488130220458e-02 -9.9961515458731531e-01 -1.7647476171878541e-02 2.9674862672631324e+01 -1.8811039212645462e-02 1.8051046414502066e-02 -9.9966009449566484e-01 7.2920897791301698e-01 0 0 0 1</transform>
        <rotation_covariance>1.8232026125388354e-08 2.0728874390092850e-09 3.3131217698950124e-10 2.0728874390092850e-09 6.5646216832328882e-09 1.6680033464195852e-10 3.3131217698950135e-10 1.6680033464195849e-10 2.9162581099785620e-10</rotation_covariance>
        <location_covariance>5.4254755021171136e-06 4.7106741304364308e-06 -2.6532552206681712e-06 4.7106741304364308e-06 1.0391628671997042e-05 -6.6017546794155252e-06 -2.6532552206681712e-06 -6.6017546794155252e-06 7.2406859243982505e-06</location_covariance>
      </camera>
      <camera id="26" sensor_id="0" label="DSC00028.JPG">
        <transform>9.9957664537456359e-01 -2.0764748576664271e-02 -2.0380265903122710e-02 1.7057313383218290e+01 -2.1098363912887670e-02 -9.9964463006230120e-01 -1.6293330776850301e-02 2.9783213877165132e+01 -2.0034696452240715e-02 1.6716423186567630e-02 -9.9965952810640202e-01 7.1712323693727453e-01 0 0 0 1</transform>
        <rotation_covariance>1.8584068569360593e-08 2.1531492230956705e-09 3.0231815017821237e-10 2.1531492230956705e-09 6.6778091125925144e-09 1.5375222220365348e-10 3.0231815017821237e-10 1.5375222220365346e-10 2.9556321413647345e-10</rotation_covariance>
        <location_covariance>5.4778289767493670e-06 4.7613817251454452e-06 -2.6722404775912305e-06 4.7613817251454452e-06 1.0527240309130614e-05 -6.6576977104533076e-06 -2.6722404775912305e-06 -6.6576977104533076e-06 7.3179068850377194e-06</location_covariance>
      </camera>
      <camera id="27" sensor_id="0" label="DSC00029.JPG">
        <transform>9.9963637308114084e-01 -1.6216439383110400e-02 -2.1544110724657114e-02 1.7298191112313166e+01 -1.6587253711062865e-02 -9.9971539620570893e-01 -1.7146125031223203e-02 2.7899838367016262e+01 -2.1259930091776201e-02 1.7497247869176669e-02 -9.9962085897078845e-01 6.1047684562208493e-01 0 0 0 1</transform>
        <rotation_covariance>1.7326648912973361e-08 2.2611839815444767e-09 3.1284391304110333e-10 2.2611839815444767e-09 6.6247013030559374e-09 2.0001958022132002e-10 3.1284391304110333e-10 2.0001958022132002e-10 2.7340861190865288e-10</rotation_covariance>
        <location_covariance>5.5042928250233202e-06 4.5000725879835112e-06 -2.6531381120394148e-06 4.5000725879835112e-06 9.4170178884128476e-06 -5.9614483842427473e-06 -2.6531381120394148e-06 -5.9614483842427473e-06 6.3805549800168196e-06</location_covariance>
      </camera>
      <camera id="28" sensor_id="0" label="DSC00030.JPG">
        <transform>9.9962103564881089e-01 -1.7238006791883687e-02 -2.1462437192494483e-02 1.6986946800605633e+01 -1.7548035302034904e-02 -9.9974315939194336e-01 -1.4341607512872763e-02 2.7841393324266718e+01 -2.1209704039362162e-02 1.4712796160408237e-02 -9.9966678552590960e-01 6.5002847997866819e-01 0 0 0 1</transform>
        <rotation_covariance>1.7344443125031802e-08 2.2081812851216298e-09 3.0557385543871299e-10 2.2081812851216294e-09 6.5751093014689953e-09 1.8507177310720206e-10 3.0557385543871278e-10 1.8507177310720206e-10 2.6853553003101579e-10</rotation_covariance>
        <location_covariance>5.3963178472708697e-06 4.4298975723008024e-06 -2.5812125557928930e-06 4.4298975723008024e-06 9.4137356576867161e-06 -5.8963878465923422e-06 -2.5812125557928930e-06 -5.8963878465923422e-06 6.2811013029936033e-06</location_covariance>
      </camera>
      <camera id="29" sensor_id="0" label="DSC00031.JPG">
        <transform>9.9957569572812122e-01 -1.7651860206062832e-02 -2.3169815297226344e-02 1.5696051609187547e+01 -1.7923455308947161e-02 -9.9977245048068086e-01 -1.1567065731722365e-02 2.7778010559605857e+01 -2.2960362789602052e-02 1.1977440925315996e-02 -9.9966462508655896e-01 7.5653464063492115e-01 0 0 0 1</transform>
        <rotation_covariance>1.7597971162490817e-08 2.1329089503369437e-09 2.5675172272976729e-10 2.1329089503369437e-09 6.6536007429232611e-09 1.6783585126165644e-10 2.5675172272976719e-10 1.6783585126165644e-10 2.6116572664207772e-10</rotation_covariance>
        <location_covariance>5.0241483563435383e-06 4.1879575376833819e-06 -2.2951933829617305e-06 4.1879575376833819e-06 9.4860351627816985e-06 -5.7150764016317705e-06 -2.2951933829617305e-06 -5.7150764016317705e-06 5.9822817803993437e-06</location_covariance>
      </camera>
      <camera id="30" sensor_id="0" label="DSC00032.JPG">
        <transform>9.9960230900417346e-01 -1.7680699400915028e-02 -2.1968538918625630e-02 1.4474967804268083e+01 -1.7895781243998203e-02 -9.9979345455722113e-01 -9.6327170727837919e-03 2.7686953339319629e+01 -2.1793688242049532e-02 1.0022030394676418e-02 -9.9971225563137733e-01 8.4148098677026861e-01 0 0 0 1</transform>
        <rotation_covariance>1.7751523451361993e-08 2.0766899337281412e-09 2.6847523556716787e-10 2.0766899337281412e-09 6.6910420161315914e-09 1.5661183483423357e-10 2.6847523556716798e-10 1.5661183483423352e-10 2.5839470698923350e-10</rotation_covariance>
        <location_covariance>4.6798294713635206e-06 3.9572840309033141e-06 -2.0410537526863412e-06 3.9572840309033141e-06 9.5117412798056667e-06 -5.5316096670217299e-06 -2.0410537526863412e-06 -5.5316096670217299e-06 5.7056722799488287e-06</location_covariance>
      </camera>
      <camera id="31" sensor_id="0" label="DSC00033.JPG">
        <transform>9.9961829693702198e-01 -1.8029419621889500e-02 -2.0933238087420158e-02 1.3087925552179467e+01 -1.8203255112443677e-02 -9.9980114162151057e-01 -8.1436303719847336e-03 2.7526652229228592e+01 -2.0782250408415484e-02 8.5215749965631971e-03 -9.9974770858829176e-01 9.1625890070413474e-01 0 0 0 1</transform>
        <rotation_covariance>1.7877262884534999e-08 2.0372330071756414e-09 2.9553996363361637e-10 2.0372330071756414e-09 6.6597018910018448e-09 1.4396386186170244e-10 2.9553996363361637e-10 1.4396386186170244e-10 2.5476207807908398e-10</rotation_covariance>
        <location_covariance>4.2893959723131855e-06 3.6956324910054715e-06 -1.7773773767019364e-06 3.6956324910054715e-06 9.4920555361119928e-06 -5.3125117961947443e-06 -1.7773773767019364e-06 -5.3125117961947443e-06 5.3867346461637180e-06</location_covariance>
      </camera>
      <camera id="32" sensor_id="0" label="DSC00034.JPG">
        <transform>9.9962450325297181e-01 -1.8296378863332102e-02 -2.0398407210818786e-02 1.1840843911729367e+01 -1.8503262049700962e-02 -9.9977879090312283e-01 -9.9999276902408840e-03 2.7365693754576093e+01 -2.0210932431955375e-02 1.0373609823940977e-02 -9.9974191991205985e-01 9.8407724773507310e-01 0 0 0 1</transform>
        <rotation_covariance>1.8135348061505208e-08 1.9492439667087074e-09 3.2752794998259599e-10 1.9492439667087074e-09 6.4637427155041580e-09 1.4854363943329173e-10 3.2752794998259594e-10 1.4854363943329176e-10 2.5161364422394300e-10</rotation_covariance>
        <location_covariance>3.9125071681948684e-06 3.4479807570759342e-06 -1.5590055453537744e-06 3.4479807570759342e-06 9.5109560452357900e-06 -5.1116118130006555e-06 -1.5590055453537744e-06 -5.1116118130006555e-06 5.1104727774256428e-06</location_covariance>
      </camera>
      <camera id="33" sensor_id="0" label="DSC00035.JPG">
        <transform>9.9962072362247922e-01 -1.8244808749768936e-02 -2.0628520503293030e-02 1.0323621520248583e+01 -1.8496841762805600e-02 -9.9975577581643194e-01 -1.2093616766104043e-02 2.7158252079189761e+01 -2.0402836794724342e-02 1.2470592422496429e-02 -9.9971406340781233e-01 1.0666787097404316e+00 0 0 0 1</transform>
        <rotation_covariance>1.9182915079832021e-08 1.7621224452955330e-09 3.5769581172237663e-10 1.7621224452955334e-09 6.2172961896614943e-09 1.5484360160979895e-10 3.5769581172237658e-10 1.5484360160979895e-10 2.4989076590488673e-10</rotation_covariance>
        <location_covariance>3.4755714630881255e-06 3.1315202991178418e-06 -1.3303207411831007e-06 3.1315202991178418e-06 9.7420408313780423e-06 -4.8456724716680657e-06 -1.3303207411831007e-06 -4.8456724716680657e-06 4.7933807688080892e-06</location_covariance>
      </camera>
      <camera id="34" sensor_id="0" label="DSC00036.JPG">
        <transform>9.9963332045532960e-01 -1.8479831559249985e-02 -1.9791929188294852e-02 9.2500003873653327e+00 -1.8742161946854227e-02 -9.9973784432603197e-01 -1.3151957568977052e-02 2.7067448158115926e+01 -1.9543694661210267e-02 1.3518078557252011e-02 -9.9971761290431882e-01 1.1149460331508374e+00 0 0 0 1</transform>
        <rotation_covariance>2.0229836197454905e-08 1.1786046390377683e-09 3.8219982005206291e-10 1.1786046390377683e-09 6.4368256125836826e-09 1.5636400752390152e-10 3.8219982005206276e-10 1.5636400752390144e-10 2.5507921948883640e-10</rotation_covariance>
        <location_covariance>3.2925364149290753e-06 2.7840309654098339e-06 -1.1892354423286257e-06 2.7840309654098339e-06 1.0005007882196786e-05 -4.6553944176956079e-06 -1.1892354423286257e-06 -4.6553944176956079e-06 4.6156834786428312e-06</location_covariance>
      </camera>
      <camera id="35" sensor_id="0" label="DSC00037.JPG">
        <transform>9.9965245249304679e-01 -1.8739762464266480e-02 -1.8541723960274044e-02 7.9804673067904490e+00 -1.9038529960517362e-02 -9.9968959472562036e-01 -1.6070114320274415e-02 2.6964405250929826e+01 -1.8234818386225142e-02 1.6417536359243257e-02 -9.9969893262837606e-01 1.1798670584088486e+00 0 0 0 1</transform>
        <rotation_covariance>2.0325127227706821e-08 7.0987914493315600e-10 4.0798262949118647e-10 7.0987914493315579e-10 6.7804274332206760e-09 1.6483892639814114e-10 4.0798262949118642e-10 1.6483892639814117e-10 2.5542600313253115e-10</rotation_covariance>
        <location_covariance>3.1252453654757351e-06 2.4381339072084983e-06 -1.0352039945184231e-06 2.4381339072084983e-06 9.9951369948918067e-06 -4.4757230397493739e-06 -1.0352039945184231e-06 -4.4757230397493739e-06 4.4221766095704876e-06</location_covariance>
      </camera>
      <camera id="36" sensor_id="0" label="DSC00038.JPG">
        <transform>9.9963515263048164e-01 -1.9223872640028797e-02 -1.8973780491866002e-02 7.0204365694238184e+00 -1.9540406946440190e-02 -9.9967057476763754e-01 -1.6640746380740923e-02 2.6854595814468183e+01 -1.8647630460760303e-02 1.7005430440320934e-02 -9.9968148988252148e-01 1.2312886382417303e+00 0 0 0 1</transform>
        <rotation_covariance>2.0333720141364930e-08 7.2902181674362068e-10 4.0566781564831815e-10 7.2902181674362079e-10 6.7078986663642666e-09 1.6203608084180052e-10 4.0566781564831805e-10 1.6203608084180049e-10 2.5300736734695287e-10</rotation_covariance>
        <location_covariance>2.9189540362768159e-06 2.2826581623180628e-06 -8.9343813294819159e-07 2.2826581623180628e-06 9.9646060742110815e-06 -4.3386535938596022e-06 -8.9343813294819159e-07 -4.3386535938596022e-06 4.2686614816568586e-06</location_covariance>
      </camera>
      <camera id="37" sensor_id="0" label="DSC00039.JPG">
        <transform>9.9962618391961766e-01 -1.8882418623066104e-02 -1.9772371866969049e-02 5.5482197186632991e+00 -1.9167481460077997e-02 -9.9971361204244535e-01 -1.4328347829534072e-02 2.6570001788625319e+01 -1.9496155435879899e-02 1.4701978233892188e-02 -9.9970183142736613e-01 1.3233439371658440e+00 0 0 0 1</transform>
        <rotation_covariance>1.9927610887382665e-08 8.4683759793156478e-10 4.0932448792056351e-10 8.4683759793156468e-10 6.5730739538608737e-09 1.5238557961019727e-10 4.0932448792056351e-10 1.5238557961019725e-10 2.4653043037230337e-10</rotation_covariance>
        <location_covariance>2.6189838138322974e-06 2.0677209084993460e-06 -7.0816489189151506e-07 2.0677209084993460e-06 9.7527604599265133e-06 -4.1005331192286230e-06 -7.0816489189151506e-07 -4.1005331192286230e-06 4.0063509533591730e-06</location_covariance>
      </camera>
      <camera id="38" sensor_id="0" label="DSC00040.JPG">
        <transform>9.9963519962249414e-01 -1.8951181772883116e-02 -1.9243710273972623e-02 4.9123716953200471e+00 -1.9220786510623523e-02 -9.9971831527268340e-01 -1.3923055492981298e-02 2.6452754952818189e+01 -1.8974431259210115e-02 1.4287855603929958e-02 -9.9971787427285230e-01 1.3621895252922644e+00 0 0 0 1</transform>
        <rotation_covariance>1.9614412961823205e-08 9.7132595280131740e-10 4.1365608025906682e-10 9.7132595280131740e-10 6.4607736102648396e-09 1.5335234295943926e-10 4.1365608025906672e-10 1.5335234295943923e-10 2.4376023169134952e-10</rotation_covariance>
        <location_covariance>2.4828107750675157e-06 1.9975300005196415e-06 -6.2612461498959045e-07 1.9975300005196415e-06 9.6262895609675046e-06 -3.9952670187956885e-06 -6.2612461498959045e-07 -3.9952670187956885e-06 3.9024254747655712e-06</location_covariance>
      </camera>
      <camera id="39" sensor_id="0" label="DSC00041.JPG">
        <transform>9.9981177823318257e-01 -3.0972322300683205e-04 -1.9398767428012935e-02 3.7999091467475594e+00 -5.5781673261599666e-04 -9.9991811253498619e-01 -1.2785032849542454e-02 2.6260962040757956e+01 -1.9393219090543447e-02 1.2793447385134165e-02 -9.9973007894996846e-01 1.3886235659113499e+00 0 0 0 1</transform>
        <rotation_covariance>1.9926413578051512e-08 1.1699571383781855e-09 4.1377772183630122e-10 1.1699571383781857e-09 6.4905588705739158e-09 1.6355922611186729e-10 4.1377772183630117e-10 1.6355922611186729e-10 2.4310778514592811e-10</rotation_covariance>
        <location_covariance>2.3004424260580281e-06 1.8007037461062353e-06 -5.0164924337900828e-07 1.8007037461062353e-06 9.6451846434092134e-06 -3.8098779692203681e-06 -5.0164924337900828e-07 -3.8098779692203681e-06 3.7410663358315268e-06</location_covariance>
      </camera>
      <camera id="40" sensor_id="0" label="DSC00042.JPG">
        <transform>9.9981173043988725e-01 -2.7763927712238026e-04 -1.9401716192922004e-02 3.1180389487667171e+00 -5.2463751315704171e-04 -9.9991887322018691e-01 -1.2726811601925125e-02 2.6122003478187683e+01 -1.9396608731391204e-02 1.2734594398838006e-02 -9.9973076459375698e-01 1.4124067210305489e+00 0 0 0 1</transform>
        <rotation_covariance>2.0065768115484126e-08 9.9928756183157356e-10 4.2720958030537048e-10 9.9928756183157377e-10 6.5178177971613741e-09 1.6795853802108559e-10 4.2720958030537048e-10 1.6795853802108559e-10 2.4403870527302093e-10</rotation_covariance>
        <location_covariance>2.2075609365201850e-06 1.6386901904199501e-06 -4.3523391027234111e-07 1.6386901904199501e-06 9.6339799521233717e-06 -3.6897250212366246e-06 -4.3523391027234111e-07 -3.6897250212366246e-06 3.6411457161075029e-06</location_covariance>
      </camera>
      <camera id="41" sensor_id="0" label="DSC00043.JPG">
        <transform>9.9980585009848522e-01 3.0962221566341840e-04 -1.9701935004683372e-02 1.9241381145755279e+00 7.0635274301588134e-05 -9.9992643040953033e-01 -1.2129665251507327e-02 2.5896521138080409e+01 -1.9704241155224036e-02 1.2125918626610610e-02 -9.9973231666179430e-01 1.4504271063661276e+00 0 0 0 1</transform>
        <rotation_covariance>2.0220880006538821e-08 7.6021190753661274e-10 4.3637957208550399e-10 7.6021190753661274e-10 6.4856528903125383e-09 1.7537951011516332e-10 4.3637957208550399e-10 1.7537951011516330e-10 2.4294305674462121e-10</rotation_covariance>
        <location_covariance>2.0330666035102278e-06 1.3780517574160766e-06 -3.2715478148251925e-07 1.3780517574160766e-06 9.5884184643411531e-06 -3.4775354465733454e-06 -3.2715478148251925e-07 -3.4775354465733454e-06 3.4857142261575431e-06</location_covariance>
      </camera>
      <camera id="42" sensor_id="0" label="DSC00044.JPG">
        <transform>9.9978883063548496e-01 4.1377052406709434e-04 -2.0545630447423760e-02 7.2403833160551956e-01 1.3891552799093784e-04 -9.9991050881092569e-01 -1.3377409014878827e-02 2.5742766534173434e+01 -2.0549326972063492e-02 1.3371730008816085e-02 -9.9969941582335942e-01 1.5151629797943840e+00 0 0 0 1</transform>
        <rotation_covariance>2.1362296830703933e-08 3.3612656750096187e-10 4.4275507092023010e-10 3.3612656750096187e-10 6.6955262860288008e-09 1.7972345579729162e-10 4.4275507092023005e-10 1.7972345579729164e-10 2.4654296914639397e-10</rotation_covariance>
