<?xml version="1.0" encoding="UTF-8"?>
<document version="1.5.0">
  <chunk label="SonyA9" enabled="true">
    <sensors next_id="1">
      <sensor id="0" label="SonyA9" type="frame">
        <resolution width="6000" height="4000"/>
        <property name="pixel_width" value="0.006"/>
        <property name="pixel_height" value="0.006"/>
        <property name="focal_length" value="55"/>
        <property name="fixed" value="true"/>
        <property name="layer_index" value="0"/>
        <calibration type="frame" class="initial">
          <resolution width="6000" height="4000"/>
          <f>9227.77018581081</f>
          <cx>-37.8304617831239</cx>
          <cy>31.7622333680372</cy>
          <k1>-0.017282082281574</k1>
        </calibration>
      </sensor>
    </sensors>
    <cameras next_id="577" next_group_id="0">
      <camera id="0" sensor_id="0" label="DSC00002.JPG">
        <transform>9.9287436255792305e-001 1.1880096534380007e-001 9.3183050271419456e-003 -1.0950215987133442e+001 1.1875976231188644e-001 -9.9291112862915332e-001 4.8589607947858368e-003 2.0824835015908128e+001 9.8294979943984572e-003 -3.7176979116438935e-003 -9.9994477832099105e-001 4.4546261477405485e-001 0 0 0 1</transform>
        <rotation_covariance>9.5552868235196621e-009 3.0775748874039358e-010 -1.4381033196794479e-010 3.0775748874039358e-010 4.1483290956242907e-009 -7.2502810341628438e-011 -1.4381033196794482e-010 -7.2502810341628451e-011 1.9407437880558224e-010</rotation_covariance>
        <location_covariance>1.3547864988850229e-006 -2.3815831300528001e-007 -1.5713174068656943e-007 -2.3815831300528001e-007 3.7051814282740978e-006 -1.0704340464602593e-006 -1.5713174068656943e-007 -1.0704340464602593e-006 8.1364425609357666e-007</location_covariance>
      </camera>
      <camera id="1" sensor_id="0" label="DSC00003.JPG">
        <transform>9.9566767347290841e-001 9.2687261564282433e-002 7.4132007096089020e-003 -1.0608169991787243e+001 9.2654703165258104e-002 -9.9568757423827170e-001 4.6217408910480019e-003 2.1235356387140982e+001 7.8096083387428289e-003 -3.9148500891310750e-003 -9.9996184125514265e-001 4.1108367705336318e-001 0 0 0 1</transform>
        <rotation_covariance>9.9196880666044194e-009 3.1495869575054232e-010 -1.5183186520391963e-010 3.1495869575054227e-010 4.1980943721015083e-009 -6.6887809189556202e-011 -1.5183186520391963e-010 -6.6887809189556202e-011 1.9570023632158667e-010</rotation_covariance>
        <location_covariance>1.3592710037776580e-006 -1.9113083264294988e-007 -1.7394239354317058e-007 -1.9113083264294988e-007 3.8399991616696934e-006 -1.1161242944604510e-006 -1.7394239354317058e-007 -1.1161242944604510e-006 8.7147920445356220e-007</location_covariance>
      </camera>
      <camera id="2" sensor_id="0" label="DSC00004.JPG">
        <transform>9.9759531263213852e-001 6.8939510117153352e-002 7.1369572782878799e-003 -9.4174770004808739e+000 6.8922149036837327e-002 -9.9761851938714041e-001 2.6508768273383345e-003 2.1674115348633929e+001 7.3027109027524479e-003 -2.1526078641141799e-003 -9.9997101792644683e-001 4.5110579190886119e-001 0 0 0 1</transform>
        <rotation_covariance>1.0598966244790596e-008 -8.8624912261468204e-011 -1.3663386391767519e-010 -8.8624912261468281e-011 4.2551455016010411e-009 -3.8601458530489341e-011 -1.3663386391767516e-010 -3.8601458530489341e-011 1.8916302636937856e-010</rotation_covariance>
        <location_covariance>1.3784124004562764e-006 -2.9472838653712224e-007 -2.2335924233984125e-007 -2.9472838653712224e-007 4.0908280993948057e-006 -1.1485568734757854e-006 -2.2335924233984125e-007 -1.1485568734757854e-006 9.5880714679439273e-007</location_covariance>
      </camera>
      <camera id="3" sensor_id="0" label="DSC00005.JPG">
        <transform>9.9829270544375182e-001 5.8047105458189439e-002 6.4967534753264684e-003 -7.9401235481800612e+000 5.8043368258796045e-002 -9.9831377133055066e-001 7.6247816152719779e-004 2.1973855144402727e+001 6.5300581136097640e-003 -3.8408293225777738e-004 -9.9997860518179793e-001 4.2520615894035552e-001 0 0 0 1</transform>
        <rotation_covariance>1.1154517896093070e-008 1.9968596038729928e-010 -1.3645294952183485e-010 1.9968596038729928e-010 4.2497218686787654e-009 -3.4246250065680523e-011 -1.3645294952183485e-010 -3.4246250065680523e-011 1.8733859733733362e-010</rotation_covariance>
        <location_covariance>1.3250424333271435e-006 -1.5967633470916825e-007 -2.5915230086341125e-007 -1.5967633470916825e-007 4.2960992456588823e-006 -1.1589776656535480e-006 -2.5915230086341125e-007 -1.1589776656535480e-006 1.0462987609173919e-006</location_covariance>
      </camera>
      <camera id="4" sensor_id="0" label="DSC00006.JPG">
        <transform>9.9846295638325300e-001 5.5270624571056484e-002 4.1088672331820895e-003 -6.4708354877147451e+000 5.5280428860892988e-002 -9.9846819109231366e-001 -2.3120471013126980e-003 2.2170614561136890e+001 3.9747849464265477e-003 2.5356333268567828e-003 -9.9998888576236755e-001 4.0136970442633052e-001 0 0 0 1</transform>
        <rotation_covariance>1.1307057968282253e-008 9.6120143240474276e-011 -1.2425987415826737e-010 9.6120143240474392e-011 4.4286704877169390e-009 -3.1028114823181645e-011 -1.2425987415826740e-010 -3.1028114823181639e-011 1.8596658971971733e-010</rotation_covariance>
        <location_covariance>1.3642148901849607e-006 -1.7169000688547503e-007 -2.9859411196288166e-007 -1.7169000688547503e-007 4.3307144428323864e-006 -1.1532320257780549e-006 -2.9859411196288166e-007 -1.1532320257780549e-006 1.1286155964121841e-006</location_covariance>
      </camera>
      <camera id="5" sensor_id="0" label="DSC00007.JPG">
        <transform>9.9855781352323403e-001 5.3655053254725520e-002 1.8515701257687488e-003 -5.2035922464006248e+000 5.3660405542743671e-002 -9.9855481566940718e-001 -2.9733786211326926e-003 2.2284494732228310e+001 1.6893574773726571e-003 3.0684464585345704e-003 -9.9999386533500534e-001 4.1519550229141367e-001 0 0 0 1</transform>
        <rotation_covariance>1.1419914205058150e-008 7.8163739202847587e-012 -1.3077825248772734e-010 7.8163739202847167e-012 4.4910073929379234e-009 -3.0231600498675094e-011 -1.3077825248772734e-010 -3.0231600498675101e-011 1.8781925219369516e-010</rotation_covariance>
        <location_covariance>1.3711031627674916e-006 -1.8520635345721508e-007 -3.1833486019821298e-007 -1.8520635345721508e-007 4.3700916215656908e-006 -1.1327104950342100e-006 -3.1833486019821298e-007 -1.1327104950342100e-006 1.2004225898821555e-006</location_covariance>
      </camera>
      <camera id="6" sensor_id="0" label="DSC00008.JPG">
        <transform>9.9861456777461588e-001 5.2620737760049240e-002 5.4643439910754727e-005 -3.9875968430359401e+000 5.2620636871690794e-002 -9.9860927459364524e-001 -3.2535013095658883e-003 2.2347895891052268e+001 -1.1663419332206316e-004 3.2518691766152494e-003 -9.9999470585764760e-001 4.0299000313419864e-001 0 0 0 1</transform>
        <rotation_covariance>1.1277331860530227e-008 5.9409550409639411e-011 -1.4073174640701453e-010 5.9409550409639475e-011 4.5450255029652359e-009 -3.4349900574140063e-011 -1.4073174640701448e-010 -3.4349900574140076e-011 1.8800189454545822e-010</rotation_covariance>
        <location_covariance>1.3682859862469021e-006 -1.4499505719000837e-007 -3.3813923094142502e-007 -1.4499505719000837e-007 4.3103426716823701e-006 -1.1140554801123980e-006 -3.3813923094142502e-007 -1.1140554801123980e-006 1.2687053078647219e-006</location_covariance>
      </camera>
      <camera id="7" sensor_id="0" label="DSC00009.JPG">
        <transform>9.9863413282438773e-001 5.2234066236947457e-002 -1.2128818729658999e-003 -2.8346639573058354e+000 5.2227903744431856e-002 -9.9862435282863282e-001 -4.6527419933385670e-003 2.2412339447207231e+001 -1.4542450089116256e-003 4.5830406880586422e-003 -9.9998844038794055e-001 3.7883865553154444e-001 0 0 0 1</transform>
        <rotation_covariance>1.1067437959750907e-008 -5.7220956244377623e-012 -1.5148433636675048e-010 -5.7220956244376556e-012 4.5449065332870923e-009 -2.8487482620811581e-011 -1.5148433636675045e-010 -2.8487482620811577e-011 1.8666617606880023e-010</rotation_covariance>
        <location_covariance>1.3494774067769737e-006 -1.4951782267611667e-007 -3.5058747646517072e-007 -1.4951782267611667e-007 4.2178556256478694e-006 -1.0999851564937488e-006 -3.5058747646517072e-007 -1.0999851564937488e-006 1.3395380766985272e-006</location_covariance>
      </camera>
      <camera id="8" sensor_id="0" label="DSC00010.JPG">
        <transform>9.9865498269896824e-001 5.1797476030743417e-002 -2.2906347083974060e-003 -1.5902730752306526e+000 5.1783358457994089e-002 -9.9864124168178003e-001 -5.8441593992255431e-003 2.2531658728522764e+001 -2.5902349958345969e-003 5.7176821455223337e-003 -9.9998029920271381e-001 3.5830018572680356e-001 0 0 0 1</transform>
        <rotation_covariance>1.1082973441323459e-008 1.8425598542613085e-010 -1.7697507161788411e-010 1.8425598542613085e-010 4.5533230338375500e-009 -1.9206217944927464e-011 -1.7697507161788411e-010 -1.9206217944927464e-011 1.8759298845331784e-010</rotation_covariance>
        <location_covariance>1.3258819335273598e-006 -6.5420676498542261e-008 -3.6430070862791016e-007 -6.5420676498542261e-008 4.2195832750332230e-006 -1.0874638118320270e-006 -3.6430070862791016e-007 -1.0874638118320270e-006 1.4304024580494961e-006</location_covariance>
      </camera>
      <camera id="9" sensor_id="0" label="DSC00011.JPG">
        <transform>9.9868878061609945e-001 5.1126745355048367e-002 -2.6029561904401524e-003 -4.7802161985673081e-001 5.1103492640395334e-002 -9.9865862872833133e-001 -8.3292440474452712e-003 2.2445557223629894e+001 -3.0253117991986709e-003 8.1853024286755883e-003 -9.9996192343142187e-001 3.5270863490177917e-001 0 0 0 1</transform>
        <rotation_covariance>1.1022863776523011e-008 2.3862831156093940e-010 -1.9914806786453382e-010 2.3862831156093934e-010 4.7228684337936158e-009 -1.5109552553933207e-011 -1.9914806786453385e-010 -1.5109552553933217e-011 1.8914356398439218e-010</rotation_covariance>
        <location_covariance>1.3645719012342422e-006 -2.6890717555451303e-008 -3.6966201210056688e-007 -2.6890717555451303e-008 4.1891754926732558e-006 -1.0487528192910643e-006 -3.6966201210056688e-007 -1.0487528192910643e-006 1.4916950721658888e-006</location_covariance>
      </camera>
      <camera id="10" sensor_id="0" label="DSC00012.JPG">
        <transform>9.9869302896695467e-001 5.0980383337060640e-002 -3.6379125353887490e-003 5.5310232349263888e-001 5.0953286622528925e-002 -9.9867516728350669e-001 -7.1883818500597628e-003 2.2364813230486863e+001 -3.9995593721313411e-003 6.9936232430839150e-003 -9.9996754585274550e-001 3.4322194854112237e-001 0 0 0 1</transform>
        <rotation_covariance>1.0953207548788825e-008 3.3568182321260733e-010 -2.2548914468332634e-010 3.3568182321260733e-010 4.8293612425235503e-009 -1.7902799278385901e-011 -2.2548914468332632e-010 -1.7902799278385901e-011 1.9043052961723235e-010</rotation_covariance>
        <location_covariance>1.3792489692283270e-006 2.3328567821696859e-008 -3.6377415084197007e-007 2.3328567821696859e-008 4.1549936959684176e-006 -1.0113428831010597e-006 -3.6377415084197007e-007 -1.0113428831010597e-006 1.5531418732634912e-006</location_covariance>
      </camera>
      <camera id="11" sensor_id="0" label="DSC00013.JPG">
        <transform>9.9873430644442562e-001 5.0081165322797688e-002 -4.6542465429958504e-003 1.7072754771528686e+000 5.0046334405491055e-002 -9.9872006479711339e-001 -7.3209688036036729e-003 2.2375287704775783e+001 -5.0149320579788766e-003 7.0787747216720194e-003 -9.9996236999443822e-001 3.1450019181566391e-001 0 0 0 1</transform>
        <rotation_covariance>1.0624004800484236e-008 2.8388389393879281e-010 -2.2168683480316777e-010 2.8388389393879271e-010 4.8586665161749282e-009 -1.9156820502408852e-011 -2.2168683480316775e-010 -1.9156820502408845e-011 1.9035694915448324e-010</rotation_covariance>
        <location_covariance>1.3719163576786181e-006 2.7703407605579351e-008 -3.6343132304492160e-007 2.7703407605579351e-008 4.0205143137830011e-006 -9.8356443855192556e-007 -3.6343132304492160e-007 -9.8356443855192556e-007 1.6401915193086383e-006</location_covariance>
      </camera>
      <camera id="12" sensor_id="0" label="DSC00014.JPG">
        <transform>9.9872654742737077e-001 5.0075573322448337e-002 -6.1416952245969348e-003 2.8731392132733817e+000 5.0016372772041663e-002 -9.9870377335987481e-001 -9.4411615533274203e-003 2.2385563245472657e+001 -6.6065057732440100e-003 9.1219533640530173e-003 -9.9993657001246439e-001 2.9428855149610195e-001 0 0 0 1</transform>
        <rotation_covariance>9.9609538967677099e-009 3.6801528511037740e-010 -2.2649180106737956e-010 3.6801528511037730e-010 4.5783989721777308e-009 -1.5135800421897530e-011 -2.2649180106737956e-010 -1.5135800421897540e-011 1.8454611596216978e-010</rotation_covariance>
        <location_covariance>1.2547565547278092e-006 8.1076836580523936e-008 -3.7257008069299061e-007 8.1076836580523936e-008 3.7769160171163554e-006 -9.7780355174652915e-007 -3.7257008069299061e-007 -9.7780355174652915e-007 1.7333796130250964e-006</location_covariance>
      </camera>
      <camera id="13" sensor_id="0" label="DSC00015.JPG">
        <transform>9.9876352742986996e-001 4.9316712661014242e-002 -6.2672265120723852e-003 3.9996632796581895e+000 4.9253722031475211e-002 -9.9873786149568722e-001 -9.8364059019403413e-003 2.2390993501857391e+001 -6.7444156076593448e-003 9.5155592233200255e-003 -9.9993198118210957e-001 2.9615336765915479e-001 0 0 0 1</transform>
        <rotation_covariance>9.9321529595040099e-009 5.8266732206383648e-010 -2.4841731949349700e-010 5.8266732206383659e-010 4.7048347401021793e-009 -2.6875762624708879e-011 -2.4841731949349700e-010 -2.6875762624708882e-011 1.8774314818438114e-010</rotation_covariance>
        <location_covariance>1.2809504880880377e-006 1.7386139827302719e-007 -3.6655514696506867e-007 1.7386139827302719e-007 3.7701236880163495e-006 -9.6109737718061147e-007 -3.6655514696506867e-007 -9.6109737718061147e-007 1.8322161702713013e-006</location_covariance>
      </camera>
      <camera id="14" sensor_id="0" label="DSC00016.JPG">
        <transform>9.9881141689721109e-001 4.8360691122035442e-002 -6.0825183916122039e-003 5.2750088411855600e+000 4.8302196295384257e-002 -9.9878832894281677e-001 -9.4218788284374157e-003 2.2540548224833483e+001 -6.5307969519336094e-003 9.1168811451434757e-003 -9.9993711360732973e-001 2.9681433566159843e-001 0 0 0 1</transform>
        <rotation_covariance>1.0142554472835654e-008 7.1652732108606835e-010 -2.4803279704653548e-010 7.1652732108606846e-010 4.8846151266411327e-009 -3.4927556247065227e-011 -2.4803279704653553e-010 -3.4927556247065233e-011 1.9262634941060234e-010</rotation_covariance>
        <location_covariance>1.3341550619203528e-006 2.3837537687285448e-007 -3.7427218839455501e-007 2.3837537687285448e-007 3.8481192639716219e-006 -9.6162466468697668e-007 -3.7427218839455501e-007 -9.6162466468697668e-007 1.9744371011874940e-006</location_covariance>
      </camera>
      <camera id="15" sensor_id="0" label="DSC00017.JPG">
        <transform>9.9883811498306496e-001 4.7829552447588478e-002 -5.8952497606274516e-003 6.3655793574539814e+000 4.7772263444371160e-002 -9.9881304611986554e-001 -9.5031440143205671e-003 2.2846070685994551e+001 -6.3427834960996451e-003 9.2104730290414952e-003 -9.9993746618681256e-001 3.1315291820116320e-001 0 0 0 1</transform>
        <rotation_covariance>1.0497792593604326e-008 5.5524708603444619e-010 -2.5471139936738775e-010 5.5524708603444650e-010 4.9758507632987165e-009 -3.1753766671473436e-011 -2.5471139936738775e-010 -3.1753766671473429e-011 2.0183912109944986e-010</rotation_covariance>
        <location_covariance>1.3657739354129708e-006 1.9030242975917194e-007 -3.5688276704422696e-007 1.9030242975917194e-007 3.9817008802132017e-006 -9.6777114188819483e-007 -3.5688276704422696e-007 -9.6777114188819483e-007 2.1293179768769854e-006</location_covariance>
      </camera>
      <camera id="16" sensor_id="0" label="DSC00018.JPG">
        <transform>9.9889966459496482e-001 4.6595051771669033e-002 -5.3255255573492208e-003 7.6391917504059457e+000 4.6530528073260441e-002 -9.9884883899981958e-001 -1.1657906584632527e-002 2.3003837194090348e+001 -5.8625957808823700e-003 1.1397279460817760e-002 -9.9991786262252658e-001 2.9089101604587297e-001 0 0 0 1</transform>
        <rotation_covariance>1.0993030507175108e-008 3.7878251015364391e-010 -2.2104739132429991e-010 3.7878251015364391e-010 5.1695241218666119e-009 -1.5708111013361615e-011 -2.2104739132429991e-010 -1.5708111013361582e-011 2.0693525010777636e-010</rotation_covariance>
        <location_covariance>1.4352595247852607e-006 1.4495804897700926e-007 -3.5447065371772485e-007 1.4495804897700926e-007 4.1450174269639206e-006 -9.5776839387889894e-007 -3.5447065371772485e-007 -9.5776839387889894e-007 2.2891175856787300e-006</location_covariance>
      </camera>
      <camera id="17" sensor_id="0" label="DSC00019.JPG">
        <transform>9.9892607246487852e-001 4.5947741466654007e-002 -5.9587585960984794e-003 8.9668792847954037e+000 4.5882693452612547e-002 -9.9889028865512619e-001 -1.0628719208455623e-002 2.3110513842479872e+001 -6.4405117363948040e-003 1.0343900840211678e-002 -9.9992575900612801e-001 2.7811671656373083e-001 0 0 0 1</transform>
        <rotation_covariance>1.0936235630699958e-008 5.2145094704989755e-010 -2.2973305525875975e-010 5.2145094704989745e-010 4.8864636486598016e-009 -2.3284761688082830e-011 -2.2973305525875973e-010 -2.3284761688082833e-011 2.0954655469456485e-010</rotation_covariance>
        <location_covariance>1.3208612078229377e-006 2.1423270362344292e-007 -3.0048127794372957e-007 2.1423270362344292e-007 4.1285715031587723e-006 -9.5404873790447954e-007 -3.0048127794372957e-007 -9.5404873790447954e-007 2.4511056222224537e-006</location_covariance>
      </camera>
      <camera id="18" sensor_id="0" label="DSC00020.JPG">
        <transform>9.9897770706337752e-001 4.4809986744700492e-002 -5.9670661413543605e-003 1.0064327023511932e+001 4.4740003988231913e-002 -9.9893377412054152e-001 -1.1386262091836628e-002 2.3138913624627666e+001 -6.4709221544168929e-003 1.1107655433563379e-002 -9.9991737016477555e-001 2.5805402272825984e-001 0 0 0 1</transform>
        <rotation_covariance>1.0939617372792181e-008 6.2978363685987811e-010 -2.3160202008426428e-010 6.2978363685987800e-010 5.0256866642352341e-009 -2.2015330004011320e-011 -2.3160202008426428e-010 -2.2015330004011323e-011 2.1187402255746829e-010</rotation_covariance>
        <location_covariance>1.3708988039017611e-006 2.7456695598804352e-007 -2.7457506046081429e-007 2.7456695598804352e-007 4.1233659646022641e-006 -9.3216820668060677e-007 -2.7457506046081429e-007 -9.3216820668060677e-007 2.5844549051341283e-006</location_covariance>
      </camera>
      <camera id="19" sensor_id="0" label="DSC00021.JPG">
        <transform>9.9898821902800461e-001 4.4605964670000282e-002 -5.7311568740055028e-003 1.1138298493793606e+001 4.4540024464340987e-002 -9.9894526814579709e-001 -1.1159635739464241e-002 2.3214720442187371e+001 -6.2228983578136703e-003 1.0893078764991470e-002 -9.9992130508907950e-001 2.4094811376989134e-001 0 0 0 1</transform>
        <rotation_covariance>1.0663528915436908e-008 5.7974357794866201e-010 -2.3036739336569835e-010 5.7974357794866211e-010 4.9164567502914546e-009 -1.6388655013831171e-011 -2.3036739336569835e-010 -1.6388655013831158e-011 2.0924511048464265e-010</rotation_covariance>
        <location_covariance>1.3417239227887594e-006 2.7816763180122418e-007 -2.5172631834533901e-007 2.7816763180122418e-007 4.0189576797434631e-006 -9.1831461619590129e-007 -2.5172631834533901e-007 -9.1831461619590129e-007 2.7280594033333337e-006</location_covariance>
      </camera>
      <camera id="20" sensor_id="0" label="DSC00022.JPG">
        <transform>9.9903861968495788e-001 4.3500821545062358e-002 -5.4327619935156174e-003 1.2280372270283227e+001 4.3428760855323136e-002 -9.9897524304190144e-001 -1.2743881667100073e-002 2.3218417204940895e+001 -5.9815640550529804e-003 1.2495691828727824e-002 -9.9990403468391742e-001 2.0909267997563757e-001 0 0 0 1</transform>
        <rotation_covariance>1.1100895742312242e-008 4.9296735393146815e-010 -2.3294249843264680e-010 4.9296735393146815e-010 5.2210259457709300e-009 -9.1107828393622111e-012 -2.3294249843264680e-010 -9.1107828393622191e-012 2.1622127103799398e-010</rotation_covariance>
        <location_covariance>1.4602595869846105e-006 2.6893724558453160e-007 -2.2440962920178002e-007 2.6893724558453160e-007 4.1538092846441594e-006 -9.0837220270423613e-007 -2.2440962920178002e-007 -9.0837220270423613e-007 2.8800264325206124e-006</location_covariance>
      </camera>
      <camera id="21" sensor_id="0" label="DSC00023.JPG">
        <transform>9.9909092000362865e-001 4.2245739586091881e-002 -5.7123596812778468e-003 1.3182998865887967e+001 4.2163608667676759e-002 -9.9901533193590819e-001 -1.3805674960185435e-002 2.3188978857223535e+001 -6.2899658523073096e-003 1.3552270799072303e-002 -9.9988837991336088e-001 1.9435355458760031e-001 0 0 0 1</transform>
        <rotation_covariance>1.1339302828689698e-008 6.0221413581855296e-010 -2.4278638046835623e-010 6.0221413581855296e-010 5.3618037299375620e-009 -5.5041361184565193e-012 -2.4278638046835628e-010 -5.5041361184565241e-012 2.2283800030535924e-010</rotation_covariance>
        <location_covariance>1.5138115041520958e-006 3.2280340691775752e-007 -2.0276925591629007e-007 3.2280340691775752e-007 4.2328656761550834e-006 -8.9553072743094814e-007 -2.0276925591629007e-007 -8.9553072743094814e-007 3.0008623283672748e-006</location_covariance>
      </camera>
      <camera id="22" sensor_id="0" label="DSC00024.JPG">
        <transform>9.9912540245528214e-001 4.1566829364947468e-002 -4.5419010463886855e-003 1.4100256227257496e+001 4.1501935612772177e-002 -9.9904649602816309e-001 -1.3553158828953436e-002 2.3162278424186084e+001 -5.1009321661004033e-003 1.3352807584731660e-002 -9.9989783629160933e-001 1.7724452984247546e-001 0 0 0 1</transform>
        <rotation_covariance>1.1834690556844735e-008 3.4607283544176014e-010 -2.2515562792714308e-010 3.4607283544176029e-010 5.5946535757048627e-009 -9.0386638777658209e-012 -2.2515562792714316e-010 -9.0386638777658371e-012 2.3052655726692472e-010</rotation_covariance>
        <location_covariance>1.6081976852617265e-006 2.4875277302344794e-007 -1.6229725819535504e-007 2.4875277302344794e-007 4.3896385486287627e-006 -8.9174226827356876e-007 -1.6229725819535504e-007 -8.9174226827356876e-007 3.1298718533478292e-006</location_covariance>
      </camera>
      <camera id="23" sensor_id="0" label="DSC00025.JPG">
        <transform>9.9915458213356656e-001 4.0824544171024386e-002 -4.8453683787174915e-003 1.4967330175042582e+001 4.0749336035451590e-002 -9.9906096873493733e-001 -1.4719794940093235e-002 2.3212967914625441e+001 -5.4417473450393871e-003 1.4509905018180740e-002 -9.9987991781123209e-001 1.7494954308128241e-001 0 0 0 1</transform>
        <rotation_covariance>1.1985280330629778e-008 2.2178657735950427e-010 -1.9264357550885002e-010 2.2178657735950433e-010 5.6789284540961970e-009 1.5445603391724702e-012 -1.9264357550885005e-010 1.5445603391724730e-012 2.3605055706141486e-010</rotation_covariance>
        <location_covariance>1.6562105358136430e-006 2.2242297626631322e-007 -1.4342651197024213e-007 2.2242297626631322e-007 4.4432727019180612e-006 -8.8068054565949238e-007 -1.4342651197024213e-007 -8.8068054565949238e-007 3.2675084897330645e-006</location_covariance>
      </camera>
      <camera id="24" sensor_id="0" label="DSC00026.JPG">
        <transform>9.9915062759395945e-001 4.0777587646470249e-002 -5.9339467751805359e-003 1.5905310869404090e+001 4.0688016011048871e-002 -9.9906661488372683e-001 -1.4504632979005731e-002 2.3330309169586062e+001 -6.5198720601611143e-003 1.4250872622596365e-002 -9.9987719440830014e-001 1.7486975849556455e-001 0 0 0 1</transform>
        <rotation_covariance>1.2724193046668121e-008 5.0390581245508448e-010 -2.0468311924053144e-010 5.0390581245508438e-010 5.9892219180004538e-009 -1.1939742122415085e-012 -2.0468311924053141e-010 -1.1939742122415222e-012 2.5328775888207032e-010</rotation_covariance>
        <location_covariance>1.7802607016860619e-006 3.3036705600465304e-007 -1.1165437330199009e-007 3.3036705600465304e-007 4.7148908176163778e-006 -8.7246011636160606e-007 -1.1165437330199009e-007 -8.7246011636160606e-007 3.4339357547366914e-006</location_covariance>
      </camera>
      <camera id="25" sensor_id="0" label="DSC00027.JPG">
        <transform>9.9919067019686081e-001 3.9882514689134195e-002 -5.2335087292115431e-003 1.6857057874813556e+001 3.9804497414956515e-002 -9.9910588331060746e-001 -1.4249067326446282e-002 2.3369166457514645e+001 -5.7971179986661299e-003 1.4029217946909001e-002 -9.9988478059559827e-001 1.6106043669230427e-001 0 0 0 1</transform>
        <rotation_covariance>1.2698504333251105e-008 8.0456235240072886e-010 -1.7915966105849887e-010 8.0456235240072907e-010 5.8670101478951658e-009 -7.9157119685445863e-012 -1.7915966105849887e-010 -7.9157119685446089e-012 2.6301811351694438e-010</rotation_covariance>
        <location_covariance>1.7586041245589354e-006 4.5158299015910817e-007 -8.4915151409468811e-008 4.5158299015910817e-007 4.7113040188720095e-006 -8.6038348030950695e-007 -8.4915151409468811e-008 -8.6038348030950695e-007 3.5922690002206607e-006</location_covariance>
      </camera>
      <camera id="26" sensor_id="0" label="DSC00028.JPG">
        <transform>9.9940210612871383e-001 3.3939943446128336e-002 -6.5962492649201251e-003 1.7600229164383560e+001 3.3839979322304779e-002 -9.9931889390286899e-001 -1.4717475605972400e-002 2.3335305100543387e+001 -7.0912668090640689e-003 1.4485459178777119e-002 -9.9986993424516102e-001 1.0020292216252583e-001 0 0 0 1</transform>
        <rotation_covariance>1.3105916236243512e-008 1.1517420014470934e-009 -1.5783407173922910e-010 1.1517420014470934e-009 6.0726415269399539e-009 -1.7864909295004789e-011 -1.5783407173922913e-010 -1.7864909295004776e-011 2.7546681553198152e-010</rotation_covariance>
        <location_covariance>1.8463971559916642e-006 5.9392417965077878e-007 -8.2635000649817576e-008 5.9392417965077878e-007 4.8311093388333678e-006 -8.5716362054172456e-007 -8.2635000649817576e-008 -8.5716362054172456e-007 3.7087601410374589e-006</location_covariance>
      </camera>
      <camera id="27" sensor_id="0" label="DSC00029.JPG">
        <transform>9.9937408031284847e-001 3.4598495066922447e-002 -7.3750754540968712e-003 1.7381584660020035e+001 3.4469462223737909e-002 -9.9926186196677125e-001 -1.6958401832359457e-002 2.1567288330483986e+001 -7.9563668125460472e-003 1.6693572350027740e-002 -9.9982899581345341e-001 7.8564374779062404e-002 0 0 0 1</transform>
        <rotation_covariance>1.1213133234500236e-008 6.6022801199442431e-010 -1.9958533737918918e-010 6.6022801199442441e-010 5.4760401130906023e-009 1.9904922415596932e-011 -1.9958533737918918e-010 1.9904922415596945e-011 2.3715647995356257e-010</rotation_covariance>
        <location_covariance>1.6170120993650353e-006 4.0600514223362209e-007 -3.4319870179810328e-008 4.0600514223362209e-007 4.0825469555155420e-006 -6.5744794281799687e-007 -3.4319870179810328e-008 -6.5744794281799687e-007 3.3895509671049345e-006</location_covariance>
      </camera>
      <camera id="28" sensor_id="0" label="DSC00030.JPG">
        <transform>9.9953808961529655e-001 2.9644326865668022e-002 -6.6948706398597506e-003 1.7032230310826073e+001 2.9537644487511505e-002 -9.9944335798897244e-001 -1.5508118191972018e-002 2.1474684207579386e+001 -7.1508717183574409e-003 1.5303204122281885e-002 -9.9985732831102425e-001 1.0347448541652945e-001 0 0 0 1</transform>
        <rotation_covariance>1.1197084022830768e-008 5.0604816711629767e-010 -1.9510287268183762e-010 5.0604816711629757e-010 5.4422505351549391e-009 2.5459195002175914e-011 -1.9510287268183762e-010 2.5459195002175917e-011 2.3162398864324891e-010</rotation_covariance>
        <location_covariance>1.6000353617158648e-006 3.5497756493074079e-007 -5.1068131849792551e-008 3.5497756493074079e-007 4.0776776753092767e-006 -6.4834929221591334e-007 -5.1068131849792551e-008 -6.4834929221591334e-007 3.3212193782972491e-006</location_covariance>
      </camera>
      <camera id="29" sensor_id="0" label="DSC00031.JPG">
        <transform>9.9953510778358612e-001 2.9220774022226694e-002 -8.7014179073149449e-003 1.5767514345780469e+001 2.9092266749993188e-002 -9.9947088677255902e-001 -1.4546013523359403e-002 2.1512388563083235e+001 -9.1218596460930328e-003 1.4286107224029761e-002 -9.9985633908926164e-001 9.8282374904897149e-002 0 0 0 1</transform>
        <rotation_covariance>1.0841305471953430e-008 3.5364389123291455e-010 -2.3237711388813298e-010 3.5364389123291450e-010 5.2532170765188369e-009 1.9113269115033745e-011 -2.3237711388813300e-010 1.9113269115033729e-011 2.1826137727746506e-010</rotation_covariance>
        <location_covariance>1.4995219179377455e-006 2.8558516575625319e-007 -9.5366293425591730e-008 2.8558516575625319e-007 3.9475070457452509e-006 -6.8551521557255496e-007 -9.5366293425591730e-008 -6.8551521557255496e-007 3.1231026460717440e-006</location_covariance>
      </camera>
      <camera id="30" sensor_id="0" label="DSC00032.JPG">
        <transform>9.9951798734121389e-001 2.9977713773610651e-002 -8.0702948072517260e-003 1.4358684122598014e+001 2.9849336796649195e-002 -9.9943292194652156e-001 -1.5583697322472155e-002 2.1551001002534431e+001 -8.5328819380490854e-003 1.5335292835342131e-002 -9.9984599750135805e-001 1.1794878534279130e-001 0 0 0 1</transform>
        <rotation_covariance>1.0452753291782070e-008 1.9215938817632830e-010 -2.3463975917844514e-010 1.9215938817632830e-010 5.0999861276399017e-009 2.6049332232101327e-011 -2.3463975917844514e-010 2.6049332232101331e-011 2.0591269121960808e-010</rotation_covariance>
        <location_covariance>1.4211667814419375e-006 2.1037162512329498e-007 -1.3988801848359178e-007 2.1037162512329498e-007 3.8155805199799406e-006 -7.1557174523640528e-007 -1.3988801848359178e-007 -7.1557174523640528e-007 2.9160593202204523e-006</location_covariance>
      </camera>
      <camera id="31" sensor_id="0" label="DSC00033.JPG">
        <transform>9.9954008227624536e-001 2.9366095475290552e-002 -7.5667932264757648e-003 1.2832580803450998e+001 2.9255442005247732e-002 -9.9946908230049314e-001 -1.4341291381448761e-002 2.1562515786475505e+001 -7.9839236139699066e-003 1.4113325686958042e-002 -9.9986852685829652e-001 1.7180164416496668e-001 0 0 0 1</transform>
        <rotation_covariance>9.9674971334817355e-009 3.0206393929503772e-010 -2.3282093148851568e-010 3.0206393929503777e-010 4.8721151081485124e-009 2.1178081967605658e-011 -2.3282093148851571e-010 2.1178081967605674e-011 1.9561335723953605e-010</rotation_covariance>
        <location_covariance>1.3266737133182656e-006 2.2620518473545077e-007 -1.8974109447481223e-007 2.2620518473545077e-007 3.6668060104011054e-006 -7.3364436649045755e-007 -1.8974109447481223e-007 -7.3364436649045755e-007 2.7034085233550020e-006</location_covariance>
      </camera>
      <camera id="32" sensor_id="0" label="DSC00034.JPG">
        <transform>9.9953897861671570e-001 2.9682636579324597e-002 -6.3852416988167829e-003 1.1467332076874120e+001 2.9577836341097608e-002 -9.9943561649346624e-001 -1.5924825955226467e-002 2.1484728958949063e+001 -6.8543287951347226e-003 1.5728622635970076e-002 -9.9985280346996253e-001 2.1358379742591729e-001 0 0 0 1</transform>
        <rotation_covariance>9.7567670378582115e-009 2.6998134196848839e-010 -2.2002277119098991e-010 2.6998134196848834e-010 4.7306898291738387e-009 2.8008548691516404e-011 -2.2002277119098984e-010 2.8008548691516385e-011 1.9003116508101452e-010</rotation_covariance>
        <location_covariance>1.2686609293693484e-006 1.9214966199324952e-007 -2.2475404216238698e-007 1.9214966199324952e-007 3.6037476001436752e-006 -7.4635240082213651e-007 -2.2475404216238698e-007 -7.4635240082213651e-007 2.5134205573669049e-006</location_covariance>
      </camera>
      <camera id="33" sensor_id="0" label="DSC00035.JPG">
        <transform>9.9954080182314020e-001 2.9769197758478937e-002 -5.6551176442811036e-003 1.0335504007620951e+001 2.9681919468711938e-002 -9.9944778578935112e-001 -1.4936771318330960e-002 2.1351841276735428e+001 -6.0966505072036110e-003 1.4762057633669768e-002 -9.9987244811876541e-001 2.4019146592686991e-001 0 0 0 1</transform>
        <rotation_covariance>9.7572094318686765e-009 2.3150354284147046e-010 -2.0258638930435322e-010 2.3150354284147051e-010 4.6519690197303356e-009 2.3040599660193541e-011 -2.0258638930435319e-010 2.3040599660193535e-011 1.8767937428602228e-010</rotation_covariance>
        <location_covariance>1.2338982272566664e-006 1.5842647055969039e-007 -2.5639583224981433e-007 1.5842647055969039e-007 3.6080689940463575e-006 -7.5313688834088187e-007 -2.5639583224981433e-007 -7.5313688834088187e-007 2.3555361020770203e-006</location_covariance>
      </camera>
      <camera id="34" sensor_id="0" label="DSC00036.JPG">
        <transform>9.9954937629454554e-001 2.9530538797819784e-002 -5.3843873834267296e-003 9.2255937639797647e+000 2.9428432818223910e-002 -9.9940214274288552e-001 -1.8147297947416291e-002 2.1252460959266994e+001 -5.9170677744662054e-003 1.7980666262390782e-002 -9.9982082592318156e-001 2.5235046023861579e-001 0 0 0 1</transform>
        <rotation_covariance>9.6933158583689933e-009 2.6915443458625000e-010 -1.9017996799067113e-010 2.6915443458625010e-010 4.5287365615252588e-009 3.4056448750854526e-011 -1.9017996799067113e-010 3.4056448750854545e-011 1.8533267454484397e-010</rotation_covariance>
        <location_covariance>1.1832407776787760e-006 1.5534111294026292e-007 -2.8656101365796711e-007 1.5534111294026292e-007 3.5903296592085982e-006 -7.6904821828592546e-007 -2.8656101365796711e-007 -7.6904821828592546e-007 2.2112350591835066e-006</location_covariance>
      </camera>
      <camera id="35" sensor_id="0" label="DSC00037.JPG">
        <transform>9.9954798171693782e-001 2.9706869889204939e-002 -4.6188880676316805e-003 8.0554321742682351e+000 2.9613960483367823e-002 -9.9938029187379129e-001 -1.9027494810015807e-002 2.1260475694213749e+001 -5.1812730178007827e-003 1.8882110465768872e-002 -9.9980829178111619e-001 2.4921097164260678e-001 0 0 0 1</transform>
        <rotation_covariance>9.6964413512102650e-009 -3.2841364629532984e-011 -1.7442744697087685e-010 -3.2841364629533003e-011 4.7341000521583665e-009 3.9125736347661477e-011 -1.7442744697087685e-010 3.9125736347661490e-011 1.8537304757899552e-010</rotation_covariance>
        <location_covariance>1.2664014786951577e-006 3.5211959903242002e-008 -3.2702705908933996e-007 3.5211959903242002e-008 3.5844407560490792e-006 -7.7738619230060009e-007 -3.2702705908933996e-007 -7.7738619230060009e-007 2.0821054688046477e-006</location_covariance>
      </camera>
      <camera id="36" sensor_id="0" label="DSC00038.JPG">
        <transform>9.9954573754492604e-001 2.9744689751433542e-002 -4.8550991092546781e-003 6.8432294023787108e+000 2.9651142439272301e-002 -9.9939241352507346e-001 -1.8319758201856808e-002 2.1255252774811911e+001 -5.3970647407369770e-003 1.8167476988274374e-002 -9.9982039110635501e-001 2.7126853066669698e-001 0 0 0 1</transform>
        <rotation_covariance>9.6168844120551108e-009 2.9730772657703052e-010 -2.0139412885118040e-010 2.9730772657703052e-010 4.8859428519946417e-009 2.4723139182574570e-011 -2.0139412885118040e-010 2.4723139182574570e-011 1.8343958367538042e-010</rotation_covariance>
        <location_covariance>1.3258844275858847e-006 1.3946777957450148e-007 -3.4949141912576470e-007 1.3946777957450148e-007 3.5745778906987684e-006 -8.1427145960230586e-007 -3.4949141912576470e-007 -8.1427145960230586e-007 1.9534711363404275e-006</location_covariance>
      </camera>
      <camera id="37" sensor_id="0" label="DSC00039.JPG">
        <transform>9.9953692085020784e-001 3.0138601203343961e-002 -4.1962572361319171e-003 5.6037398934789051e+000 3.0049388356994479e-002 -9.9935012851796678e-001 -1.9908663704374378e-002 2.1248912023998539e+001 -4.7935494841005065e-003 1.9773349453978274e-002 -9.9979299684220346e-001 3.0428320331332065e-001 0 0 0 1</transform>
        <rotation_covariance>9.4411136389620082e-009 4.1447566098736073e-010 -2.0695048571849108e-010 4.1447566098736083e-010 4.6359342638314672e-009 2.3633314946641029e-011 -2.0695048571849110e-010 2.3633314946641000e-011 1.7847920987118263e-010</rotation_covariance>
        <location_covariance>1.2448058488239466e-006 1.6487207971104397e-007 -3.5536892143952650e-007 1.6487207971104397e-007 3.5306202378935598e-006 -8.4828391447067480e-007 -3.5536892143952650e-007 -8.4828391447067480e-007 1.8286890021455557e-006</location_covariance>
      </camera>
      <camera id="38" sensor_id="0" label="DSC00040.JPG">
        <transform>9.9952104067176339e-001 3.0649037811025355e-002 -4.2808568877643642e-003 4.4318639807470435e+000 3.0561518136577363e-002 -9.9934848028931234e-001 -1.9199181040598111e-002 2.1135992697661617e+001 -4.8665042507773657e-003 1.9059155928328707e-002 -9.9980651413744892e-001 3.4791401900942209e-001 0 0 0 1</transform>
        <rotation_covariance>9.0352208684248472e-009 3.6076184816853943e-010 -2.0500242475751514e-010 3.6076184816853943e-010 4.3858109204602558e-009 2.7049783412829485e-011 -2.0500242475751514e-010 2.7049783412829472e-011 1.7182962975134007e-010</rotation_covariance>
        <location_covariance>1.1688433854228345e-006 1.3325079537173767e-007 -3.5959141997130689e-007 1.3325079537173767e-007 3.4027369588053459e-006 -8.4710339192929904e-007 -3.5959141997130689e-007 -8.4710339192929904e-007 1.7033525442574767e-006</location_covariance>
      </camera>
      <camera id="39" sensor_id="0" label="DSC00041.JPG">
        <transform>9.9952374545132083e-001 3.0617075682297233e-002 -3.8570656759198212e-003 3.3659701715993999e+000 3.0545959493460478e-002 -9.9938337915436715e-001 -1.7314901923557453e-002 2.1020582790318848e+001 -4.3848189914461860e-003 1.7188837850856155e-002 -9.9984264622776975e-001 3.6007058625489130e-001 0 0 0 1</transform>
        <rotation_covariance>9.1762321481828225e-009 3.9589470998678047e-010 -2.0404024792736097e-010 3.9589470998678052e-010 4.4014391149289716e-009 1.8497235425799816e-011 -2.0404024792736097e-010 1.8497235425799842e-011 1.7074767393137528e-010</rotation_covariance>
        <location_covariance>1.1825790752624304e-006 1.3205120398906289e-007 -3.6155555063546034e-007 1.3205120398906289e-007 3.4585557473605289e-006 -8.5768881980564962e-007 -3.6155555063546034e-007 -8.5768881980564962e-007 1.5950027537690965e-006</location_covariance>
      </camera>
      <camera id="40" sensor_id="0" label="DSC00042.JPG">
        <transform>9.9951516027667009e-001 3.0984192144891575e-002 -3.0698883090481501e-003 2.2737958686805420e+000 3.0928331514161796e-002 -9.9938001274102095e-001 -1.6823449215509618e-002 2.0937448505402958e+001 -3.5892460004432274e-003 1.6720346015712834e-002 -9.9985376297849837e-001 3.7011781146614459e-001 0 0 0 1</transform>
        <rotation_covariance>9.1529230807659940e-009 3.6546317877817508e-010 -1.9049787516295803e-010 3.6546317877817498e-010 4.4101399455776941e-009 2.7004742515135923e-011 -1.9049787516295808e-010 2.7004742515135917e-011 1.6954530424136696e-010</rotation_covariance>
        <location_covariance>1.1973697790675110e-006 1.0841583554373528e-007 -3.6452451167373990e-007 1.0841583554373528e-007 3.4549685566671530e-006 -8.5392213577850102e-007 -3.6452451167373990e-007 -8.5392213577850102e-007 1.4937068273575647e-006</location_covariance>
      </camera>
      <camera id="41" sensor_id="0" label="DSC00043.JPG">
