<?xml version="1.0" encoding="UTF-8"?>
<document version="1.5.0">
  <chunk label="SonyA9" enabled="true">
    <sensors next_id="1">
      <sensor id="0" label="SonyA9" type="frame">
        <resolution width="6000" height="4000"/>
        <property name="pixel_width" value="0.006"/>
        <property name="pixel_height" value="0.006"/>
        <property name="focal_length" value="55"/>
        <property name="fixed" value="true"/>
        <property name="layer_index" value="0"/>
        <calibration type="frame" class="initial">
          <resolution width="6000" height="4000"/>
          <f>9227.77018581081</f>
          <cx>-37.8304617831239</cx>
          <cy>31.7622333680372</cy>
          <k1>-0.017282082281574</k1>
        </calibration>
      </sensor>
    </sensors>
    <cameras next_id="600" next_group_id="0">
      <camera id="0" sensor_id="0" label="DSC00624.JPG">
        <transform>9.9716907283307898e-001 -7.5189905607199750e-002 5.6416309530597352e-004 -2.8736504737948508e+001 -7.5191194370880607e-002 -9.9709482362130564e-001 1.2173618881742091e-002 1.1297903945580495e+001 -3.5280915260845304e-004 -1.2181576350286055e-002 -9.9992573960435882e-001 1.4095250517369131e+000 0 0 0 1</transform>
        <rotation_covariance>1.4162289631438216e-008 -1.1816774359596067e-009 1.4288983419115224e-011 -1.1816774359596067e-009 7.1838596158434079e-009 2.4018052111382440e-011 1.4288983419115227e-011 2.4018052111382446e-011 2.1079744552660880e-010</rotation_covariance>
        <location_covariance>2.2500985224135454e-006 -1.0477783107759968e-006 8.3635495294662000e-007 -1.0477783107759968e-006 6.9159757533520548e-006 -9.3795371094349927e-007 8.3635495294662000e-007 -9.3795371094349927e-007 1.9586670981088046e-006</location_covariance>
      </camera>
      <camera id="1" sensor_id="0" label="DSC00625.JPG">
        <transform>9.9892930688944293e-001 -4.6251195780105975e-002 -1.0328244224064365e-003 -2.8486127583813310e+001 -4.6244607123737402e-002 -9.9891396621784778e-001 5.6854557336711280e-003 1.1044489011517564e+001 -1.2946618664298206e-003 -5.6316057957447232e-003 -9.9998330429403315e-001 1.2977848285397591e+000 0 0 0 1</transform>
        <rotation_covariance>1.3525259359622347e-008 -9.4210365525091917e-010 3.6116191334436119e-012 -9.4210365525091938e-010 6.9024803048536398e-009 8.9789821556081861e-011 3.6116191334436139e-012 8.9789821556081848e-011 2.0343271632516874e-010</rotation_covariance>
        <location_covariance>2.1276521242406568e-006 -1.0204831555179905e-006 7.9858776206245877e-007 -1.0204831555179905e-006 6.5214038588324125e-006 -8.7865760690029301e-007 7.9858776206245877e-007 -8.7865760690029301e-007 1.8715069974332689e-006</location_covariance>
      </camera>
      <camera id="2" sensor_id="0" label="DSC00626.JPG">
        <transform>9.9980731712939841e-001 -1.9627156529202834e-002 3.2146709578694704e-004 -2.7167577435162251e+001 -1.9628097527719435e-002 -9.9980207973505908e-001 3.2464049181963836e-003 1.0900164448113964e+001 2.5768577344756479e-004 -3.2520891790856674e-003 -9.9999467874284886e-001 1.2327078234829110e+000 0 0 0 1</transform>
        <rotation_covariance>1.3405829040907012e-008 -9.0762449836854930e-010 2.0451729100163657e-011 -9.0762449836854920e-010 6.6144460014531781e-009 1.3566527707816075e-010 2.0451729100163657e-011 1.3566527707816072e-010 1.9258417816074515e-010</rotation_covariance>
        <location_covariance>1.9763887754325987e-006 -1.0002757638375953e-006 7.4022448431140511e-007 -1.0002757638375953e-006 6.3971879498530703e-006 -8.3711537349309501e-007 7.4022448431140511e-007 -8.3711537349309501e-007 1.6439648635695011e-006</location_covariance>
      </camera>
      <camera id="3" sensor_id="0" label="DSC00627.JPG">
        <transform>9.9999392753838934e-001 3.4381385089020406e-003 5.6928897664972208e-004 -2.5741571755654110e+001 3.4377843295760793e-003 -9.9999389738531275e-001 6.2195742283513509e-004 1.0885563373666150e+001 5.7142387826479893e-004 -6.1999655329963500e-004 -9.9999964453944945e-001 1.1800630493077255e+000 0 0 0 1</transform>
        <rotation_covariance>1.4343688744775049e-008 -8.5440594228926221e-010 -1.8867739743053151e-011 -8.5440594228926221e-010 6.3661418712193122e-009 1.6191813506194439e-010 -1.8867739743053154e-011 1.6191813506194441e-010 1.8596218598123606e-010</rotation_covariance>
        <location_covariance>1.8673138087778164e-006 -9.5237932858846995e-007 7.0953768464812944e-007 -9.5237932858846995e-007 6.7291137679713682e-006 -8.1277602934320774e-007 7.0953768464812944e-007 -8.1277602934320774e-007 1.4424223225666299e-006</location_covariance>
      </camera>
      <camera id="4" sensor_id="0" label="DSC00628.JPG">
        <transform>9.9997527537405895e-001 6.8099345537749279e-003 1.7531206313294743e-003 -2.4164205748368982e+001 6.8102367233960253e-003 -9.9997679621602975e-001 -1.6644907975245249e-004 1.1063777482966975e+001 1.7519464449574211e-003 1.7838413086524062e-004 -9.9999844943017580e-001 1.1435862469244382e+000 0 0 0 1</transform>
        <rotation_covariance>1.4752095221691014e-008 -8.1778578002256357e-010 -3.4463492331080600e-012 -8.1778578002256367e-010 6.2069054528071452e-009 1.5609489089093870e-010 -3.4463492331080596e-012 1.5609489089093868e-010 1.8069696348023945e-010</rotation_covariance>
        <location_covariance>1.8073044429052553e-006 -8.4341267771040429e-007 6.8038209543872192e-007 -8.4341267771040429e-007 6.8753275900134987e-006 -8.4668925767526279e-007 6.8038209543872192e-007 -8.4668925767526279e-007 1.2669311041339638e-006</location_covariance>
      </camera>
      <camera id="5" sensor_id="0" label="DSC00629.JPG">
        <transform>9.9997193166974752e-001 6.7532788156686669e-003 3.2448571480757520e-003 -2.2828380295987984e+001 6.7575757171420567e-003 -9.9997630258018066e-001 -1.3150849775432813e-003 1.1316813835015534e+001 3.2358991178140129e-003 1.3369754331732531e-003 -9.9999387070801105e-001 1.0993955349641298e+000 0 0 0 1</transform>
        <rotation_covariance>1.4435138713545955e-008 -7.0588037802357961e-010 2.0180729939986140e-011 -7.0588037802357971e-010 6.0367041520865264e-009 1.4751922165592402e-010 2.0180729939986140e-011 1.4751922165592399e-010 1.7471736836492921e-010</rotation_covariance>
        <location_covariance>1.7584787030487661e-006 -7.0557861188788470e-007 6.6377007779273949e-007 -7.0557861188788470e-007 6.7312850354965462e-006 -9.1427831005708744e-007 6.6377007779273949e-007 -9.1427831005708744e-007 1.1466414468316357e-006</location_covariance>
      </camera>
      <camera id="6" sensor_id="0" label="DSC00630.JPG">
        <transform>9.9997512942707101e-001 6.4019222029958710e-003 2.9590402867217380e-003 -2.1436925144089038e+001 6.4059929835546987e-003 -9.9997854529452324e-001 -1.3682852567670687e-003 1.1576481873677260e+001 2.9502171456185630e-003 1.3872068180435986e-003 -9.9999468592389917e-001 1.0580931499697499e+000 0 0 0 1</transform>
        <rotation_covariance>1.4115887386856857e-008 -6.8995542344603715e-010 2.0747016534598115e-011 -6.8995542344603705e-010 5.9630041184331697e-009 1.3464694000081711e-010 2.0747016534598124e-011 1.3464694000081714e-010 1.7321010139577727e-010</rotation_covariance>
        <location_covariance>1.7517377285404879e-006 -6.0754133299124498e-007 6.2011278723681846e-007 -6.0754133299124498e-007 6.5963382619380751e-006 -9.9180292804789379e-007 6.2011278723681846e-007 -9.9180292804789379e-007 1.0409066426386139e-006</location_covariance>
      </camera>
      <camera id="7" sensor_id="0" label="DSC00631.JPG">
        <transform>9.9997689498003173e-001 6.2043969561645460e-003 2.7775824928568532e-003 -2.0215645947418398e+001 6.2103814425630670e-003 -9.9997840162186358e-001 -2.1511513476971515e-003 1.1806344230706346e+001 2.7641759047059662e-003 2.1683514920711349e-003 -9.9999382877264531e-001 1.0533620741191760e+000 0 0 0 1</transform>
        <rotation_covariance>1.3831375175292456e-008 -7.6678012905560756e-010 3.0359297950628078e-011 -7.6678012905560766e-010 5.7982561420687472e-009 1.3034462721691744e-010 3.0359297950628072e-011 1.3034462721691742e-010 1.6871752059777102e-010</rotation_covariance>
        <location_covariance>1.7199699931612195e-006 -5.6312878541118449e-007 5.8120410818637066e-007 -5.6312878541118449e-007 6.5014184622274609e-006 -1.0577307360180280e-006 5.8120410818637066e-007 -1.0577307360180280e-006 9.6407725433854285e-007</location_covariance>
      </camera>
      <camera id="8" sensor_id="0" label="DSC00632.JPG">
        <transform>9.9997541671452272e-001 6.2576839142928801e-003 3.1634409502163795e-003 -1.8943769604479275e+001 6.2677720923076238e-003 -9.9997527172104594e-001 -3.1891973001237288e-003 1.2016998271354520e+001 3.1434057351216174e-003 3.2089466260794854e-003 -9.9998991078007149e-001 1.0586429226064795e+000 0 0 0 1</transform>
        <rotation_covariance>1.3886237050234031e-008 -8.5910321678987679e-010 4.2394718248919712e-011 -8.5910321678987669e-010 5.8148716933660768e-009 1.2660752678335839e-010 4.2394718248919712e-011 1.2660752678335839e-010 1.6830018479961185e-010</rotation_covariance>
        <location_covariance>1.7740957525847574e-006 -5.2220768604668484e-007 5.3138363159260799e-007 -5.2220768604668484e-007 6.5497152599388747e-006 -1.1267098885027427e-006 5.3138363159260799e-007 -1.1267098885027427e-006 8.9666116830036644e-007</location_covariance>
      </camera>
      <camera id="9" sensor_id="0" label="DSC00633.JPG">
        <transform>9.9997617809290040e-001 5.9231808422407694e-003 3.5438926938545193e-003 -1.7716563566633504e+001 5.9381231097244249e-003 -9.9997346148974664e-001 -4.2207831202238774e-003 1.2188902633272216e+001 3.5187981825049630e-003 4.2417266442242628e-003 -9.9998481279188756e-001 1.0557985636991987e+000 0 0 0 1</transform>
        <rotation_covariance>1.3826397803615329e-008 -8.1311837974520014e-010 5.4945423904149189e-011 -8.1311837974520035e-010 5.8558817185737219e-009 1.2885138100336349e-010 5.4945423904149196e-011 1.2885138100336351e-010 1.6842131863322511e-010</rotation_covariance>
        <location_covariance>1.8440978965986560e-006 -4.2679720257694273e-007 4.7052651719345299e-007 -4.2679720257694273e-007 6.5461712763253001e-006 -1.1787159799127558e-006 4.7052651719345299e-007 -1.1787159799127558e-006 8.4096496232616648e-007</location_covariance>
      </camera>
      <camera id="10" sensor_id="0" label="DSC00634.JPG">
        <transform>9.9997706418873000e-001 6.0467420276078439e-003 3.0509027090484804e-003 -1.6496689453452930e+001 6.0590044279397390e-003 -9.9997353888292062e-001 -4.0261643421675300e-003 1.2380025936847689e+001 3.0264768016168586e-003 4.0445574318453735e-003 -9.9998724091527780e-001 1.0406413190001969e+000 0 0 0 1</transform>
        <rotation_covariance>1.3910787471383016e-008 -6.2381021184288814e-010 3.7776677003552080e-011 -6.2381021184288814e-010 5.6915160510263469e-009 1.2266850098557251e-010 3.7776677003552087e-011 1.2266850098557251e-010 1.6470778814277040e-010</rotation_covariance>
        <location_covariance>1.8357678808241078e-006 -2.7598265571473409e-007 4.1244431127068465e-007 -2.7598265571473409e-007 6.5964776654020807e-006 -1.2513728850136362e-006 4.1244431127068465e-007 -1.2513728850136362e-006 8.0027923550993866e-007</location_covariance>
      </camera>
      <camera id="11" sensor_id="0" label="DSC00635.JPG">
        <transform>9.9997700234920850e-001 5.7265896321449516e-003 3.6333103194002266e-003 -1.5287500566955424e+001 5.7435764130507726e-003 -9.9997254374159750e-001 -4.6822102629234877e-003 1.2532804518994158e+001 3.6063974655460608e-003 4.7029707785387273e-003 -9.9998243782737339e-001 1.0185680486293009e+000 0 0 0 1</transform>
        <rotation_covariance>1.3777284301833606e-008 -5.6040819599163131e-010 4.7012066477476313e-011 -5.6040819599163131e-010 5.6870949427603792e-009 1.2027079618057791e-010 4.7012066477476319e-011 1.2027079618057791e-010 1.6322381505978098e-010</rotation_covariance>
        <location_covariance>1.8975228690080516e-006 -1.7391139638869350e-007 3.4177016361288300e-007 -1.7391139638869350e-007 6.5490228465919087e-006 -1.3095919131973719e-006 3.4177016361288300e-007 -1.3095919131973719e-006 7.6750371165962593e-007</location_covariance>
      </camera>
      <camera id="12" sensor_id="0" label="DSC00636.JPG">
        <transform>9.9997768376205221e-001 5.4544775404064636e-003 3.8575448980898096e-003 -1.4058039783274790e+001 5.4694583537860855e-003 -9.9997750076709380e-001 -3.8836818758838879e-003 1.2689089103113368e+001 3.8362746507226088e-003 3.9046938878829970e-003 -9.9998501806899398e-001 9.9909198891207440e-001 0 0 0 1</transform>
        <rotation_covariance>1.3595967125350039e-008 -4.7737433689084043e-010 2.8753722449529204e-011 -4.7737433689084043e-010 5.5071009657129426e-009 1.1217373634049264e-010 2.8753722449529208e-011 1.1217373634049262e-010 1.5856895536278720e-010</rotation_covariance>
        <location_covariance>1.8967841956467422e-006 -6.1978554028855314e-008 2.7338316646979732e-007 -6.1978554028855314e-008 6.4819422125074023e-006 -1.3704101516772152e-006 2.7338316646979732e-007 -1.3704101516772152e-006 7.4493758590196126e-007</location_covariance>
      </camera>
      <camera id="13" sensor_id="0" label="DSC00637.JPG">
        <transform>9.9997558896787941e-001 5.4360860547264947e-003 4.3898105595122682e-003 -1.2763830000301221e+001 5.4557987821736093e-003 -9.9997503162615164e-001 -4.4911450572653073e-003 1.2913221258197337e+001 4.3652867020655415e-003 4.5149853468836165e-003 -9.9998027939521195e-001 9.8042080444392266e-001 0 0 0 1</transform>
        <rotation_covariance>1.3454107027356815e-008 -4.3580095728866715e-010 2.3612582448042367e-011 -4.3580095728866715e-010 5.5512875871407067e-009 1.0810482996356858e-010 2.3612582448042389e-011 1.0810482996356856e-010 1.6099116273180900e-010</rotation_covariance>
        <location_covariance>1.9979472418396787e-006 4.2592687398900974e-008 1.8736965960868880e-007 4.2592687398900974e-008 6.4418680601395172e-006 -1.4455927758592145e-006 1.8736965960868880e-007 -1.4455927758592145e-006 7.4350853249791115e-007</location_covariance>
      </camera>
      <camera id="14" sensor_id="0" label="DSC00638.JPG">
        <transform>9.9997883281918687e-001 5.0901065414159135e-003 4.0527433884593161e-003 -1.1502377984493085e+001 5.1085513964803904e-003 -9.9997658192414052e-001 -4.5539330190638230e-003 1.3117987973571168e+001 4.0294684767576989e-003 4.5745402730368902e-003 -9.9998141830990295e-001 9.7468648214473042e-001 0 0 0 1</transform>
        <rotation_covariance>1.3197803461894160e-008 -3.8770000972538582e-010 1.9303398050504563e-011 -3.8770000972538576e-010 5.3433170779407396e-009 1.0706542213049230e-010 1.9303398050504573e-011 1.0706542213049231e-010 1.5844709181001888e-010</rotation_covariance>
        <location_covariance>2.0038063091419099e-006 1.5065251312821085e-007 1.0159243082212151e-007 1.5065251312821085e-007 6.3681719659116388e-006 -1.5092709208878138e-006 1.0159243082212151e-007 -1.5092709208878138e-006 7.5145818763537251e-007</location_covariance>
      </camera>
      <camera id="15" sensor_id="0" label="DSC00639.JPG">
        <transform>9.9997884990190467e-001 4.9912021358880293e-003 4.1698501295820882e-003 -1.0341690742198093e+001 5.0118287005314769e-003 -9.9997518487979986e-001 -4.9508784762503687e-003 1.3294103912016666e+001 4.1450358190247239e-003 4.9716723392412921e-003 -9.9997905035666135e-001 9.5634662638875123e-001 0 0 0 1</transform>
        <rotation_covariance>1.3556840298016678e-008 -2.6676281849497431e-010 2.8935397251061211e-012 -2.6676281849497436e-010 5.4724709203433083e-009 9.8690073491248446e-011 2.8935397251061179e-012 9.8690073491248446e-011 1.6594723872425409e-010</rotation_covariance>
        <location_covariance>2.1435550398746239e-006 2.8490208360619507e-007 8.9980203110067337e-009 2.8490208360619507e-007 6.5330775599140449e-006 -1.5707124748800808e-006 8.9980203110067337e-009 -1.5707124748800808e-006 7.7095822273284801e-007</location_covariance>
      </camera>
      <camera id="16" sensor_id="0" label="DSC00640.JPG">
        <transform>9.9998053661274411e-001 4.4920096149497516e-003 4.3299243997116012e-003 -9.0531145620640832e+000 4.5103936344843094e-003 -9.9998081613782819e-001 -4.2454334978978547e-003 1.3530461778607018e+001 4.3107708069465150e-003 4.2648805308318737e-003 -9.9998161385552875e-001 9.3481546358386947e-001 0 0 0 1</transform>
        <rotation_covariance>1.3639473991293788e-008 6.1367174715640749e-011 -9.6502333246951565e-012 6.1367174715640736e-011 5.3197208175165174e-009 9.4889158121449695e-011 -9.6502333246951549e-012 9.4889158121449695e-011 1.6974307577719471e-010</rotation_covariance>
        <location_covariance>2.1873362532303243e-006 5.1734582624659576e-007 -9.4787006105661930e-008 5.1734582624659576e-007 6.6024484763515786e-006 -1.6562561373789695e-006 -9.4787006105661930e-008 -1.6562561373789695e-006 8.1034935569213592e-007</location_covariance>
      </camera>
      <camera id="17" sensor_id="0" label="DSC00641.JPG">
        <transform>9.9998053746610072e-001 4.2955732962979311e-003 4.5246811007579766e-003 -7.8041583274124990e+000 4.3277024680766323e-003 -9.9996532202471300e-001 -7.1151766921057954e-003 1.3743298166936798e+001 4.4939604309815325e-003 7.1346196863052384e-003 -9.9996445012889157e-001 9.1204379735260399e-001 0 0 0 1</transform>
        <rotation_covariance>1.3569856657678036e-008 1.5596668419595260e-010 -1.0906346043783369e-011 1.5596668419595258e-010 5.2478131470895535e-009 1.1233214857728073e-010 -1.0906346043783345e-011 1.1233214857728073e-010 1.6914784238061174e-010</rotation_covariance>
        <location_covariance>2.2722972987220236e-006 6.5849682558752815e-007 -1.9456490287197959e-007 6.5849682558752815e-007 6.5994266320809314e-006 -1.7427363605172456e-006 -1.9456490287197959e-007 -1.7427363605172456e-006 8.5826151157569360e-007</location_covariance>
      </camera>
      <camera id="18" sensor_id="0" label="DSC00642.JPG">
        <transform>9.9998066086302095e-001 3.5904470682828968e-003 5.0780498034544482e-003 -6.5471501836780650e+000 3.6254288639697412e-003 -9.9996964696058988e-001 -6.8964790339344807e-003 1.3905290853040624e+001 5.0531342262797735e-003 6.9147557703118871e-003 -9.9996332532104804e-001 8.7444162656227331e-001 0 0 0 1</transform>
        <rotation_covariance>1.3306150397887262e-008 4.6452781640063147e-010 -8.6861909528417769e-012 4.6452781640063141e-010 5.1093291265747061e-009 1.1311835554562214e-010 -8.6861909528417801e-012 1.1311835554562213e-010 1.6652980703017430e-010</rotation_covariance>
        <location_covariance>2.3370654535055520e-006 8.8614642101282441e-007 -3.0939135638138938e-007 8.8614642101282441e-007 6.5066050954058432e-006 -1.8389757647886551e-006 -3.0939135638138938e-007 -1.8389757647886551e-006 9.1274232173464836e-007</location_covariance>
      </camera>
      <camera id="19" sensor_id="0" label="DSC00643.JPG">
        <transform>9.9997948569702266e-001 3.5003190546112899e-003 5.3643221039122811e-003 -5.2128150157989186e+000 3.5446867711159823e-003 -9.9995940591656673e-001 -8.2838224680144845e-003 1.4136166110726755e+001 5.3351083225434241e-003 8.3026673727683055e-003 -9.9995129998099597e-001 8.2586977684529128e-001 0 0 0 1</transform>
        <rotation_covariance>1.2825813518235586e-008 8.0240905879129264e-010 -2.4352082062891523e-011 8.0240905879129264e-010 5.0193309623548645e-009 1.2616665064437523e-010 -2.4352082062891513e-011 1.2616665064437520e-010 1.6497549103715199e-010</rotation_covariance>
        <location_covariance>2.4390117947138583e-006 1.1336079871079163e-006 -4.2651455430277444e-007 1.1336079871079163e-006 6.3361348146950156e-006 -1.9660549993598688e-006 -4.2651455430277444e-007 -1.9660549993598688e-006 9.9669381788398184e-007</location_covariance>
      </camera>
      <camera id="20" sensor_id="0" label="DSC00644.JPG">
        <transform>9.9997928285857651e-001 3.0573859162103009e-003 5.6644721736629610e-003 -4.0650250964143382e+000 3.1050838606970443e-003 -9.9995963774920127e-001 -8.4309742440708685e-003 1.4307948578169137e+001 5.6384668009026914e-003 8.4483882395109261e-003 -9.9994841488363273e-001 8.0673924220839222e-001 0 0 0 1</transform>
        <rotation_covariance>1.2744034255619360e-008 1.0133798826858684e-009 -3.0087846543071311e-011 1.0133798826858686e-009 5.1341820813890872e-009 1.2973244886805346e-010 -3.0087846543071311e-011 1.2973244886805349e-010 1.6808217819728232e-010</rotation_covariance>
        <location_covariance>2.6196636772103085e-006 1.3176422414778917e-006 -5.4685656779964241e-007 1.3176422414778917e-006 6.3248693750012983e-006 -2.0586359063134010e-006 -5.4685656779964241e-007 -2.0586359063134010e-006 1.0758876058314346e-006</location_covariance>
      </camera>
      <camera id="21" sensor_id="0" label="DSC00645.JPG">
        <transform>9.9998167952190786e-001 3.0343290919811828e-003 5.2376967748991197e-003 -3.0215263756740223e+000 3.0771891912826288e-003 -9.9996169033377491e-001 -8.1944353985325576e-003 1.4472153955585219e+001 5.2126315067617572e-003 8.2104026564612971e-003 -9.9995270776221890e-001 7.7487993627744167e-001 0 0 0 1</transform>
        <rotation_covariance>1.2723224282558461e-008 1.1400547357163886e-009 -3.3029515083739512e-011 1.1400547357163890e-009 5.2457555105203007e-009 1.3080681567280774e-010 -3.3029515083739532e-011 1.3080681567280774e-010 1.7173095531379784e-010</rotation_covariance>
        <location_covariance>2.7919160165566950e-006 1.4597264658629787e-006 -6.6656825383624210e-007 1.4597264658629787e-006 6.3281367451269883e-006 -2.1509429732334681e-006 -6.6656825383624210e-007 -2.1509429732334681e-006 1.1597664804700371e-006</location_covariance>
      </camera>
      <camera id="22" sensor_id="0" label="DSC00646.JPG">
        <transform>9.9997868122208289e-001 2.4193448515420291e-003 6.0649708847979773e-003 -2.1104536532798930e+000 2.4567611709347984e-003 -9.9997795111331012e-001 -6.1694093538443174e-003 1.4668297438712447e+001 6.0499112301848831e-003 6.1841780145490445e-003 -9.9996257655793863e-001 7.6502937546255778e-001 0 0 0 1</transform>
        <rotation_covariance>1.2810650127216443e-008 1.1369001175535426e-009 -2.1603382948963063e-011 1.1369001175535428e-009 5.2956161496386312e-009 1.2460184115511010e-010 -2.1603382948963066e-011 1.2460184115511010e-010 1.7587737205862723e-010</rotation_covariance>
        <location_covariance>2.9358568145046499e-006 1.5473241099347037e-006 -7.8402378234938247e-007 1.5473241099347037e-006 6.3893605735740607e-006 -2.2488848468015029e-006 -7.8402378234938247e-007 -2.2488848468015029e-006 1.2495315627103032e-006</location_covariance>
      </camera>
      <camera id="23" sensor_id="0" label="DSC00647.JPG">
        <transform>9.9998322175304022e-001 2.3985213665660586e-003 5.2728841883462095e-003 -1.2322568905684921e+000 2.4434448937211990e-003 -9.9996063478245267e-001 -8.5298571222317855e-003 1.4826475215046907e+001 5.2522175755516055e-003 8.5425980081276567e-003 -9.9994971785075804e-001 7.6376219966280390e-001 0 0 0 1</transform>
        <rotation_covariance>1.2821375151687486e-008 1.1050517696142407e-009 -2.1145284025785912e-011 1.1050517696142409e-009 5.3084048992040342e-009 1.3839372917330028e-010 -2.1145284025785906e-011 1.3839372917330028e-010 1.7996137635308482e-010</rotation_covariance>
        <location_covariance>3.0693925774054885e-006 1.6187276873536577e-006 -8.9984600368818775e-007 1.6187276873536577e-006 6.4190064026624933e-006 -2.3371501602539958e-006 -8.9984600368818775e-007 -2.3371501602539958e-006 1.3376840678849690e-006</location_covariance>
      </camera>
      <camera id="24" sensor_id="0" label="DSC00648.JPG">
        <transform>9.9998715700944230e-001 2.6132349221085504e-003 4.3424439450233665e-003 -3.8525615808322883e-001 2.6535724736515202e-003 -9.9995314492706922e-001 -9.3094846039259473e-003 1.4904444949507617e+001 4.3179126092218138e-003 9.3208880320239662e-003 -9.9994723694652687e-001 7.4917873511398836e-001 0 0 0 1</transform>
        <rotation_covariance>1.2890402627754144e-008 1.2081427173837806e-009 -2.1727999952208640e-011 1.2081427173837810e-009 5.3712203703255636e-009 1.4679108431600284e-010 -2.1727999952208630e-011 1.4679108431600282e-010 1.8438891482450246e-010</rotation_covariance>
        <location_covariance>3.2222824515341432e-006 1.7327954039102827e-006 -1.0143544525053965e-006 1.7327954039102827e-006 6.4532353754492464e-006 -2.4012165702791547e-006 -1.0143544525053965e-006 -2.4012165702791547e-006 1.4155332009176045e-006</location_covariance>
      </camera>
      <camera id="25" sensor_id="0" label="DSC00649.JPG">
        <transform>9.9998872972661013e-001 2.2789914385579319e-003 4.1649271041509003e-003 5.4696802988644166e-001 2.3166738641820241e-003 -9.9995622623808111e-001 -9.0652429588279262e-003 1.4994787671914031e+001 4.1440851785318165e-003 9.0747895688298493e-003 -9.9995023613793632e-001 7.5500353009628152e-001 0 0 0 1</transform>
        <rotation_covariance>1.3137161366657804e-008 1.2736381581156565e-009 -1.2223210633717416e-011 1.2736381581156565e-009 5.4483150405696535e-009 1.4684941476019863e-010 -1.2223210633717426e-011 1.4684941476019868e-010 1.9185825597336514e-010</rotation_covariance>
        <location_covariance>3.4083361790417910e-006 1.8442153261828420e-006 -1.1492360609291158e-006 1.8442153261828420e-006 6.5707136080039165e-006 -2.4791304726971912e-006 -1.1492360609291158e-006 -2.4791304726971912e-006 1.5088917661790334e-006</location_covariance>
      </camera>
      <camera id="26" sensor_id="0" label="DSC00650.JPG">
        <transform>9.9999624690230604e-001 1.5901285526499463e-003 2.2310698078886631e-003 1.0268760395538461e+000 1.6077813520107152e-003 -9.9996724152573035e-001 -7.9329007649076560e-003 1.5110560158386440e+001 2.2183823894341491e-003 7.9364580643882469e-003 -9.9996604513001663e-001 7.3302992780745158e-001 0 0 0 1</transform>
        <rotation_covariance>1.3523366304390224e-008 1.3594780992023888e-009 -1.9218580676189655e-011 1.3594780992023886e-009 5.5214605564478107e-009 1.3443122239254103e-010 -1.9218580676189665e-011 1.3443122239254103e-010 1.9698926774216928e-010</rotation_covariance>
        <location_covariance>3.5150664144660019e-006 1.9274387523951950e-006 -1.2329511820192465e-006 1.9274387523951950e-006 6.7299921610333661e-006 -2.5571721976163254e-006 -1.2329511820192465e-006 -2.5571721976163254e-006 1.5774792489865671e-006</location_covariance>
      </camera>
      <camera id="27" sensor_id="0" label="DSC00651.JPG">
        <transform>9.9998579043422797e-001 5.3046511289107142e-003 -5.2877786685023365e-004 1.2166398576921795e+000 5.3010606631183413e-003 -9.9996433484815561e-001 -6.5747842193934550e-003 1.2982111675853346e+001 -5.6363594443907029e-004 6.5718877110151671e-003 -9.9997824606660113e-001 6.3720102359526831e-001 0 0 0 1</transform>
        <rotation_covariance>1.2696725196927661e-008 1.3669690062253195e-009 -3.3846272738646365e-011 1.3669690062253197e-009 5.5020190773481996e-009 1.5247900399628585e-010 -3.3846272738646358e-011 1.5247900399628582e-010 1.7986537260763839e-010</rotation_covariance>
        <location_covariance>3.5185490402565496e-006 1.7392883763150598e-006 -1.1623761192597473e-006 1.7392883763150598e-006 6.0271622663523096e-006 -1.9743120056786683e-006 -1.1623761192597473e-006 -1.9743120056786683e-006 1.2054686632924255e-006</location_covariance>
      </camera>
      <camera id="28" sensor_id="0" label="DSC00652.JPG">
        <transform>9.9999172367060707e-001 4.0573363050472981e-003 3.0101893027039323e-004 8.6597202577969778e-001 4.0579306048003031e-003 -9.9998976519719029e-001 -2.0006749048637161e-003 1.2995608556456373e+001 2.9289843847489933e-004 2.0018798605489635e-003 -9.9999795334166997e-001 6.2286573651023303e-001 0 0 0 1</transform>
        <rotation_covariance>1.2755663918661850e-008 1.2603850714444666e-009 -4.4308410518566712e-011 1.2603850714444666e-009 5.5144812657307784e-009 1.3242234456412581e-010 -4.4308410518566712e-011 1.3242234456412581e-010 1.7677806054256563e-010</rotation_covariance>
        <location_covariance>3.4594524328579312e-006 1.6755809050875626e-006 -1.1124387896201526e-006 1.6755809050875626e-006 6.0415796565449740e-006 -1.9523129272199536e-006 -1.1124387896201526e-006 -1.9523129272199536e-006 1.1792528356266271e-006</location_covariance>
      </camera>
      <camera id="29" sensor_id="0" label="DSC00653.JPG">
        <transform>9.9998875760114680e-001 4.1940261107855136e-003 -2.2124231730259463e-003 -3.7413363311259984e-001 4.1895045904181945e-003 -9.9998913420763846e-001 -2.0443869360927567e-003 1.2973216402897364e+001 -2.2209733454856538e-003 2.0350949952400712e-003 -9.9999546282258656e-001 6.4061205751867412e-001 0 0 0 1</transform>
        <rotation_covariance>1.2892072122788555e-008 1.2089589438565430e-009 -8.9500925018475698e-011 1.2089589438565428e-009 5.5167704311727492e-009 1.3155248308569172e-010 -8.9500925018475711e-011 1.3155248308569174e-010 1.7055849908502995e-010</rotation_covariance>
        <location_covariance>3.2599411488113662e-006 1.5624312746112471e-006 -9.4020835957587033e-007 1.5624312746112471e-006 6.0944303564055933e-006 -1.8845520112494900e-006 -9.4020835957587033e-007 -1.8845520112494900e-006 1.0797188145800874e-006</location_covariance>
      </camera>
      <camera id="30" sensor_id="0" label="DSC00654.JPG">
        <transform>9.9998983048813317e-001 3.9321881965541624e-003 -2.2083514897727427e-003 -1.8512103054117055e+000 3.9288254308003949e-003 -9.9999111926974404e-001 -1.5250286485274859e-003 1.2759041836524609e+001 -2.2143285776499984e-003 1.5163369122373816e-003 -9.9999639872917478e-001 6.8401564546846050e-001 0 0 0 1</transform>
        <rotation_covariance>1.2810357795684508e-008 1.1820221383931239e-009 -8.3787956407122670e-011 1.1820221383931239e-009 5.4427401506106067e-009 1.2400654696135779e-010 -8.3787956407122683e-011 1.2400654696135779e-010 1.6175834173940805e-010</rotation_covariance>
        <location_covariance>3.0173119615531066e-006 1.4314070522270854e-006 -7.4468854923506436e-007 1.4314070522270854e-006 6.0479427830181731e-006 -1.7752479959246537e-006 -7.4468854923506436e-007 -1.7752479959246537e-006 9.4637897224584158e-007</location_covariance>
      </camera>
      <camera id="31" sensor_id="0" label="DSC00655.JPG">
        <transform>9.9999192061649900e-001 3.8734929243720976e-003 -1.0745949424290655e-003 -3.3834745428008457e+000 3.8742894412629593e-003 -9.9999222100942420e-001 7.4013644976624786e-004 1.2458320367614334e+001 -1.0717196698638960e-003 -7.4429376175911459e-004 -9.9999914872151041e-001 7.1622321370694964e-001 0 0 0 1</transform>
        <rotation_covariance>1.3183037979489872e-008 1.0244204137781735e-009 -6.4649893672947024e-011 1.0244204137781739e-009 5.4036940556595185e-009 1.1580268854413172e-010 -6.4649893672947024e-011 1.1580268854413170e-010 1.5716101233136402e-010</rotation_covariance>
        <location_covariance>2.7988042735187348e-006 1.2406797607751176e-006 -5.5963730476258293e-007 1.2406797607751176e-006 6.1601034176251397e-006 -1.6365989903822245e-006 -5.5963730476258293e-007 -1.6365989903822245e-006 8.1927994423177725e-007</location_covariance>
      </camera>
      <camera id="32" sensor_id="0" label="DSC00656.JPG">
        <transform>9.9999318627256506e-001 3.6826774410880299e-003 2.5552946676938855e-004 -4.9199705482401237e+000 3.6828149017430058e-003 -9.9999307284233530e-001 -5.3957552155233532e-004 1.2223845848061028e+001 2.5354061407550021e-004 5.4051291275985342e-004 -9.9999982178145819e-001 7.3867115257097249e-001 0 0 0 1</transform>
        <rotation_covariance>1.4095035413188111e-008 6.7208901758847381e-010 -3.9522033689182989e-011 6.7208901758847371e-010 5.2357888197997568e-009 1.1802272998827475e-010 -3.9522033689182995e-011 1.1802272998827475e-010 1.5420298720693088e-010</rotation_covariance>
        <location_covariance>2.5471575570567673e-006 9.8039940334779959e-007 -4.0687323696612983e-007 9.8039940334779959e-007 6.4847825918919107e-006 -1.5178975765600885e-006 -4.0687323696612983e-007 -1.5178975765600885e-006 7.2021462543892528e-007</location_covariance>
      </camera>
      <camera id="33" sensor_id="0" label="DSC00657.JPG">
        <transform>9.9999071065719636e-001 3.5833223466233497e-003 2.3954958309408275e-003 -6.3295668628489512e+000 3.5914610790534979e-003 -9.9998776419870783e-001 -3.4018906783138446e-003 1.2058984098719405e+001 2.3832764492414723e-003 3.4104624070270114e-003 -9.9999134433230807e-001 7.5999438173364808e-001 0 0 0 1</transform>
        <rotation_covariance>1.5301866499553080e-008 9.3843987046272551e-011 2.0462918989718763e-012 9.3843987046272551e-011 5.1402912932184030e-009 1.3623354268387400e-010 2.0462918989718747e-012 1.3623354268387394e-010 1.5404568981196575e-010</rotation_covariance>
        <location_covariance>2.3504876876713804e-006 6.4943857736553913e-007 -3.0212578701239869e-007 6.4943857736553913e-007 6.9303947332819900e-006 -1.3600043812794601e-006 -3.0212578701239869e-007 -1.3600043812794601e-006 6.5570465524504163e-007</location_covariance>
      </camera>
      <camera id="34" sensor_id="0" label="DSC00658.JPG">
        <transform>9.9998730700561178e-001 3.3526847210312970e-003 3.7610281606455741e-003 -8.3535055779702656e+000 3.3779597018242331e-003 -9.9997162003642515e-001 -6.7341302319076637e-003 1.1819225616021818e+001 3.7383440072654190e-003 6.7467493571945090e-003 -9.9997025263614447e-001 7.9653929753010533e-001 0 0 0 1</transform>
        <rotation_covariance>1.5078951319238330e-008 -1.2159542670573554e-010 3.0713811048044549e-011 -1.2159542670573554e-010 5.3476627579640984e-009 1.6122636963677202e-010 3.0713811048044549e-011 1.6122636963677205e-010 1.5972127024047377e-010</rotation_covariance>
        <location_covariance>2.2317848588548116e-006 4.2144421986240183e-007 -1.6164421898548245e-007 4.2144421986240183e-007 6.8209205013696663e-006 -1.2278784721957827e-006 -1.6164421898548245e-007 -1.2278784721957827e-006 5.9037017769889971e-007</location_covariance>
      </camera>
      <camera id="35" sensor_id="0" label="DSC00659.JPG">
        <transform>9.9998525427825902e-001 2.9150096299265672e-003 4.5819149821517162e-003 -1.0034463627669071e+001 2.9466853782398762e-003 -9.9997170294144888e-001 -6.9217311173119895e-003 1.1584445467289562e+001 4.5616084145724640e-003 6.9351305132732107e-003 -9.9996554725322206e-001 8.2600087875589612e-001 0 0 0 1</transform>
        <rotation_covariance>1.3986380853683257e-008 -7.5564772056939647e-011 3.7213856999080166e-011 -7.5564772056939621e-011 5.1665418836554335e-009 1.5711519564138134e-010 3.7213856999080166e-011 1.5711519564138131e-010 1.5325250344597279e-010</rotation_covariance>
        <location_covariance>2.0136870549386439e-006 3.2318814138255158e-007 -2.7425391420164706e-008 3.2318814138255158e-007 6.3732676425852597e-006 -1.1544270653886953e-006 -2.7425391420164706e-008 -1.1544270653886953e-006 5.4925976500844442e-007</location_covariance>
      </camera>
      <camera id="36" sensor_id="0" label="DSC00660.JPG">
        <transform>9.9998242151276928e-001 2.8458764302178091e-003 5.2016971080150525e-003 -1.1228101167851399e+001 2.8847357045436277e-003 -9.9996787595500269e-001 -7.4783258791890125e-003 1.1411941614611321e+001 5.1802476171060206e-003 7.4931999429047446e-003 -9.9995850763381233e-001 8.3683605264696637e-001 0 0 0 1</transform>
        <rotation_covariance>1.3622206831110793e-008 -1.2782227998689852e-010 5.2570553227884105e-011 -1.2782227998689857e-010 5.2849732564939770e-009 1.5799932595132943e-010 5.2570553227884112e-011 1.5799932595132943e-010 1.5207966224007496e-010</rotation_covariance>
        <location_covariance>1.9674939337275057e-006 2.2372102393624293e-007 5.4212136424094137e-008 2.2372102393624293e-007 6.2124574850320332e-006 -1.1064463861543735e-006 5.4212136424094137e-008 -1.1064463861543735e-006 5.3396388212554103e-007</location_covariance>
      </camera>
      <camera id="37" sensor_id="0" label="DSC00661.JPG">
        <transform>9.9998174717397381e-001 2.7189658550806411e-003 5.3956040963719521e-003 -1.2398565700738624e+001 2.7567960609051062e-003 -9.9997158544321074e-001 -7.0162940125146284e-003 1.1239667145019574e+001 5.3763737188237092e-003 7.0310405254397539e-003 -9.9996082877018999e-001 8.4162170473223352e-001 0 0 0 1</transform>
        <rotation_covariance>1.3691116307463478e-008 -8.7764688390562510e-011 6.3128678672963947e-011 -8.7764688390562536e-011 5.3631671787638535e-009 1.6329628568533973e-010 6.3128678672963960e-011 1.6329628568533973e-010 1.5205942603819952e-010</rotation_covariance>
        <location_covariance>1.9151467864720690e-006 1.6530972738748902e-007 1.3678431747289026e-007 1.6530972738748902e-007 6.2213719621898624e-006 -1.0404045897020995e-006 1.3678431747289026e-007 -1.0404045897020995e-006 5.2960837951923933e-007</location_covariance>
      </camera>
      <camera id="38" sensor_id="0" label="DSC00662.JPG">
        <transform>9.9998191492353194e-001 2.5061012689832941e-003 5.4671091351415502e-003 -1.3589841317390658e+001 2.5461019825573942e-003 -9.9996995266252964e-001 -7.3219626325563940e-003 1.1040932373793094e+001 5.4485952832234816e-003 7.3357500317101296e-003 -9.9995824891887952e-001 8.5676291639469038e-001 0 0 0 1</transform>
        <rotation_covariance>1.4502091771449225e-008 -1.9892892570460206e-010 7.2886320233249166e-011 -1.9892892570460209e-010 5.4891888034133469e-009 1.7826402804890296e-010 7.2886320233249153e-011 1.7826402804890296e-010 1.5600333938551993e-010</rotation_covariance>
        <location_covariance>1.8886014683078076e-006 4.8575777804382823e-008 2.1200022672508849e-007 4.8575777804382823e-008 6.5309298104492408e-006 -9.5849726837235743e-007 2.1200022672508849e-007 -9.5849726837235743e-007 5.3571944934224435e-007</location_covariance>
      </camera>
      <camera id="39" sensor_id="0" label="DSC00663.JPG">
        <transform>9.9998189928558967e-001 2.4551516412372907e-003 5.4930257238508216e-003 -1.4876861589696274e+001 2.4988077579423916e-003 -9.9996523750134969e-001 -7.9548569225506727e-003 1.0887770817290717e+001 5.4733043925223011e-003 7.9684389492506811e-003 -9.9995327236813358e-001 8.8437606314939898e-001 0 0 0 1</transform>
        <rotation_covariance>1.3884713556710164e-008 -3.7092508595785840e-010 1.0366356690191034e-010 -3.7092508595785830e-010 5.6817649678995908e-009 1.8724287328337033e-010 1.0366356690191036e-010 1.8724287328337030e-010 1.5863557821776822e-010</rotation_covariance>
        <location_covariance>1.8897974599138383e-006 -9.3925785882702409e-008 2.7765645740806212e-007 -9.3925785882702409e-008 6.2912585034559275e-006 -9.0315983129115600e-007 2.7765645740806212e-007 -9.0315983129115600e-007 5.6056114030990928e-007</location_covariance>
      </camera>
      <camera id="40" sensor_id="0" label="DSC00664.JPG">
        <transform>9.9998031876999616e-001 2.5706633121733739e-003 5.7230903183802771e-003 -1.6157256530653317e+001 2.6068057009002738e-003 -9.9997665159392979e-001 -6.3167104595755032e-003 1.0714977257819871e+001 5.7067185575114948e-003 6.3315051234128011e-003 -9.9996367204322856e-001 9.1401907291109907e-001 0 0 0 1</transform>
        <rotation_covariance>1.4447936170923798e-008 -5.5527096306550801e-010 9.7746630626365734e-011 -5.5527096306550790e-010 5.7425842633300871e-009 1.9393684128596759e-010 9.7746630626365747e-011 1.9393684128596759e-010 1.6049267873408525e-010</rotation_covariance>
        <location_covariance>1.8498124087666558e-006 -2.4315520731418129e-007 3.5261274594194329e-007 -2.4315520731418129e-007 6.5149879698431884e-006 -8.2137540580496391e-007 3.5261274594194329e-007 -8.2137540580496391e-007 5.9593931719822666e-007</location_covariance>
      </camera>
      <camera id="41" sensor_id="0" label="DSC00665.JPG">
        <transform>9.9997710766106773e-001 2.2688918881625894e-003 6.3746594736479893e-003 -1.7397909947276407e+001 2.3066773555663520e-003 -9.9997977852942910e-001 -5.9263624434605132e-003 1.0535836973159185e+001 6.3610842929847635e-003 5.9409310578201332e-003 -9.9996212025495435e-001 9.3406946255384482e-001 0 0 0 1</transform>
