# Cameras (604)
# PhotoID, X, Y, Z, Omega, Phi, Kappa, r11, r12, r13, r21, r22, r23, r31, r32, r33
DSC00586.JPG	2693785.0082435775548220	1256209.3265461020637304	584.2018369331083250	0.8056654353187264	-1.8592595616274454	128.1592249495700173	-0.6175237030234025	0.7865009205989968	-0.0089876638341459	-0.7858828349196669	-0.6174291836801639	-0.0341960950793158	-0.0324445062050810	-0.0140536485290357	0.9993747290081589
DSC00587.JPG	2693784.9669401310384274	1256209.2204093425534666	584.0487955594763889	0.8919893339273147	-1.9907280614575273	129.8702128457749154	-0.6406638093432476	0.7677521891005955	-0.0103179227096493	-0.7670353126191424	-0.6405579761715016	-0.0366375266403795	-0.0347377689705698	-0.0155581263111641	0.9992753535000418
DSC00588.JPG	2693783.4463112149387598	1256210.1848408230580389	583.9562226270504652	1.0109294017230741	-2.0292462008126342	131.5237988196076628	-0.6625153475134510	0.7489780487967663	-0.0102614194788396	-0.7482109146889636	-0.6623601683684223	-0.0382025457170006	-0.0354096236838915	-0.0176320667973272	0.9992173280978567
DSC00589.JPG	2693781.9333091303706169	1256211.2240364914759994	583.9213122518758610	1.1151431015167388	-2.0328340532806615	132.4715580418527168	-0.6747991923270262	0.7379390518605701	-0.0095919640280964	-0.7371484062013474	-0.6745870403018975	-0.0393007925052386	-0.0354722041830805	-0.0194494420446948	0.9991813859027520
DSC00590.JPG	2693779.9542448054999113	1256212.6616500678937882	583.9287770340621364	1.2803670905455962	-2.0815921620287536	132.4908696536400896	-0.6750269761881118	0.7377491067356009	-0.0080521381730679	-0.7368983965670812	-0.6747055845857896	-0.0418703626162089	-0.0363226452120291	-0.0223300165600488	0.9990906044024381
DSC00591.JPG	2693778.5333268400281668	1256213.7116105223540217	583.9143940116390468	1.3761852090987010	-2.2064012892935021	132.5194101406874552	-0.6753388836240105	0.7374607294320418	-0.0083105241132058	-0.7365019922645011	-0.6749635011105879	-0.0445991878733047	-0.0384994500726373	-0.0239988481827565	0.9989703937705091
DSC00592.JPG	2693776.2558956053107977	1256215.4476849639322609	583.8873369739684449	1.4598255037575969	-2.2423417231212390	132.5279852071481059	-0.6754326462511099	0.7373818537075398	-0.0076643460944484	-0.7363829686007943	-0.6749962730010352	-0.0460451407793901	-0.0391262563108741	-0.0254564973542142	0.9989099573082403
DSC00593.JPG	2693775.1666013225913048	1256216.3173558479174972	583.8880231975261950	1.4950614319237316	-2.3369286470317014	132.5406055069498450	-0.6755502379882096	0.7372668358082007	-0.0083359925286231	-0.7361855817590893	-0.6750985229279036	-0.0476736148261687	-0.0407757913976395	-0.0260690843323523	0.9988281822605775
DSC00594.JPG	2693772.7936996817588806	1256218.2116081335116178	583.8808461856881422	1.6372685727466934	-2.4390487755629757	132.5561032818382046	-0.6756991170962390	0.7371370657374716	-0.0077233070192715	-0.7359481238568716	-0.6751400408974243	-0.0506585053922346	-0.0425565758363319	-0.0285459540561441	0.9986861701055598
DSC00595.JPG	2693770.5008660517632961	1256220.0300063395407051	583.8686043298307595	1.6549085004079387	-2.3870099700121457	132.5673401362796824	-0.6758693059165440	0.7369892613596006	-0.0068927469502131	-0.7358437545175688	-0.6752882679943208	-0.0501968529563197	-0.0416491327325869	-0.0288545273719979	0.9987155581008851
DSC00596.JPG	2693769.2742025274783373	1256220.9972374571952969	583.8822611322580087	1.7300626410251141	-2.4271309929602265	132.5627525178241513	-0.6757904929297260	0.7370660174886524	-0.0063949612364290	-0.7358762071795425	-0.6751472743715445	-0.0515981163970677	-0.0423487588111891	-0.0301636166944956	0.9986474547381871
DSC00597.JPG	2693767.3145548701286316	1256222.5690720640122890	583.8521662938933332	1.7366292294151531	-2.4085750696919832	132.5821445552852254	-0.6760487599845566	0.7368315632678664	-0.0061091321458813	-0.7356575004266505	-0.6753980017525775	-0.0514352145386639	-0.0420251851793125	-0.0302784841241881	0.9986576476499772
DSC00598.JPG	2693765.7804791927337646	1256223.7743647256866097	583.8461305534174244	1.7770894822734917	-2.4133924384239633	132.5849073021211666	-0.6760818384881728	0.7368048902757324	-0.0056481264343518	-0.7356222969768659	-0.6753951222928126	-0.0519736950154279	-0.0421091896969209	-0.0309835835378003	0.9986324817940908
DSC00599.JPG	2693764.2772853076457977	1256224.9502587034367025	583.8362656334943495	1.8211171300646252	-2.3747252290481602	132.5731594936146394	-0.6759500656889027	0.7369329740650710	-0.0046152389729940	-0.7357816639744127	-0.6752196768181448	-0.0519974133649438	-0.0414349086425023	-0.0317518467684974	0.9986365547948748
DSC00600.JPG	2693762.7758093383163214	1256226.0454524632077664	583.8345317583933820	1.8047244986601845	-2.3158414064076691	132.5519470122424650	-0.6757060531700293	0.7371596939509023	-0.0041128242843019	-0.7360628498746229	-0.6749854701494087	-0.0510499375281731	-0.0404080529576621	-0.0314674546380012	0.9986876331239796
DSC00601.JPG	2693761.2713355980813503	1256227.1793509579729289	583.8360616144469759	1.7852884376500755	-2.3362744963342021	132.5340830995545218	-0.6754667427714141	0.7373761803711596	-0.0045878133152566	-0.7362628229257702	-0.6747647014346002	-0.0510847655886867	-0.0407643838068486	-0.0311282238348839	0.9986837831334467
DSC00602.JPG	2693759.8348379638046026	1256228.2573140920139849	583.8515117860926011	1.9374761691474820	-2.4737906664961482	132.5954137171897003	-0.6761863001555688	0.7367180802125911	-0.0043078730015857	-0.7354652245470590	-0.6753558754000093	-0.0546383111436577	-0.0431623790339117	-0.0337773866745469	0.9984969189664891
DSC00603.JPG	2693758.1995785068720579	1256229.6056501974817365	583.8114321251191541	1.9386817270607026	-2.4660031322735780	132.5925585485599072	-0.6761536136640419	0.7367487151038732	-0.0041977996438671	-0.7355032314843534	-0.6753213944681320	-0.0545528243970109	-0.0430265871889790	-0.0337985941484304	0.9985020620051114
DSC00604.JPG	2693756.8433088921010494	1256230.6996278914157301	583.8168619813590112	1.9751028399065294	-2.4275568966435088	132.5809022651173734	-0.6760233516027387	0.7368729661554677	-0.0032649405880360	-0.7356618663709258	-0.6751536946290095	-0.0544895127198298	-0.0423561855629837	-0.0344342907294743	0.9985090050502861
DSC00605.JPG	2693755.3608946315944195	1256231.8963968376629055	583.8210611744295875	1.9974206415953448	-2.4713931194764394	132.5787945485869272	-0.6759741646950055	0.7369170436364131	-0.0034927729755375	-0.7356626569681080	-0.6750856931319587	-0.0553151161181735	-0.0431205729033525	-0.0348220867656191	0.9984628377990712
DSC00606.JPG	2693754.6360820624977350	1256232.4668913274072111	583.8063550520215585	1.9871136171971859	-2.4538482428133537	132.5671069836511151	-0.6758329857303942	0.7370469225343558	-0.0034072542282766	-0.7358102214661404	-0.6749531106387374	-0.0549692316213505	-0.0428146398407068	-0.0346429274416630	0.9984822352919366
DSC00607.JPG	2693753.4091822542250156	1256233.4494064482860267	583.8425104225869973	1.9418844496137309	-2.3775351898831327	132.5478405840538016	-0.6756234840830441	0.7372404451785003	-0.0030714407849951	-0.7360787953775761	-0.6747816352895042	-0.0534579430161580	-0.0414839095431531	-0.0338566192793964	0.9985653782201673
DSC00608.JPG	2693752.3364805821329355	1256234.3049482714850456	583.7737716998383348	2.0209837495914806	-2.3824768634423759	132.5366498273578770	-0.6754772821525939	0.7373778041568274	-0.0021012454880202	-0.7362081019954559	-0.6745609439448630	-0.0544533145039287	-0.0415700836178267	-0.0352350229327521	0.9985141067140392
DSC00609.JPG	2693750.8480285312980413	1256235.5714375174138695	583.8074187075679902	2.0217152765523858	-2.3667411094440269	132.5184774875667983	-0.6752514374989740	0.7375851998208118	-0.0018892222903805	-0.7364306912895033	-0.6743334778201427	-0.0542604609071404	-0.0412956787380100	-0.0352481729495987	0.9985250288406808
DSC00610.JPG	2693750.1302547194063663	1256236.1851149722933769	583.8371571151415083	2.0197108937685431	-2.2739104766377629	132.4973869826006307	-0.6750246262357759	0.7377947618475962	-0.0008021006796295	-0.7367275649456758	-0.6741058924224764	-0.0530447061497371	-0.0396768071354752	-0.0352155532619679	0.9985918164014704
DSC00611.JPG	2693749.9827690683305264	1256236.2214730184059590	583.8108766560993672	1.8462434227114937	-2.1747434969578618	132.7570951612087811	-0.6784026965425627	0.7346872795723302	-0.0020934560871164	-0.7337096034135979	-0.6776415953777559	-0.0497200771575323	-0.0379473211497206	-0.0321942455805320	0.9987609981217033
DSC00612.JPG	2693751.8887027502059937	1256238.1256957510486245	583.7756938004242784	1.9999497065304617	-2.1975207369100480	136.7781310937543253	-0.7281713849446956	0.6853832720315434	-0.0040254896670323	-0.6843216554564647	-0.7273469924908862	-0.0516742139542193	-0.0383445696422199	-0.0348729541880058	0.9986558821962420
DSC00613.JPG	2693752.7684811390936375	1256237.4137630402110517	583.7683329128983587	1.9182092626612501	-2.0632041951832272	136.7227169121551071	-0.7275726407355838	0.6860229528505797	-0.0032497100209604	-0.6850853332841252	-0.7268105194240962	-0.0490362618217851	-0.0360019245600471	-0.0334511138326911	0.9987917122259899
DSC00614.JPG	2693754.3470542673021555	1256236.1654008424375206	583.7710121013122944	1.9353187488061381	-2.1350049565907296	136.6960834887583758	-0.7272207032059809	0.6863924402691262	-0.0039327814575987	-0.6853919828739540	-0.7264478664736818	-0.0501131430659217	-0.0372542432577535	-0.0337478182588277	0.9987358039652235
DSC00615.JPG	2693756.3977962266653776	1256234.5082228898536414	583.8088967987796423	1.9715988980322108	-2.1271239148489953	136.6726455137495293	-0.7269439899729633	0.6866884502621713	-0.0033775314544635	-0.6856929192220035	-0.7261383895081249	-0.0504802913160584	-0.0371167882634640	-0.0343803949815175	0.9987193461978797
DSC00616.JPG	2693758.3412441890686750	1256233.0286912361625582	583.8087053860108426	2.0114456182622793	-2.1012156128897863	136.6992750424952305	-0.7272747431638945	0.6863415431778771	-0.0025950075339835	-0.6853664218976863	-0.7264330614352901	-0.0506742043737731	-0.0366649108965657	-0.0350755379426064	0.9987118658286702
DSC00617.JPG	2693759.9333694893866777	1256231.8416482617612928	583.8141060803345681	2.0511696270453301	-2.0827840940211217	136.6978283701404564	-0.7272659839496431	0.6863531444565216	-0.0018840606154489	-0.6853928387065324	-0.7263883153658741	-0.0509575504682908	-0.0363434346142160	-0.0357683714274667	0.9986990429382963
DSC00618.JPG	2693761.9904644358903170	1256230.1686234765220433	583.8268527659562324	2.1028723667402702	-1.9742074473977020	136.6984537504690138	-0.7273222805981784	0.6862960640941135	0.0001120463889621	-0.6854309046409293	-0.7263971880690892	-0.0503150089778169	-0.0344496024444607	-0.0366720271358120	0.9987333915100511
DSC00619.JPG	2693762.8619419876486063	1256229.4716200630646199	583.7946296017616987	2.1227251206274942	-1.9826173217425347	136.6888842493156915	-0.7272041031095161	0.6864212475628050	0.0002516247338691	-0.6855488959925869	-0.7262613485497456	-0.0506671965481648	-0.0345962949465528	-0.0370178942813898	0.9987155610477604
DSC00620.JPG	2693765.0222945790737867	1256227.7018614308908582	583.7978041317451243	2.1513635950890491	-2.0048555718774743	136.6457435026341614	-0.7266778958432485	0.6869782473147976	0.0003512963387081	-0.6860869785210117	-0.7257088908175953	-0.0512958447849822	-0.0349841906686069	-0.0375165763974424	0.9986834397839376
DSC00621.JPG	2693767.1779606491327286	1256225.8909188811667264	583.8184139334430256	2.1100258122340856	-1.8718690986443263	136.6399013360477852	-0.7266650146945577	0.6869902222955726	0.0015462500567627	-0.6862149728637150	-0.7257342994950262	-0.0491806624001175	-0.0326644674931112	-0.0367989267064110	0.9987887021570919
DSC00622.JPG	2693768.6436159070581198	1256224.6965180241968483	583.7953018417136946	2.0976614349851923	-1.8226352288996273	136.6223320076151424	-0.7264746908361243	0.6871902027685212	0.0020368587374064	-0.6864567911023535	-0.7255557916155611	-0.0484341532658152	-0.0318056209500286	-0.0365844020325005	0.9988243008677290
DSC00623.JPG	2693771.0818265993148088	1256222.8165782566647977	583.8061903009958087	2.1221364170835972	-1.8353130567136484	136.6097969202430704	-0.7263193594652041	0.6873539362174595	0.0021804661016751	-0.6866108603518514	-0.7253790503975122	-0.0488953953997124	-0.0320267780606444	-0.0370108039735559	0.9988015247667004
DSC00624.JPG	2693773.9192237444221973	1256220.5668041962198913	583.8243521094656217	2.1458734543941320	-1.8584109329438323	136.5930969693757504	-0.7261097639476244	0.6875753249662988	0.0021870522201899	-0.6868136028697772	-0.7251479908918175	-0.0494718730047424	-0.0324297026344811	-0.0374241072445332	0.9987731226780130
DSC00625.JPG	2693774.7848340496420860	1256219.8808661501388997	583.8388529773415030	2.1340877125670392	-1.8383815299392492	136.6064989071662126	-0.7262785887349935	0.6873966668078149	0.0022877951421244	-0.6866514876878803	-0.7253279000848667	-0.0490833150316741	-0.0320803055023893	-0.0372190787095042	0.9987920675390297
DSC00626.JPG	2693776.0545466337352991	1256218.7927388118114322	583.8276740455020217	2.1535124887524728	-1.8797055353038230	136.5809092474384272	-0.7259548466867125	0.6877393994780172	0.0020196479118157	-0.6869597106764589	-0.7249855199366202	-0.0498232053318968	-0.0328011658235923	-0.0375568141333270	0.9987560108618961
DSC00627.JPG	2693777.8589654620736837	1256217.3666162248700857	583.8836758243611484	2.1309336734832995	-1.7974406319878142	136.5709789833473735	-0.7258692287884635	0.6878270350635552	0.0027986664181205	-0.6871171877747632	-0.7249225731736015	-0.0485513456854266	-0.0313661116898742	-0.0371649396480611	0.9988167671291940
DSC00628.JPG	2693779.1178904958069324	1256216.3671400705352426	583.8593909814487688	2.1745480510972648	-1.8421999632092629	136.5705928142104995	-0.7258465814568728	0.6878511066472913	0.0027559520076002	-0.6871050254656080	-0.7248604020471929	-0.0496395157499362	-0.0321469153617772	-0.0379243012866294	0.9987633970088431
DSC00629.JPG	2693780.5054509639739990	1256215.2812445841263980	583.8379457710922225	2.1960542623305903	-1.8715795442304703	136.5635344315295185	-0.7257498650448759	0.6879535734938542	0.0026484154471630	-0.6871830148515509	-0.7247434729856812	-0.0502633312086108	-0.0326594165115831	-0.0382985519529156	0.9987324884229175
DSC00630.JPG	2693781.9965877048671246	1256214.0980632796417922	583.8715345079816643	2.2300131048395806	-1.8699324864011502	136.5831928303450695	-0.7259862790688612	0.6877023784464372	0.0030596213594389	-0.6869346118691266	-0.7249503195505508	-0.0506741867203312	-0.0326306852511817	-0.0388905240729464	0.9987105514198645
DSC00631.JPG	2693783.0698324795812368	1256213.3152890950441360	583.8931741345350019	2.1779773749564333	-1.7770271823056245	136.5839933842733842	-0.7260333560849030	0.6876500043034812	0.0036107386383974	-0.6869599300976014	-0.7250479829141806	-0.0489027290892550	-0.0310100031020777	-0.0379854452850163	0.9987970192457065
DSC00632.JPG	2693784.5284675266593695	1256212.0776497854385525	583.8725502121992577	2.1939034627779503	-1.7555556128123944	136.5710596080818391	-0.7258866538377826	0.6878022101450053	0.0040847888358609	-0.6871317458190134	-0.7248889730120591	-0.0488460918931807	-0.0306354315768773	-0.0382635142814805	0.9987979644587436
DSC00633.JPG	2693785.5786727070808411	1256211.1550634750165045	583.8214509752157255	2.2034908335001329	-1.7709272143108636	136.5430707638231524	-0.7255449128762597	0.6881630215461284	0.0040292897492786	-0.6874805797614016	-0.7245376220662311	-0.0491496354161289	-0.0309035896022956	-0.0384303263987557	0.9987832989005063
DSC00634.JPG	2693787.1047912333160639	1256209.9873726852238178	583.8609739946485888	2.2207270577832166	-1.8200467249362289	136.5659873986622586	-0.7258003214823551	0.6878960464946744	0.0035947952802211	-0.6871718607048949	-0.7247751623369423	-0.0499579614759365	-0.0317604658574397	-0.0387297466614004	0.9987448520678655
DSC00635.JPG	2693787.3776330333203077	1256209.9145846788305789	583.8801886190044570	2.2751484904474983	-1.6986917502196832	136.6033799313069608	-0.7262958813130241	0.6873581345197528	0.0057521906490572	-0.6867427177534458	-0.7252339050214794	-0.0491957581495346	-0.0296434208611054	-0.0396809515614480	0.9987725915756948
DSC00636.JPG	2693788.9368165489286184	1256212.6079289598856121	583.9051290585503011	2.2673060851532889	-1.7613862720903013	136.5671535805111603	-0.7258375405976811	0.6878487467975309	0.0048955273644562	-0.6871790832096696	-0.7247761431666577	-0.0498442563951222	-0.0307371478544623	-0.0395429364808905	0.9987450044512070
DSC00637.JPG	2693788.3517961446195841	1256212.8469398543238640	583.8557435814565224	2.3244970959450448	-1.8355977271023627	136.6138706932796083	-0.7263680605279392	0.6872905303382425	0.0046008208242790	-0.6865591074514917	-0.7252505652066711	-0.0514607582806065	-0.0320317439470631	-0.0405381866242423	0.9986644195148479
DSC00638.JPG	2693786.4243990574032068	1256214.3337856091093272	583.8500820908958531	2.3458075814011288	-1.6926446183855781	136.6383676924748443	-0.7267173770105386	0.6869044226746711	0.0066459055740861	-0.6863012202774490	-0.7255952449143080	-0.0500217513031061	-0.0295379247173297	-0.0409127690058105	0.9987260166510485
DSC00639.JPG	2693784.6152928750962019	1256215.7882129354402423	583.8499475705121995	2.3817000284101755	-1.7482828440769087	136.6416903135391578	-0.7267359772406375	0.6868873748980820	0.0063681700446230	-0.6862390598943884	-0.7255759063190091	-0.0511425150399824	-0.0305085571497783	-0.0415371926707950	0.9986710617443904
DSC00640.JPG	2693782.2649132851511240	1256217.5820710312109441	583.8961549352355860	2.2895046478508010	-1.7228759113662231	136.6272443196705240	-0.7265726950687866	0.6870668000782801	0.0055974110688082	-0.6864314932721626	-0.7254962103978686	-0.0496694447571206	-0.0300653259524800	-0.0399307015781710	0.9987500264064310
DSC00641.JPG	2693780.7005753777921200	1256218.7632321345154196	583.8918683610005473	2.2803560417194246	-1.6978990222478050	136.6042632672793218	-0.7263067667696017	0.6873460279980353	0.0058239453990724	-0.6867318019929646	-0.7252404057203171	-0.0492522694109181	-0.0296295912253674	-0.0397717450705227	0.9987693906091952
DSC00642.JPG	2693779.1890461873263121	1256219.9964242286514491	583.8564885225223406	2.3023261585624422	-1.6954581657443484	136.6155896731377197	-0.7264434245266816	0.6871991236093287	0.0061086391707521	-0.6865890764242567	-0.7253585036461460	-0.0495023365419296	-0.0295870089200170	-0.0401547718060470	0.9987553269967431
DSC00643.JPG	2693777.6276303660124540	1256221.2859728201292455	583.8412380389175951	2.2939425914469482	-1.6610664199087999	136.5967867209730002	-0.7262308372710813	0.6874205707954173	0.0064598640734290	-0.6868395182499599	-0.7251566809021368	-0.0489822857077890	-0.0289870172095457	-0.0400093362891727	0.9987787572045138
DSC00644.JPG	2693776.2053881306201220	1256222.4664297976996750	583.8388781661753910	2.2540606869828488	-1.6705769419080965	136.5921921305875912	-0.7261722512679201	0.6874877929558154	0.0058648124627122	-0.6868944371254312	-0.7251309885216251	-0.0485909634786947	-0.0291529369809841	-0.0393139163960218	0.9988015429718707
DSC00645.JPG	2693774.3925513811409473	1256223.9184484144207090	583.8464879665060607	2.2175541285833518	-1.6222389030513000	136.5718473676527083	-0.7259459044192967	0.6877251417502461	0.0060558452302776	-0.6871689085338348	-0.7249400712360559	-0.0475477051042503	-0.0283096273600874	-0.0386784503421065	0.9988506106910414
DSC00646.JPG	2693773.5412368699908257	1256224.5546724176965654	583.8530237341404927	2.2441441131944138	-1.6230114909259661	136.5750487726096196	-0.7259840215790354	0.6876821347011005	0.0063625486142310	-0.6871280827252286	-0.7249559896776284	-0.0478937465738669	-0.0283231061552484	-0.0391419805767254	0.9988321715955338
DSC00647.JPG	2693772.2300179004669189	1256225.5820132086519152	583.8714005751195373	2.2555842447745533	-1.6332669641216115	136.5725965403144357	-0.7259509187489864	0.6877169913883687	0.0063720736995809	-0.6871556578391952	-0.7249121385404795	-0.0481611180959454	-0.0285020256663425	-0.0393412144245648	0.9988192546104203
DSC00648.JPG	2693770.3870634548366070	1256227.0837171722669154	583.8522892103360391	2.2876268873875851	-1.6138858401045724	136.5737615891791563	-0.7259718516791872	0.6876887782057152	0.0070010641636038	-0.6871474845133244	-0.7249083528000515	-0.0483344035623375	-0.0281638970404000	-0.0399001800828955	0.9988066732520616
DSC00649.JPG	2693768.9468691349029541	1256228.3086186831351370	583.8516428760719919	2.2650213171200360	-1.5985456191733851	136.5561693163885195	-0.7257662823584105	0.6879063587701295	0.0069386565900168	-0.6873755173102594	-0.7247234546387542	-0.0478624330652266	-0.0278962648773100	-0.0395064027733783	0.9988298366317472
DSC00650.JPG	2693767.9604310747236013	1256229.0943750489968807	583.8467193282375547	2.2838882857851770	-1.5970704657474235	136.5582626403053155	-0.7257919166538608	0.6878768140301780	0.0071820915900201	-0.6873494943296802	-0.7247334922813644	-0.0480836542953031	-0.0278705286036614	-0.0398353346333388	0.9988174907108921
DSC00651.JPG	2693766.2027458921074867	1256230.4869248028844595	583.8582975786209772	2.2324457298897835	-1.5873543374469490	136.5617673351673034	-0.7258373807718349	0.6878338557579097	0.0066845753409775	-0.6873083372157799	-0.7248229872212480	-0.0473168763692881	-0.0277010156485549	-0.0389387219727894	0.9988575622495754
DSC00652.JPG	2693764.6869046129286289	1256231.6053328048437834	583.8780672450628799	2.2298978504098317	-1.5891212998593860	136.5631104186895186	-0.7258528712594240	0.6878180323290348	0.0066305118554108	-0.6872907348146196	-0.7248403894086038	-0.0473059797484866	-0.0277318431127471	-0.0388942705934815	0.9988584387152022
DSC00653.JPG	2693762.7301003132015467	1256233.0979703764896840	583.8629250680581890	2.2299724470471438	-1.6051049095213781	136.5500665785825163	-0.7256907406739975	0.6879908987537742	0.0064398860237877	-0.6874506160515680	-0.7246762596622415	-0.0474970438265741	-0.0280107013540224	-0.0388952685286861	0.9988506188093079
DSC00654.JPG	2693761.3987078052014112	1256234.0885485117323697	583.8475186835976274	2.1965075633802598	-1.6178082285546342	136.5392826584700003	-0.7255568137459866	0.6881370961912445	0.0058861593806176	-0.6875829009357772	-0.7245685312477204	-0.0472249707915474	-0.0282323284111076	-0.0383116218790575	0.9988669357134031
DSC00655.JPG	2693760.3030909076333046	1256234.9324807070661336	583.8571016511542666	2.2023142331758736	-1.6361957844122570	136.5284844224934773	-0.7254206030584073	0.6882819849290527	0.0057321793848613	-0.6877133616983884	-0.7244255578708687	-0.0475178202886291	-0.0285531224190656	-0.0384125022044193	0.9988539427136069
DSC00656.JPG	2693758.5522581785917282	1256236.3059822923969477	583.8325409050997905	2.1749855588049258	-1.6552359495185418	136.5117726574311234	-0.7252130590204660	0.6885050614037210	0.0051768182927877	-0.6879183516470094	-0.7242386778956658	-0.0473991445829997	-0.0288852989155274	-0.0379357069447409	0.9988626139991241
DSC00657.JPG	2693757.4423221275210381	1256237.2295344008598477	583.8237593927659645	2.1752398658942713	-1.6997289946750724	136.4908536037112299	-0.7249453604140050	0.6887907844028783	0.0046346235959637	-0.6881674351995029	-0.7239667578966558	-0.0479344822809521	-0.0296615162314016	-0.0379392775665729	0.9988397297227323
DSC00658.JPG	2693756.6810546852648258	1256237.8738469728268683	583.8045453578781689	2.1704293747263375	-1.7077467477200048	136.5126949391842004	-0.7252046208156546	0.6885189844197928	0.0044571337381525	-0.6878881704670003	-0.7242296510825621	-0.0479716314543655	-0.0298013905579096	-0.0378552583714355	0.9988387540211116
DSC00659.JPG	2693755.5265817455947399	1256238.8104780828580260	583.8351526814840327	2.0716921997427722	-1.6809720476766317	136.5072058680368059	-0.7251487400488978	0.6885827806167173	0.0036137298801078	-0.6879671535333858	-0.7242569007610884	-0.0464019111579852	-0.0293342882079405	-0.0361344148713297	0.9989163146116098
DSC00660.JPG	2693754.5334316156804562	1256239.6040309418458492	583.8154896244795964	2.1227974408224646	-1.7061905862837117	136.5167455103873806	-0.7252538368312503	0.6884705177037580	0.0039010786033375	-0.6878374565599857	-0.7243186471018318	-0.0473511437418592	-0.0297742424696155	-0.0370249066614914	0.9988706877129135
DSC00661.JPG	2693753.4185989089310169	1256240.4375760850962251	583.8321793987473711	2.0184864736995691	-1.6360140933255556	136.4708236754358381	-0.7247282074561044	0.6890255936183513	0.0035716461667307	-0.6884431171300649	-0.7238813141030171	-0.0451875820190543	-0.0285499526041727	-0.0352075905362544	0.9989721346338601
DSC00662.JPG	2693753.3272696342319250	1256240.5998482317663729	583.7880675023221784	1.9092477066576268	-1.7249370868054565	136.4990406942302741	-0.7250341502559803	0.6887120189258253	0.0011117327477023	-0.6880547897268454	-0.7242698199460186	-0.0448757646097366	-0.0301012839682053	-0.0333013949028601	0.9989919568249734
DSC00663.JPG	2693755.2785518355667591	1256242.4256161334924400	583.8581033617916773	1.8737064205883385	-1.7770983126683473	136.4564498306160090	-0.7245023200254030	0.6892723589975490	0.0000583074801494	-0.6885743903352862	-0.7237648658008284	-0.0450525027795108	-0.0310112439640317	-0.0326807918243025	0.9989846187972768
DSC00664.JPG	2693755.7639099676162004	1256242.0511434625368565	583.8631058799552420	1.8143901715008555	-1.6424820919418475	136.3854751386851945	-0.7236995519542049	0.6901143025901590	0.0010990276530932	-0.6895196898751430	-0.7230080248496068	-0.0426848131957623	-0.0286627942770667	-0.0316487813915470	0.9990879835433218
DSC00665.JPG	2693757.6521733235567808	1256240.4903522105887532	583.8083508425612536	1.7469083803725498	-1.7339228876278217	136.3602293768518052	-0.7233616384085106	0.6904688398520752	-0.0008492775073844	-0.6898060530552623	-0.7227200858156597	-0.0429335151941509	-0.0302580443398949	-0.0304706211281599	0.9990775705623609
DSC00666.JPG	2693759.5816736575216055	1256239.0365919740870595	583.8420306721122870	1.7436533284717410	-1.7782854981056051	136.3696501917327737	-0.7234578752627764	0.6903669925204540	-0.0014554581864519	-0.6896707334180838	-0.7228197953470881	-0.0434260626923121	-0.0310319542863633	-0.0304131401314980	0.9990555833988974
DSC00667.JPG	2693761.5706896893680096	1256237.6171547172125429	583.8597543014902840	1.8083715899703670	-1.8172387088659927	136.3907361053018690	-0.7236961948626566	0.6901176829852839	-0.0011837112550661	-0.6893897297520331	-0.7230095113679683	-0.0447107032361462	-0.0317114814180978	-0.0315409274193976	0.9989992751968313
DSC00668.JPG	2693763.9343261979520321	1256235.9180402432102710	583.8635346036382998	1.8394347630147305	-1.7798598351928943	136.4056784497930721	-0.7238907874341753	0.6899144916916659	-0.0003493161318097	-0.6892150900815683	-0.7231795509686817	-0.0446530700466588	-0.0310594184070611	-0.0320831920881769	0.9990024931468633
DSC00669.JPG	2693764.9244822692126036	1256235.1480260484386235	583.8474880690563396	1.8377299693438782	-1.7365569616915262	136.3968837582018239	-0.7238017785503821	0.6900079358981197	0.0001837523340157	-0.6893421887292601	-0.7230916787979612	-0.0441108931115584	-0.0303039965228426	-0.0320542111237061	0.9990266239415146
DSC00670.JPG	2693766.2306245453655720	1256233.9910413175821304	583.8261645978154775	1.9222980269364314	-1.7540563618202187	136.4121622673407899	-0.7239788352982508	0.6898215035646298	0.0009691542818916	-0.6891427415295082	-0.7232026952429794	-0.0453888024790661	-0.0306092769823374	-0.0335284179931646	0.9989689271191043
DSC00671.JPG	2693767.6963151078671217	1256232.7697037078905851	583.7864281207361046	1.8768230115314672	-1.7658979711697895	136.3904062031651279	-0.7237125093449178	0.6901015289044398	0.0002891737141498	-0.6894132192855261	-0.7229718376421832	-0.0449570356079162	-0.0308158545565174	-0.0327353292337182	0.9989888794816046
DSC00672.JPG	2693769.1201433651149273	1256231.5946421807166189	583.8080276538790940	1.8842816412091183	-1.7133667821223137	136.4229245807362929	-0.7241238348150222	0.6896692233275126	0.0010169796519736	-0.6890215494760230	-0.7233783030794066	-0.0444199841469903	-0.0298994349519642	-0.0328662901585291	0.9990124277308908
DSC00673.JPG	2693771.2846258599311113	1256229.8645966027397662	583.8376242136370138	1.8634205299029145	-1.7656317376857560	136.3772059517028765	-0.7235537613575265	0.6902680163705301	0.0001414258423440	-0.6895800343374240	-0.7228234280844863	-0.0447846855006118	-0.0308112101121024	-0.0325016520824011	0.9989966526186875
DSC00674.JPG	2693772.1555525716394186	1256229.1707748225890100	583.8560560455630366	1.8690021876237377	-1.7382650757390008	136.3986013729335411	-0.7238217888031027	0.6899867601565365	0.0005374593597050	-0.6893198669216327	-0.7230875097457056	-0.0445261082613034	-0.0303337950315972	-0.0325994487444445	0.9990080764541095
DSC00675.JPG	2693773.5092254802584648	1256228.0638240915723145	583.8690424086212261	1.8629860787449171	-1.6974143814734781	136.4024529956743663	-0.7238836042397477	0.6899214240095403	0.0009778576178316	-0.6892859463194958	-0.7231545392501494	-0.0439590328412869	-0.0296211363608674	-0.0324952466455167	0.9990328559292423
DSC00676.JPG	2693775.5474351327866316	1256226.3838631331454962	583.8403013363245009	1.9188853285277834	-1.6938765990834106	136.3824463922345842	-0.7236441972212447	0.6901711002139427	0.0017112152104307	-0.6895399311629226	-0.7228717820127514	-0.0446214085562185	-0.0295594174477697	-0.0334699745919508	0.9990025033206688
DSC00677.JPG	2693776.4212220814079046	1256225.7267656552139670	583.8272072007515590	1.8811061507575431	-1.6365708447896743	136.3781358922841775	-0.7236133595356621	0.6902027053131077	0.0019827960006303	-0.6896144222618842	-0.7228717621941314	-0.0434553107313606	-0.0285596657879596	-0.0328122081064235	0.9990534042228477
DSC00678.JPG	2693777.9404465910047293	1256224.4887425887864083	583.8407788749404972	1.9419589626132578	-1.6793603250800240	136.3632659791667265	-0.7234187222027130	0.6904060890481049	0.0021873664289798	-0.6897872865898418	-0.7226285931673102	-0.0447371835955054	-0.0293061704358847	-0.0338725337454319	0.9989963963058364
DSC00679.JPG	2693779.8870724197477102	1256223.0494421545881778	583.8758741027559154	1.8687506540512946	-1.6704212255035800	136.3763998079888609	-0.7235801231301581	0.6902389607530705	0.0014080019412735	-0.6896245863244760	-0.7228469160599426	-0.0437065885127830	-0.0291502203720690	-0.0325962114539728	0.9990434183012806
DSC00680.JPG	2693780.7294372301548719	1256222.4171937529463321	583.8712655066484558	1.9100557900228672	-1.6701729288524843	136.3682664216050568	-0.7234823120412698	0.6903402616716992	0.0019150139603987	-0.6897273818981012	-0.7227173297568659	-0.0442244268374032	-0.0291458886193074	-0.0333164281422283	0.9990197859864614
DSC00681.JPG	2693782.1065074708312750	1256221.3639685728121549	583.8482459047251041	1.9102768207175742	-1.6904737628681898	136.3750000749198250	-0.7235558461201842	0.6902638585150920	0.0016562527468676	-0.6896351821353297	-0.7227901407116719	-0.0444716544685715	-0.0295000526520636	-0.0333199357421197	0.9990092736184518
DSC00682.JPG	2693784.4092978890985250	1256219.5797316499520093	583.8473146129816769	1.8871094727771884	-1.6581065853756811	136.3695497112303201	-0.7235021868260400	0.6903197680261863	0.0017898408339001	-0.6897153974220084	-0.7227552281940295	-0.0437898467364027	-0.0289353800206390	-0.0329165306566394	0.9990391612907834
DSC00683.JPG	2693785.3445105925202370	1256218.8513857237994671	583.8587155324486275	1.8616575106815743	-1.6840705192628371	136.3839451593506453	-0.7236658862920167	0.6901495309944140	0.0011445022414134	-0.6895244812825736	-0.7229378772168514	-0.0437814503778795	-0.0293883434236710	-0.0324723044051948	0.9990404770165364
DSC00684.JPG	2693786.9505863711237907	1256217.5518142078071833	583.8320024211162718	1.8496848045990342	-1.7332304572755781	136.3989450134486106	-0.7238278505114324	0.6899805122623480	0.0003681333829074	-0.6893173611947323	-0.7231085740742349	-0.0442217780721028	-0.0302459646817581	-0.0322627152997970	0.9990216708470114
DSC00685.JPG	2693787.8205728456377983	1256216.6769178253598511	583.8409145386700629	1.8480457334201246	-1.7242169942810210	136.4018383999932666	-0.7238660963633758	0.6899403328954032	0.0004599780734879	-0.6892840803062134	-0.7231481782099837	-0.0440927316912861	-0.0300887216754942	-0.0322342891307139	0.9990273366791184
DSC00686.JPG	2693789.0020105466246605	1256215.5948323463089764	583.8382375162998414	1.8513294456544784	-1.6985767235556206	136.3890667139140476	-0.7237221081396882	0.6900910202326321	0.0008330570992612	-0.6894546372003565	-0.7230018063848559	-0.0438256911772098	-0.0296414141492930	-0.0322919766895869	0.9990388454953638
DSC00687.JPG	2693789.8749524466693401	1256214.8667688367422670	583.8220930548995966	1.8867963012897269	-1.7304712111096527	136.3893449385608960	-0.7237133970086608	0.6901001260042919	0.0008573675088226	-0.6894396348695228	-0.7229652539956293	-0.0446568179118799	-0.0301978287491554	-0.0329098405328353	0.9990020187842166
DSC00688.JPG	2693790.9917734321206808	1256214.0574863387737423	583.8322738621707231	1.8509470279075495	-1.7302296206227818	136.3873682139871448	-0.7236897028511917	0.6901253719099055	0.0004301550518221	-0.6894646906502018	-0.7229693384656279	-0.0442015382672794	-0.0301936141224425	-0.0322847748139488	0.9990225417784313
DSC00689.JPG	2693792.0080329943448305	1256213.2265133126638830	583.8905951933602410	1.8651196324405706	-1.7269382081183677	136.4319537458137290	-0.7242272560634634	0.6895611010057504	0.0006079099635951	-0.6889025267548197	-0.7234964826457125	-0.0443412700551874	-0.0301361942788221	-0.0325319470523973	0.9990162572327684
DSC00690.JPG	2693791.8836498726159334	1256213.2400968109723181	583.8978213289055930	1.8398034832597894	-1.5469694091855981	136.4478290148219628	-0.7244831367138560	0.6892877507805539	0.0025653929791775	-0.6887636586086426	-0.7237764915455134	-0.0418594417796632	-0.0269964293433289	-0.0320934091357284	0.9991202159363795
DSC00691.JPG	2693795.8613345082849264	1256213.7227324985433370	584.1114748417166993	1.9266811499178678	-1.6577249238583291	136.4677100645493226	-0.7246828993361113	0.6890790048561858	0.0021955582926112	-0.6884749991675553	-0.7239065732310391	-0.0442882462300011	-0.0289287215590616	-0.0336065216781464	0.9990163816322806
DSC00692.JPG	2693795.3596252892166376	1256214.0817182301543653	584.0228151003166204	1.9347371202505639	-1.6787749598204780	136.5008287182902507	-0.7250729786846826	0.6886691320083774	0.0020005499619121	-0.6880486337536608	-0.7242899915844943	-0.0446439881759449	-0.0292959582714428	-0.0337466251551457	0.9990009570163566
DSC00693.JPG	2693793.6414075829088688	1256215.7210835954174399	583.9254772979131758	1.9633671365264458	-1.5916893322720083	136.5393994590634463	-0.7255674816961106	0.6881425411532883	0.0034165128799939	-0.6875902031124153	-0.7247668354643216	-0.0439630162165976	-0.0277766464676963	-0.0342472957491328	0.9990273172665902
DSC00694.JPG	2693791.9689541254192591	1256217.1370250326581299	583.8866020912525983	2.0022927861393551	-1.6540794801121153	136.5398835460855196	-0.7255509064701733	0.6881615427664530	0.0030940552039183	-0.6875628602439383	-0.7247164551093712	-0.0452036824482415	-0.0288651231330103	-0.0349249302218699	0.9989729995928388
DSC00695.JPG	2693790.0152483507990837	1256218.7073370385915041	583.9332919283231149	1.9758358755388794	-1.6358684483504331	136.5448320433083325	-0.7256169101766747	0.6880923500597993	0.0030029077305132	-0.6875064690265847	-0.7248042174177004	-0.0446508842030353	-0.0285474116559223	-0.0344639551226804	0.9989981386794718
DSC00696.JPG	2693788.1230447031557560	1256220.1052398059982806	583.9674455729913234	1.9619255570408212	-1.5908762477052374	136.5242016892493382	-0.7253853580689564	0.6883344957783458	0.0034211431923147	-0.6877829076546298	-0.7245857194078182	-0.0439341230525596	-0.0277624609376469	-0.0342221733942393	0.9990285724697069
DSC00697.JPG	2693785.8956202249974012	1256221.6487488790880889	583.8924682180203263	1.9456040926530802	-1.6003373020469041	136.4851773734545191	-0.7249134045738519	0.6888328725639702	0.0031352104261869	-0.6882736442016266	-0.7241253514172844	-0.0438390936517590	-0.0279275234591122	-0.0339374293378990	0.9990336852796187
DSC00698.JPG	2693784.9539383575320244	1256222.3621896752156317	583.8787566714531749	1.9828939388790288	-1.6310341566963817	136.4890894624292628	-0.7249494419193704	0.6887946832729619	0.0031923276294077	-0.6882137460221609	-0.7241309389411522	-0.0446791120586579	-0.0284630716356694	-0.0345871011087413	0.9989962892773711
DSC00699.JPG	2693783.4929179176688194	1256223.5915205022320151	583.9048237626039963	2.0249878105058081	-1.6777454226870490	136.4735547252617494	-0.7247457525264743	0.6890093315739312	0.0031201280229147	-0.6883940681591844	-0.7238913071226739	-0.0457709776547906	-0.0292779971665148	-0.0353201992671651	0.9989470868898137
DSC00700.JPG	2693781.6519027762115002	1256225.0317421164363623	583.9202758232444239	1.9753096099654135	-1.6819738891743212	136.4746730424115242	-0.7247576200233041	0.6889994915022751	0.0024683856591605	-0.6883784322916390	-0.7239424177567970	-0.0451941337802689	-0.0293517661114425	-0.0344539762879466	0.9989751735374052
DSC00701.JPG	2693779.5609545465558767	1256226.5574657721444964	583.8863637793911039	2.0256466055710449	-1.6880131147836626	136.4688594243749549	-0.7246855217179037	0.6890732054839895	0.0030020154012817	-0.6884498328889080	-0.7238299542315383	-0.0459023414697296	-0.0294571249052551	-0.0353314992774063	0.9989414211810054
DSC00702.JPG	2693777.8869017269462347	1256227.9755437092389911	583.8492723190011020	2.0127560398470195	-1.6988640782696636	136.4768978393089469	-0.7247780437758605	0.6889771251202030	0.0027033907481465	-0.6883443009227791	-0.7239323522988833	-0.0458701720308109	-0.0296464272310684	-0.0351065571668069	0.9989437516678938
DSC00703.JPG	2693775.9398183822631836	1256229.5915088898036629	583.8451235604069325	1.9643464667162391	-1.6232684760885150	136.4506229851309627	-0.7244900241949810	0.6892783265054867	0.0030973297776452	-0.6887029493982275	-0.7236859662609212	-0.0443494050374926	-0.0283275895927929	-0.0342638416817689	0.9990112796265463
DSC00704.JPG	2693774.4139168709516525	1256230.8348360131494701	583.8851384159335112	2.0223595866545079	-1.6752494168348433	136.4289185488045177	-0.7242101638638588	0.6895720993646612	0.0031556828257098	-0.6889593495666938	-0.7233574738513239	-0.0457053571047165	-0.0292344522938291	-0.0352744213453021	0.9989499797276308
DSC00705.JPG	2693772.9900336824357510	1256232.0860610185191035	583.9152509004964031	2.0228376587918686	-1.6611149643567398	136.4296011484640871	-0.7242235750128337	0.6895571488509469	0.0033394406992026	-0.6889556713822311	-0.7233713069187669	-0.0455415765745398	-0.0289878641139565	-0.0352830100074937	0.9989568624014362
DSC00706.JPG	2693771.4991916660219431	1256233.3200458402279764	583.8869254324150688	2.0203888343337728	-1.6388457240247822	136.4267236590930850	-0.7241970815918183	0.6895836957118949	0.0035935528684034	-0.6889997561550333	-0.7233480621618944	-0.0452428666746146	-0.0285993537024454	-0.0352407090586637	0.9989695537867235
DSC00707.JPG	2693770.4900864809751511	1256234.0550783746875823	583.8713724445728985	2.0514671006133050	-1.6767026245412058	136.4149172793696323	-0.7240412451251264	0.6897478039188095	0.0034989065200586	-0.6891357915435854	-0.7231650047831820	-0.0460894420723066	-0.0292598047029024	-0.0357818787393926	0.9989311893131716
DSC00708.JPG	2693768.5647926479578018	1256235.5337147030513734	583.8684085467453997	1.9450652494707443	-1.5996287453797058	136.4082829916677326	-0.7239892974851889	0.6898037978256533	0.0031965031218765	-0.6892461395451271	-0.7232009459548865	-0.0438195263791935	-0.0279151616338000	-0.0339280455562029	0.9990343494974011
