<?xml version="1.0" encoding="UTF-8"?>
<document version="1.5.0">
  <chunk label="SonyA9" enabled="true">
    <sensors next_id="1">
      <sensor id="0" label="SonyA9" type="frame">
        <resolution width="6000" height="4000"/>
        <property name="pixel_width" value="0.006"/>
        <property name="pixel_height" value="0.006"/>
        <property name="focal_length" value="55"/>
        <property name="fixed" value="true"/>
        <property name="layer_index" value="0"/>
        <calibration type="frame" class="initial">
          <resolution width="6000" height="4000"/>
          <f>9227.77018581081</f>
          <cx>-37.8304617831239</cx>
          <cy>31.7622333680372</cy>
          <k1>-0.017282082281574</k1>
        </calibration>
      </sensor>
    </sensors>
    <cameras next_id="611" next_group_id="0">
      <camera id="0" sensor_id="0" label="DSC00001.JPG"/>
      <camera id="1" sensor_id="0" label="DSC00002.JPG"/>
      <camera id="2" sensor_id="0" label="DSC00003.JPG"/>
      <camera id="3" sensor_id="0" label="DSC00582.JPG"/>
      <camera id="4" sensor_id="0" label="DSC00583.JPG"/>
      <camera id="5" sensor_id="0" label="DSC00584.JPG"/>
      <camera id="6" sensor_id="0" label="DSC00585.JPG"/>
      <camera id="7" sensor_id="0" label="DSC00586.JPG">
        <transform>9.8920284040505613e-01 -1.4532031446271559e-01 -1.8966990774141670e-02 -1.5606655805253791e+00 -1.4500697047706249e-01 -9.8928505897031316e-01 1.6972053828829547e-02 1.1499844530896464e+00 -2.1230144785969782e-02 -1.4038457983760938e-02 -9.9967604885272954e-01 2.9954868717876998e-01 0 0 0 1</transform>
      </camera>
      <camera id="8" sensor_id="0" label="DSC00587.JPG">
        <transform>9.9308883655928848e-01 -1.1571766338822913e-01 -1.9595537279894833e-02 -1.5911570966966426e+00 -1.1544964800124602e-01 -9.9321038596849909e-01 1.4300628681750693e-02 1.2285062856914759e+00 -2.1117326481059333e-02 -1.1939496818267281e-02 -9.9970571016575616e-01 1.9700301287754254e-01 0 0 0 1</transform>
        <rotation_covariance>5.0253905885586131e-09 -2.9656158169143336e-10 -1.9038879886667830e-10 -2.9656158169143341e-10 4.8866731197104364e-10 2.5185042114748908e-12 -1.9038879886667825e-10 2.5185042114748884e-12 9.2505018768931490e-11</rotation_covariance>
        <location_covariance>2.2690750832978359e-07 1.0485671293770434e-07 1.7195146099557026e-08 1.0485671293770434e-07 2.3538948309285286e-06 2.2887595059099421e-08 1.7195146099557026e-08 2.2887595059099421e-08 3.2786117831054009e-08</location_covariance>
      </camera>
      <camera id="9" sensor_id="0" label="DSC00588.JPG">
        <transform>9.9602932883138617e-01 -8.7048973517378642e-02 -1.8656160303477505e-02 -3.6222414182040813e-01 -8.6828248411453632e-02 -9.9614695237175965e-01 1.2333067674103824e-02 1.4726572315995403e+00 -1.9657858110619219e-02 -1.0664215396635453e-02 -9.9974989028480366e-01 1.3835479875409698e-01 0 0 0 1</transform>
        <rotation_covariance>6.0593894263095546e-09 -2.1377511761518076e-10 -2.4892599514915388e-10 -2.1377511761518069e-10 2.7287460122031694e-09 1.8838196479990739e-11 -2.4892599514915388e-10 1.8838196479990746e-11 9.7178214424581828e-11</rotation_covariance>
        <location_covariance>1.2905102580679008e-06 8.5303018234887681e-08 -2.8899522124472723e-08 8.5303018234887681e-08 2.8388475488440746e-06 -6.1295324764377809e-09 -2.8899522124472723e-08 -6.1295324764377809e-09 4.0301747060428966e-08</location_covariance>
      </camera>
      <camera id="10" sensor_id="0" label="DSC00589.JPG">
        <transform>9.9735180913350385e-01 -7.0603267256649463e-02 -1.7451288514412074e-02 8.9884730200670715e-01 -7.0418754665775532e-02 -9.9745718164021813e-01 1.0971316496831201e-02 1.6734879191502732e+00 -1.8181523848358840e-02 -9.7133643521928031e-03 -9.9978751879762584e-01 1.1755722612171014e-01 0 0 0 1</transform>
        <rotation_covariance>6.5281919242134697e-09 -3.6216895495289987e-10 -2.6646764094467939e-10 -3.6216895495289987e-10 3.1009019838326951e-09 1.5530763257426411e-11 -2.6646764094467944e-10 1.5530763257426414e-11 1.0997747301665215e-10</rotation_covariance>
        <location_covariance>1.4634856103960643e-06 6.2183679400023813e-08 -7.9411859859343527e-08 6.2183679400023813e-08 3.0728369941537515e-06 -4.2518932319259321e-08 -7.9411859859343527e-08 -4.2518932319259321e-08 4.9574502742195182e-08</location_covariance>
      </camera>
      <camera id="11" sensor_id="0" label="DSC00590.JPG">
        <transform>9.9739426222392646e-01 -7.0327173385870356e-02 -1.6086465315383786e-02 2.5860446883231405e+00 -7.0200732137781746e-02 -9.9749839708500965e-01 8.2948791525586096e-03 1.8948794552538655e+00 -1.6629578771235765e-02 -7.1439832299539374e-03 -9.9983619689102143e-01 1.2511773233024454e-01 0 0 0 1</transform>
        <rotation_covariance>8.0717627727441837e-09 -3.7792817366755823e-10 -3.1604989572569011e-10 -3.7792817366755839e-10 3.5965879818331873e-09 4.2157213241933669e-12 -3.1604989572569011e-10 4.2157213241933645e-12 1.2836721393057483e-10</rotation_covariance>
        <location_covariance>1.7356005711722702e-06 1.9512326412434862e-07 -1.4803025066563170e-07 1.9512326412434862e-07 3.7957420170021364e-06 -7.6140168915113610e-08 -1.4803025066563170e-07 -7.6140168915113610e-08 6.8658443135086440e-08</location_covariance>
      </camera>
      <camera id="12" sensor_id="0" label="DSC00591.JPG">
        <transform>9.9742087691060788e-01 -6.9848144306811438e-02 -1.6517597881315731e-02 3.8058546159955822e+00 -6.9764574503098795e-02 -9.9754785861633466e-01 5.5833604904843041e-03 2.0455445691106764e+00 -1.6867081765248513e-02 -4.4166171285236191e-03 -9.9984798596879931e-01 1.1634130504579886e-01 0 0 0 1</transform>
        <rotation_covariance>8.1912484399550770e-09 -4.3627088484143407e-10 -3.2060609223972737e-10 -4.3627088484143392e-10 3.6810516780127009e-09 -4.1935956705620025e-12 -3.2060609223972732e-10 -4.1935956705620017e-12 1.3776781761949759e-10</rotation_covariance>
        <location_covariance>1.8124386971121049e-06 2.4714064633327257e-07 -2.0133398117690241e-07 2.4714064633327257e-07 3.8584938106361147e-06 -1.0908675156421689e-07 -2.0133398117690241e-07 -1.0908675156421689e-07 8.7658395340031695e-08</location_covariance>
      </camera>
      <camera id="13" sensor_id="0" label="DSC00592.JPG">
        <transform>9.9743793760349275e-01 -6.9731837158012261e-02 -1.5969706192021413e-02 5.7864056944096651e+00 -6.9674929538922611e-02 -9.9756135132641566e-01 4.0932302111664860e-03 2.2603440302365598e+00 -1.6216190151734030e-02 -2.9700549462759315e-03 -9.9986409774057738e-01 9.8032921000549333e-02 0 0 0 1</transform>
        <rotation_covariance>8.6051095648707579e-09 -3.1973147063225258e-10 -3.2680449878895530e-10 -3.1973147063225242e-10 3.9096657178013644e-09 -1.5563824563599872e-11 -3.2680449878895525e-10 -1.5563824563599862e-11 1.5269289863880302e-10</rotation_covariance>
        <location_covariance>2.0204597092102364e-06 4.3806139596491444e-07 -2.9151707116185902e-07 4.3806139596491444e-07 4.0434819440151586e-06 -1.4344119344295562e-07 -2.9151707116185902e-07 -1.4344119344295562e-07 1.2947676912313527e-07</location_covariance>
      </camera>
      <camera id="14" sensor_id="0" label="DSC00593.JPG">
        <transform>9.9744071057717942e-01 -6.9509939459445919e-02 -1.6745064933733598e-02 6.7525642912147958e+00 -6.9477509115899783e-02 -9.9758035687296620e-01 2.5114354971532693e-03 2.3427987814725038e+00 -1.6879117581818367e-02 -1.3416026052691654e-03 -9.9985663746964670e-01 9.7665911276945017e-02 0 0 0 1</transform>
        <rotation_covariance>8.5736357380506995e-09 -3.8457451631069715e-10 -3.2844549784357147e-10 -3.8457451631069720e-10 3.9250924579341470e-09 -1.3858495777174066e-11 -3.2844549784357142e-10 -1.3858495777174064e-11 1.5646552568548344e-10</rotation_covariance>
        <location_covariance>2.0797614170155868e-06 4.7356892515862020e-07 -3.3778527872513303e-07 4.7356892515862020e-07 4.0365378639810463e-06 -1.6515021461712613e-07 -3.3778527872513303e-07 -1.6515021461712613e-07 1.5447406729725765e-07</location_covariance>
      </camera>
      <camera id="15" sensor_id="0" label="DSC00594.JPG">
        <transform>9.9746258112370434e-01 -6.9293821705629394e-02 -1.6332958441914885e-02 8.8570905450671340e+00 -6.9311440885146583e-02 -9.9759493757349982e-01 -5.1448046443016424e-04 2.5228289908042010e+00 -1.6258026339679401e-02 1.6452358955145732e-03 -9.9986647597486056e-01 9.0846934165644086e-02 0 0 0 1</transform>
        <rotation_covariance>8.5252170036509303e-09 -2.6258275978782650e-10 -3.2576604643079133e-10 -2.6258275978782650e-10 3.9743610756560926e-09 -1.4214965699781764e-11 -3.2576604643079138e-10 -1.4214965699781772e-11 1.6479452266422235e-10</rotation_covariance>
        <location_covariance>2.2572373713080793e-06 6.7709571023549511e-07 -4.4523597483389757e-07 6.7709571023549511e-07 4.0134834412364316e-06 -2.0410225811258727e-07 -4.4523597483389757e-07 -2.0410225811258727e-07 2.2303263010049156e-07</location_covariance>
      </camera>
      <camera id="16" sensor_id="0" label="DSC00595.JPG">
        <transform>9.9748861921605192e-01 -6.9118433649714622e-02 -1.5462750863406947e-02 1.0884872263803867e+01 -6.9128439764407912e-02 -9.9760776163023634e-01 -1.1291965413562366e-04 2.7029846024925472e+00 -1.5417955447867282e-02 1.1815519115392359e-03 -9.9988043814492533e-01 8.0897270603498120e-02 0 0 0 1</transform>
        <rotation_covariance>8.6612585513136599e-09 -2.1842983775889395e-10 -3.3378331844192969e-10 -2.1842983775889395e-10 4.1372136843118939e-09 -1.3230290019435216e-11 -3.3378331844192975e-10 -1.3230290019435216e-11 1.7430029440265499e-10</rotation_covariance>
        <location_covariance>2.5236129845163805e-06 8.5067690645656436e-07 -5.5926523770249788e-07 8.5067690645656436e-07 4.0793702341526147e-06 -2.3388919522079786e-07 -5.5926523770249788e-07 -2.3388919522079786e-07 3.1030941777156441e-07</location_covariance>
      </camera>
      <camera id="17" sensor_id="0" label="DSC00596.JPG">
        <transform>9.9748677081210579e-01 -6.9231835212751086e-02 -1.5069673118945807e-02 1.1967119857750633e+01 -6.9262856460210853e-02 -9.9759724698584684e-01 -1.5458076307243813e-03 2.8015000376005368e+00 -1.4926445317276039e-02 2.5856912680081497e-03 -9.9988525113177706e-01 8.9766245848048667e-02 0 0 0 1</transform>
        <rotation_covariance>8.9980613791525954e-09 -1.9623231404499579e-10 -3.4733812240350201e-10 -1.9623231404499584e-10 4.3646719063424927e-09 -1.6209578787669474e-11 -3.4733812240350201e-10 -1.6209578787669481e-11 1.8222459747734295e-10</rotation_covariance>
        <location_covariance>2.7396418041235135e-06 9.5002842801571003e-07 -6.2225473082059171e-07 9.5002842801571003e-07 4.2391480036641454e-06 -2.6135554848142690e-07 -6.2225473082059171e-07 -2.6135554848142690e-07 3.6785993501261755e-07</location_covariance>
      </camera>
      <camera id="18" sensor_id="0" label="DSC00597.JPG">
        <transform>9.9751433315883853e-01 -6.8901432826557682e-02 -1.4756276533214213e-02 1.3708624098975250e+01 -6.8929570053224601e-02 -9.9762053762627856e-01 -1.4061573642732972e-03 2.9472399933581332e+00 -1.4624278271249158e-02 2.4198059225602475e-03 -9.9989013147662498e-01 6.7136877875858578e-02 0 0 0 1</transform>
        <rotation_covariance>9.4060325469198205e-09 -2.1774702920650681e-10 -3.6723142689937669e-10 -2.1774702920650691e-10 4.5412451528797436e-09 -1.3918434926628366e-11 -3.6723142689937680e-10 -1.3918434926628363e-11 1.9377694407796813e-10</rotation_covariance>
        <location_covariance>3.0101196022374288e-06 1.0817325903028744e-06 -7.2540850922830304e-07 1.0817325903028744e-06 4.4214850126139924e-06 -2.9220639238588712e-07 -7.2540850922830304e-07 -2.9220639238588712e-07 4.7155222337121958e-07</location_covariance>
      </camera>
      <camera id="19" sensor_id="0" label="DSC00598.JPG">
        <transform>9.9752233302450333e-01 -6.8875108198838769e-02 -1.4332291789869089e-02 1.5059935308254294e+01 -6.8910306475283956e-02 -9.9762090228436240e-01 -1.9761039487156181e-03 3.0734250793075253e+00 -1.4162089493932026e-02 2.9588504409548116e-03 -9.9989533473520809e-01 6.2286867848291246e-02 0 0 0 1</transform>
        <rotation_covariance>9.5173188855799846e-09 -1.2995735780193191e-10 -3.6799676613370173e-10 -1.2995735780193206e-10 4.6077088620209837e-09 -1.8304275970967279e-11 -3.6799676613370163e-10 -1.8304275970967286e-11 1.9944950187559261e-10</rotation_covariance>
        <location_covariance>3.2155872113980115e-06 1.2276473761100785e-06 -8.1111607419877780e-07 1.2276473761100785e-06 4.4700761958423581e-06 -3.1710782750089337e-07 -8.1111607419877780e-07 -3.1710782750089337e-07 5.6201059786216380e-07</location_covariance>
      </camera>
      <camera id="20" sensor_id="0" label="DSC00599.JPG">
        <transform>9.9752009602561009e-01 -6.9111331989182304e-02 -1.3314721767244658e-02 1.6381571863489022e+01 -6.9144797663479043e-02 -9.9760448854232431e-01 -2.0691535189142490e-03 3.1997947766207755e+00 -1.3139824242913184e-02 2.9846659594206654e-03 -9.9990921427296386e-01 5.4930103849354331e-02 0 0 0 1</transform>
        <rotation_covariance>9.7992558674415336e-09 -5.6041850308241472e-11 -3.7577723934683268e-10 -5.6041850308241394e-11 4.7145341702985986e-09 -1.2982083433734646e-11 -3.7577723934683273e-10 -1.2982083433734652e-11 2.0630186575490463e-10</rotation_covariance>
        <location_covariance>3.4549207052251492e-06 1.3729932125820713e-06 -8.8552599869577245e-07 1.3729932125820713e-06 4.5928010300575280e-06 -3.2875881535114987e-07 -8.8552599869577245e-07 -3.2875881535114987e-07 6.5914383445821671e-07</location_covariance>
      </camera>
      <camera id="21" sensor_id="0" label="DSC00600.JPG">
        <transform>9.9750156824003033e-01 -6.9481338556043604e-02 -1.2765772641755669e-02 1.7663744481000023e+01 -6.9501661388764555e-02 -9.9758116742159353e-01 -1.1547597032269749e-03 3.3657436829284677e+00 -1.2654660125110469e-02 2.0391170224225430e-03 -9.9991784741491985e-01 5.5398735018529190e-02 0 0 0 1</transform>
        <rotation_covariance>1.0113918751943142e-08 -4.9654910344945071e-11 -3.6889559301599464e-10 -4.9654910344945058e-11 4.9431395268799096e-09 -2.5652991582945615e-11 -3.6889559301599470e-10 -2.5652991582945625e-11 2.1305384557458811e-10</rotation_covariance>
        <location_covariance>3.7517724227514613e-06 1.4872542269074657e-06 -9.8353335084277877e-07 1.4872542269074657e-06 4.7441462452330213e-06 -3.7132899591525392e-07 -9.8353335084277877e-07 -3.7132899591525392e-07 7.6755324065186201e-07</location_covariance>
      </camera>
      <camera id="22" sensor_id="0" label="DSC00601.JPG">
        <transform>9.9747442760713456e-01 -6.9778156178822812e-02 -1.3258023612263645e-02 1.8965967267156607e+01 -6.9799508245696681e-02 -9.9756037246121199e-01 -1.1540986560439961e-03 3.5135028558092194e+00 -1.3145148096482050e-02 2.0765874247854858e-03 -9.9991144251188002e-01 5.7136493125673843e-02 0 0 0 1</transform>
        <rotation_covariance>1.0007788173234948e-08 -4.4901099538154328e-10 -3.6037468669488579e-10 -4.4901099538154339e-10 4.7373935912099266e-09 -6.8334788545552972e-14 -3.6037468669488584e-10 -6.8334788545550952e-14 2.1414386069890093e-10</rotation_covariance>
        <location_covariance>3.8521516985130361e-06 1.4295433427626027e-06 -1.0463825407700908e-06 1.4295433427626027e-06 4.7368622356276783e-06 -3.6682141808020005e-07 -1.0463825407700908e-06 -3.6682141808020005e-07 8.7976605481335664e-07</location_covariance>
      </camera>
      <camera id="23" sensor_id="0" label="DSC00602.JPG">
        <transform>9.9754523390691174e-01 -6.8774484238667097e-02 -1.3174848284116195e-02 2.0207150896725054e+01 -6.8841876109721090e-02 -9.9761636447583923e-01 -4.7313236735815473e-03 3.6564749809507275e+00 -1.2818049902303974e-02 5.6266906539916561e-03 -9.9990201417388203e-01 6.8643732941936264e-02 0 0 0 1</transform>
        <rotation_covariance>1.0109321223893164e-08 -2.6308744349932848e-10 -3.6743808767574360e-10 -2.6308744349932858e-10 4.6766811911845844e-09 8.7912800398795907e-13 -3.6743808767574360e-10 8.7912800398795160e-13 2.1853869342560057e-10</rotation_covariance>
        <location_covariance>4.0489630326553810e-06 1.6254755988240978e-06 -1.1104257054022731e-06 1.6254755988240978e-06 4.7867606398283886e-06 -4.1831997272519949e-07 -1.1104257054022731e-06 -4.1831997272519949e-07 9.9786333850460442e-07</location_covariance>
      </camera>
      <camera id="24" sensor_id="0" label="DSC00603.JPG">
        <transform>9.9754314958145573e-01 -6.8826208378640563e-02 -1.3062073469751910e-02 2.1677886497355445e+01 -6.8891975748063619e-02 -9.9761327384270160e-01 -4.6531204986555580e-03 3.7601083596128912e+00 -1.2710641236281709e-02 5.5415605263084734e-03 -9.9990386073176840e-01 3.8353175939207042e-02 0 0 0 1</transform>
        <rotation_covariance>1.0030510198983617e-08 -2.3890066626301927e-10 -3.7506983957866024e-10 -2.3890066626301922e-10 4.6767993634049739e-09 2.2557008844697134e-12 -3.7506983957866024e-10 2.2557008844697109e-12 2.1944915691919955e-10</rotation_covariance>
        <location_covariance>4.3157563559951278e-06 1.7569599498169615e-06 -1.1893215228268519e-06 1.7569599498169615e-06 4.7432259949636616e-06 -4.4730775042768005e-07 -1.1893215228268519e-06 -4.4730775042768005e-07 1.1468718989393241e-06</location_covariance>
      </camera>
      <camera id="25" sensor_id="0" label="DSC00604.JPG">
        <transform>9.9753886388390622e-01 -6.9057016097832394e-02 -1.2138515925316590e-02 2.2886198294640874e+01 -6.9117701904439291e-02 -9.9759766255914506e-01 -4.6526272125422818e-03 3.8569894312846480e+00 -1.1788058561719045e-02 5.4801627889631277e-03 -9.9991550117555017e-01 4.0764717782466604e-02 0 0 0 1</transform>
        <rotation_covariance>1.0157061563538594e-08 -2.2850070166572871e-10 -3.7012856509886691e-10 -2.2850070166572863e-10 4.7788409058923292e-09 6.8365013501442757e-13 -3.7012856509886691e-10 6.8365013501442980e-13 2.2158676248982719e-10</rotation_covariance>
        <location_covariance>4.5990252038245861e-06 1.8662976065324456e-06 -1.2649555509864644e-06 1.8662976065324456e-06 4.8042879382427063e-06 -4.7513904329927408e-07 -1.2649555509864644e-06 -4.7513904329927408e-07 1.2808539946844076e-06</location_covariance>
      </camera>
      <camera id="26" sensor_id="0" label="DSC00605.JPG">
        <transform>9.9753233140369924e-01 -6.9100150279879993e-02 -1.2426465128831088e-02 2.4207385964744198e+01 -6.9172163596473338e-02 -9.9758978812931309e-01 -5.4613554631485258e-03 3.9624157723856648e+00 -1.2019134231831496e-02 6.3074441265962549e-03 -9.9990787403685699e-01 4.2165704438306070e-02 0 0 0 1</transform>
        <rotation_covariance>1.0581218578716695e-08 -2.4775910987293528e-10 -3.7849558060244484e-10 -2.4775910987293528e-10 4.9516011788273813e-09 9.5720594026841158e-12 -3.7849558060244484e-10 9.5720594026841207e-12 2.2746740804346435e-10</rotation_covariance>
        <location_covariance>4.9422384815906022e-06 1.9807998934519997e-06 -1.3498991882038152e-06 1.9807998934519997e-06 4.9990217639782995e-06 -5.1083922654506585e-07 -1.3498991882038152e-06 -5.1083922654506585e-07 1.4393397682279456e-06</location_covariance>
      </camera>
      <camera id="27" sensor_id="0" label="DSC00606.JPG">
        <transform>9.9751967504228523e-01 -6.9300210694815054e-02 -1.2327964194787410e-02 2.4846294765341160e+01 -6.9367544573960438e-02 -9.9757803018727853e-01 -5.1202975936524564e-03 4.0219271825599741e+00 -1.1943268535595065e-02 5.9627581975280342e-03 -9.9991089795609511e-01 3.1608616313322901e-02 0 0 0 1</transform>
        <rotation_covariance>1.0763939212210872e-08 -2.6440084048983377e-10 -3.7698097140586035e-10 -2.6440084048983388e-10 5.0338729874919123e-09 1.2631866929891672e-11 -3.7698097140586030e-10 1.2631866929891665e-11 2.3046181354161771e-10</rotation_covariance>
        <location_covariance>5.1103698485524977e-06 2.0317992195449873e-06 -1.3899686068627717e-06 2.0317992195449873e-06 5.0812015868406550e-06 -5.2406988411386220e-07 -1.3899686068627717e-06 -5.2406988411386220e-07 1.5198336638534662e-06</location_covariance>
      </camera>
      <camera id="28" sensor_id="0" label="DSC00607.JPG">
        <transform>9.9750250248509875e-01 -6.9620784001637154e-02 -1.1903947704984224e-02 2.5936056843144645e+01 -6.9668388097722994e-02 -9.9756359509459769e-01 -3.6317271106653167e-03 4.1120766532037445e+00 -1.1622101179677628e-02 4.4519857298374703e-03 -9.9992255029438692e-01 5.5691299468629892e-02 0 0 0 1</transform>
        <rotation_covariance>1.1202239854445377e-08 -2.9911445710024224e-10 -3.6851964299330404e-10 -2.9911445710024219e-10 5.0701956236790513e-09 8.1261454473153286e-12 -3.6851964299330415e-10 8.1261454473153319e-12 2.3729914837710647e-10</rotation_covariance>
        <location_covariance>5.3751193685883664e-06 2.1246494277538578e-06 -1.4639328082868558e-06 2.1246494277538578e-06 5.2918909254409731e-06 -5.4622298306469849e-07 -1.4639328082868558e-06 -5.4622298306469849e-07 1.6623723284857100e-06</location_covariance>
      </camera>
      <camera id="29" sensor_id="0" label="DSC00608.JPG">
        <transform>9.9749586019898073e-01 -6.9861370159627165e-02 -1.1018069037508514e-02 2.6886830021462714e+01 -6.9916419112504694e-02 -9.9754181681631660e-01 -4.6923385733582193e-03 4.1961097087640864e+00 -1.0663171403496171e-02 5.4509322342137755e-03 -9.9992828948550005e-01 7.1228125284431816e-03 0 0 0 1</transform>
        <rotation_covariance>1.1207263641972458e-08 -3.2437346998959912e-10 -3.5404438642407098e-10 -3.2437346998959907e-10 5.0653462428658060e-09 1.0558078201406148e-11 -3.5404438642407083e-10 1.0558078201406156e-11 2.4280837303638201e-10</rotation_covariance>
        <location_covariance>5.5849726973366501e-06 2.1912531465067842e-06 -1.5234451791958730e-06 2.1912531465067842e-06 5.2824842484900580e-06 -5.7024870766203792e-07 -1.5234451791958730e-06 -5.7024870766203792e-07 1.7926251417199139e-06</location_covariance>
      </camera>
      <camera id="30" sensor_id="0" label="DSC00609.JPG">
        <transform>9.9747574126202188e-01 -7.0180367685688555e-02 -1.0810253710364329e-02 2.8244540431757891e+01 -7.0232420270444004e-02 -9.9752044713092525e-01 -4.5127263016305902e-03 4.2682638537020390e+00 -1.0466744323648063e-02 5.2605652946480647e-03 -9.9993138450397900e-01 2.7197580034022780e-02 0 0 0 1</transform>
        <rotation_covariance>1.1186211709769497e-08 -1.0199435878852323e-10 -3.4496925518446840e-10 -1.0199435878852342e-10 5.1678163835349010e-09 2.0454912504202969e-12 -3.4496925518446835e-10 2.0454912504203058e-12 2.5224456064686263e-10</rotation_covariance>
        <location_covariance>5.9823852131460583e-06 2.3923922162488603e-06 -1.6193120476444623e-06 2.3923922162488603e-06 5.2770174075256388e-06 -5.8220198561802606e-07 -1.6193120476444623e-06 -5.8220198561802606e-07 1.9862999226830405e-06</location_covariance>
      </camera>
      <camera id="31" sensor_id="0" label="DSC00610.JPG">
        <transform>9.9746087738320721e-01 -7.0558580204416466e-02 -9.6584082259536467e-03 2.8900722241490737e+01 -7.0593968462448115e-02 -9.9749943070726410e-01 -3.3730335615978074e-03 4.3011112172213544e+00 -9.3962602478389317e-03 4.0462943814947305e-03 -9.9994766752822273e-01 4.6185716964493244e-02 0 0 0 1</transform>
        <rotation_covariance>1.1325538130811340e-08 -1.2261192279800900e-11 -3.3038809650703816e-10 -1.2261192279801057e-11 5.2071282755876736e-09 -1.0630836364957011e-11 -3.3038809650703816e-10 -1.0630836364957003e-11 2.5754590648513994e-10</rotation_covariance>
        <location_covariance>6.1806054968429394e-06 2.4874756398838862e-06 -1.6750660781417859e-06 2.4874756398838862e-06 5.3419345029770615e-06 -5.9511629234985684e-07 -1.6750660781417859e-06 -5.9511629234985684e-07 2.0860135360298799e-06</location_covariance>
      </camera>
      <camera id="32" sensor_id="0" label="DSC00611.JPG">
        <transform>9.9776767272807221e-01 -6.5952853388019275e-02 -1.0482957062998469e-02 2.8992485836434348e+01 -6.5956337089254510e-02 -9.9782250997735111e-01 1.3426420329393229e-05 4.3542122201297460e+00 -1.0461016039317435e-02 6.7802100157408896e-04 -9.9994505220584318e-01 3.0043934884360551e-02 0 0 0 1</transform>
        <rotation_covariance>1.1769479989033097e-08 7.6671776260449251e-11 -3.5229143535618336e-10 7.6671776260449134e-11 5.3072007239256023e-09 -3.1701412777793302e-11 -3.5229143535618336e-10 -3.1701412777793302e-11 2.6276731284157558e-10</rotation_covariance>
        <location_covariance>6.2517126469459979e-06 2.5351078718971895e-06 -1.6902590683200930e-06 2.5351078718971895e-06 5.5283429684177059e-06 -6.1750831546884947e-07 -1.6902590683200930e-06 -6.1750831546884947e-07 2.1044298210839031e-06</location_covariance>
      </camera>
      <camera id="33" sensor_id="0" label="DSC00612.JPG">
        <transform>9.9995176271885877e-01 4.0949555420778409e-03 -8.9276858454805808e-03 2.8941610585301358e+01 4.0754184897875056e-03 -9.9998926339272032e-01 -2.2054621778921876e-03 2.4841412428930782e+00 -8.9366212619919443e-03 2.1689717364273805e-03 -9.9995771528701471e-01 -8.6860322971996015e-02 0 0 0 1</transform>
        <rotation_covariance>1.0426730158189234e-08 1.6105524058268893e-10 -2.9287201282230773e-10 1.6105524058268893e-10 5.0246940954812343e-09 -1.2773636363897887e-11 -2.9287201282230773e-10 -1.2773636363897884e-11 2.3580497877333360e-10</rotation_covariance>
        <location_covariance>6.0518374479718367e-06 2.1300796747782872e-06 -1.4926676190718001e-06 2.1300796747782872e-06 4.6529316289987847e-06 -2.8105515224856446e-07 -1.4926676190718001e-06 -2.8105515224856446e-07 2.0139725733870310e-06</location_covariance>
      </camera>
      <camera id="34" sensor_id="0" label="DSC00613.JPG">
        <transform>9.9996133920961006e-01 3.1582035185676810e-03 -8.2064509173347972e-03 2.8156695939727150e+01 3.1619354984754305e-03 -9.9999490346334563e-01 4.4182715752894334e-04 2.4225866889369616e+00 -8.2050137127733895e-03 -4.6775834461416774e-04 -9.9996622890580855e-01 -9.1027550516184594e-02 0 0 0 1</transform>
        <rotation_covariance>1.0207567905645505e-08 9.8406911162523148e-11 -3.0069922574372312e-10 9.8406911162523135e-11 4.9291399659221132e-09 -1.8101229484411810e-11 -3.0069922574372307e-10 -1.8101229484411807e-11 2.2836598277677613e-10</rotation_covariance>
        <location_covariance>5.8047293982887262e-06 2.0460238320385447e-06 -1.4340433844053345e-06 2.0460238320385447e-06 4.5498942978744923e-06 -2.5996280246628376e-07 -1.4340433844053345e-06 -2.5996280246628376e-07 1.8964009813276180e-06</location_covariance>
      </camera>
      <camera id="35" sensor_id="0" label="DSC00614.JPG">
        <transform>9.9995667815337308e-01 2.6916440067817037e-03 -8.9104920746797232e-03 2.6762294991525319e+01 2.6860766959268200e-03 -9.9999618978738358e-01 -6.3671241431223491e-04 2.2969504703044592e+00 -8.9121719269644288e-03 6.1275056564374930e-04 -9.9996009806806219e-01 -8.8264083689830644e-02 0 0 0 1</transform>
        <rotation_covariance>1.0155072459314348e-08 1.2834011728116474e-10 -3.1434049566065748e-10 1.2834011728116474e-10 4.8271918281238752e-09 -6.8273503920936439e-12 -3.1434049566065748e-10 -6.8273503920936431e-12 2.2026366404244392e-10</rotation_covariance>
        <location_covariance>5.4159430257348322e-06 1.9521844590185032e-06 -1.3479803740331830e-06 1.9521844590185032e-06 4.5135997204183073e-06 -2.3820032824818518e-07 -1.3479803740331830e-06 -2.3820032824818518e-07 1.7003311254978114e-06</location_covariance>
      </camera>
      <camera id="36" sensor_id="0" label="DSC00615.JPG">
        <transform>9.9996237001614774e-01 2.2621909926424685e-03 -8.3750249910632384e-03 2.4933983758413955e+01 2.2538822405210939e-03 -9.9999695860953719e-01 -1.0013922915485529e-03 2.1504040954083172e+00 -8.3772648599641456e-03 9.8247828908162860e-04 -9.9996442745223579e-01 -5.9800638048706091e-02 0 0 0 1</transform>
        <rotation_covariance>1.0011880461088852e-08 -2.6447020419313374e-11 -3.0557224865098940e-10 -2.6447020419313374e-11 4.8031011476710780e-09 1.4535684780205811e-11 -3.0557224865098945e-10 1.4535684780205808e-11 2.1170553102286549e-10</rotation_covariance>
        <location_covariance>4.9942411259743932e-06 1.7452871171254231e-06 -1.2421074974063248e-06 1.7452871171254231e-06 4.4469292972375991e-06 -1.8317181181757433e-07 -1.2421074974063248e-06 -1.8317181181757433e-07 1.4634717581701023e-06</location_covariance>
      </camera>
      <camera id="37" sensor_id="0" label="DSC00616.JPG">
        <transform>9.9996770633534338e-01 2.7028341273524284e-03 -7.5684195254265563e-03 2.3244729156910104e+01 2.6938663899050666e-03 -9.9999565771981325e-01 -1.1948327879720555e-03 1.9669234244220639e+00 -7.5716160960642171e-03 1.1744058914584521e-03 -9.9997064526939794e-01 -6.0397838271476260e-02 0 0 0 1</transform>
        <rotation_covariance>9.5197461023320640e-09 -1.6074414590045864e-10 -2.9629987809230239e-10 -1.6074414590045867e-10 4.5600703282129751e-09 8.1388784749600531e-12 -2.9629987809230239e-10 8.1388784749600531e-12 2.0183419975194679e-10</rotation_covariance>
        <location_covariance>4.5296407920903517e-06 1.5514830373761484e-06 -1.1401601964009019e-06 1.5514830373761484e-06 4.2179491003378464e-06 -1.6819369972020453e-07 -1.1401601964009019e-06 -1.6819369972020453e-07 1.2605261854921220e-06</location_covariance>
      </camera>
      <camera id="38" sensor_id="0" label="DSC00617.JPG">
        <transform>9.9997296035041994e-01 2.6543095369094454e-03 -6.8580761807011288e-03 2.1872845530603069e+01 2.6442428999093265e-03 -9.9999541395006164e-01 -1.4765020595629008e-03 1.8038025397348791e+00 -6.8619638227192439e-03 1.4583277162172892e-03 -9.9997539306363348e-01 -5.7712746000806975e-02 0 0 0 1</transform>
        <rotation_covariance>9.5358038315788578e-09 -2.0861754888504480e-10 -2.9508854664151727e-10 -2.0861754888504487e-10 4.5327331892075315e-09 1.6398116877434653e-11 -2.9508854664151733e-10 1.6398116877434650e-11 2.0000911008716695e-10</rotation_covariance>
        <location_covariance>4.2483873125904281e-06 1.4194980495155849e-06 -1.0580385157584968e-06 1.4194980495155849e-06 4.2113020975703523e-06 -1.3273186190570589e-07 -1.0580385157584968e-06 -1.3273186190570589e-07 1.1109229485625195e-06</location_covariance>
      </camera>
      <camera id="39" sensor_id="0" label="DSC00618.JPG">
        <transform>9.9998472422374829e-01 2.6294951811303468e-03 -4.8617974295424599e-03 2.0033653124957628e+01 2.6255006102342683e-03 -9.9999621071964107e-01 -8.2782419873239643e-04 1.6630720831947317e+00 -4.8639557665703416e-03 8.1504690095646204e-04 -9.9998783874247699e-01 -4.6415992610102055e-02 0 0 0 1</transform>
        <rotation_covariance>9.7083745902133171e-09 -2.7106530300798592e-10 -2.6822718985630483e-10 -2.7106530300798592e-10 4.5802055677207635e-09 2.0217572645039206e-11 -2.6822718985630478e-10 2.0217572645039206e-11 1.9895157953195428e-10</rotation_covariance>
        <location_covariance>3.9316568140959547e-06 1.2530774513783052e-06 -9.7050445496862762e-07 1.2530774513783052e-06 4.2832508422955259e-06 -9.8015478788568875e-08 -9.7050445496862762e-07 -9.8015478788568875e-08 9.3095281674205667e-07</location_covariance>
      </camera>
      <camera id="40" sensor_id="0" label="DSC00619.JPG">
        <transform>9.9998580670683190e-01 2.4522001587584247e-03 -4.7300210641431865e-03 1.9259986363176260e+01 2.4466437179491017e-03 -9.9999631058713323e-01 -1.1801468717315133e-03 1.5988169670019201e+00 -4.7328975694888335e-03 1.1685574452387493e-03 -9.9998811700644397e-01 -6.8092400825087010e-02 0 0 0 1</transform>
        <rotation_covariance>9.5119360736631787e-09 -2.7506943558568557e-10 -2.5754166914490625e-10 -2.7506943558568562e-10 4.5743128243573867e-09 1.8743313463299041e-11 -2.5754166914490630e-10 1.8743313463299041e-11 1.9525293180128388e-10</rotation_covariance>
        <location_covariance>3.7908963714210542e-06 1.1905026671841961e-06 -9.4236786776646135e-07 1.1905026671841961e-06 4.1866369293986818e-06 -8.4013520856125733e-08 -9.4236786776646135e-07 -8.4013520856125733e-08 8.6050953181971932e-07</location_covariance>
      </camera>
      <camera id="41" sensor_id="0" label="DSC00620.JPG">
        <transform>9.9998768642182778e-01 1.6848123277733739e-03 -4.6678059236099113e-03 1.7322332992993413e+01 1.6763805697703835e-03 -9.9999695738349859e-01 -1.8096883517942292e-03 1.4578037196038316e+00 -4.6708407065111134e-03 1.8018410489013324e-03 -9.9998746822944184e-01 -6.2974955965553789e-02 0 0 0 1</transform>
        <rotation_covariance>8.7938746876252678e-09 -4.7307978242484667e-11 -2.4778550201014814e-10 -4.7307978242484673e-11 4.6214460452209115e-09 5.3508188974686898e-12 -2.4778550201014814e-10 5.3508188974686906e-12 1.8583724623349944e-10</rotation_covariance>
        <location_covariance>3.4965184150588001e-06 1.1478285339350410e-06 -8.4890116402993883e-07 1.1478285339350410e-06 3.8749228846523250e-06 -8.8281102179586332e-08 -8.4890116402993883e-07 -8.8281102179586332e-08 6.9534860940050658e-07</location_covariance>
      </camera>
      <camera id="42" sensor_id="0" label="DSC00621.JPG">
        <transform>9.9999267295145433e-01 1.5986065482033413e-03 -3.4782898829927174e-03 1.5367395491741917e+01 1.5996946669764017e-03 -9.9999867241530760e-01 3.1007191879933726e-04 1.3391918869470130e+00 -3.4777895822685066e-03 -3.1563384866317712e-04 -9.9999390265885868e-01 -4.4516644496350358e-02 0 0 0 1</transform>
        <rotation_covariance>8.7970654706233757e-09 4.9252475110188153e-11 -2.4599390626352451e-10 4.9252475110188153e-11 4.4907538894838341e-09 -7.9301425447919774e-12 -2.4599390626352451e-10 -7.9301425447919758e-12 1.7928886508730805e-10</rotation_covariance>
        <location_covariance>3.1538885570601083e-06 1.0526113330975723e-06 -7.2711175122481192e-07 1.0526113330975723e-06 3.8828200877915201e-06 -6.6428907049393216e-08 -7.2711175122481192e-07 -6.6428907049393216e-08 5.4897471283297455e-07</location_covariance>
      </camera>
      <camera id="43" sensor_id="0" label="DSC00622.JPG">
        <transform>9.9999465195527271e-01 1.2964894591233683e-03 -3.0025282570737082e-03 1.4055734568997780e+01 1.2996702051816808e-03 -9.9999859611893760e-01 1.0576471590059700e-03 1.2412367587357305e+00 -3.0011528134880235e-03 -1.0615437991767784e-03 -9.9999493309043963e-01 -5.8771429545437001e-02 0 0 0 1</transform>
        <rotation_covariance>8.7276201663720427e-09 5.9878917300675958e-11 -2.3944756657262895e-10 5.9878917300675945e-11 4.3460637279796093e-09 -1.2531972365748340e-11 -2.3944756657262895e-10 -1.2531972365748342e-11 1.7232005923744043e-10</rotation_covariance>
        <location_covariance>2.9140824848710749e-06 9.6448177427828420e-07 -6.5302579218409520e-07 9.6448177427828420e-07 3.8446659482866583e-06 -5.3820322390007346e-08 -6.5302579218409520e-07 -5.3820322390007346e-08 4.6158246336311188e-07</location_covariance>
      </camera>
      <camera id="44" sensor_id="0" label="DSC00623.JPG">
        <transform>9.9999531671276021e-01 1.0654153852829428e-03 -2.8690490764344918e-03 1.1925102127571821e+01 1.0671283123106655e-03 -9.9999925326537376e-01 5.9557187637851450e-04 1.0226345433577566e+00 -2.8684124025760661e-03 -5.9863073064328476e-04 -9.9999570691655337e-01 -5.1143001031259253e-02 0 0 0 1</transform>
        <rotation_covariance>8.8873347792655645e-09 5.8665825379835253e-11 -2.3122015295588031e-10 5.8665825379835266e-11 4.3733417544378085e-09 -1.9242184413322339e-11 -2.3122015295588031e-10 -1.9242184413322339e-11 1.6617565186835305e-10</rotation_covariance>
        <location_covariance>2.6791251732309063e-06 8.1272380867836045e-07 -5.3906244174406897e-07 8.1272380867836045e-07 3.9064134672137482e-06 -3.6867438054216391e-08 -5.3906244174406897e-07 -3.6867438054216391e-08 3.4177462161613780e-07</location_covariance>
      </camera>
      <camera id="45" sensor_id="0" label="DSC00624.JPG">
        <transform>9.9999557273233153e-01 7.6223166472299793e-04 -2.8763724766283695e-03 9.4159614401283331e+00 7.6228593054440479e-04 -9.9999970930215487e-01 1.7769797573063961e-05 7.9933193742921504e-01 -2.8763580957707042e-03 -1.9962337171608446e-05 -9.9999586307424759e-01 -3.6750796213516686e-02 0 0 0 1</transform>
        <rotation_covariance>8.5236457208028747e-09 -8.7945161638942050e-12 -1.9751200161412363e-10 -8.7945161638942083e-12 4.1239114677125724e-09 -2.4637137567353434e-11 -1.9751200161412363e-10 -2.4637137567353427e-11 1.5416887702134233e-10</rotation_covariance>
        <location_covariance>2.3187676225366621e-06 6.0183633745132530e-07 -4.2540649962469416e-07 6.0183633745132530e-07 3.7462735037187521e-06 -2.7189021511361493e-08 -4.2540649962469416e-07 -2.7189021511361493e-08 2.2856510501579501e-07</location_covariance>
      </camera>
      <camera id="46" sensor_id="0" label="DSC00625.JPG">
        <transform>9.9999567899692221e-01 1.0016674066854710e-03 -2.7638107551953800e-03 8.6507185554771517e+00 1.0027972805161970e-03 -9.9999941418899174e-01 4.0745464437691448e-04 7.3069600352211295e-01 -2.7634010020876408e-03 -4.1022442567355266e-04 -9.9999609765779696e-01 -2.6146267796661984e-02 0 0 0 1</transform>
        <rotation_covariance>7.9295720101219393e-09 -5.2786237390073250e-11 -1.9397432775349306e-10 -5.2786237390073256e-11 3.8600861294890257e-09 -1.5821372159403579e-11 -1.9397432775349304e-10 -1.5821372159403579e-11 1.4556009986703671e-10</rotation_covariance>
        <location_covariance>2.1406167756708161e-06 5.3364437094240534e-07 -3.8189056338527073e-07 5.3364437094240534e-07 3.4856838942191119e-06 -4.5537372360683921e-09 -3.8189056338527073e-07 -4.5537372360683921e-09 1.9792055467876150e-07</location_covariance>
      </camera>
      <camera id="47" sensor_id="0" label="DSC00626.JPG">
        <transform>9.9999518703400536e-01 5.4619397435437869e-04 -3.0541088661740342e-03 7.4888828783788171e+00 5.4517475613334132e-04 -9.9999979543275008e-01 -3.3454288631235007e-04 6.7245342928044194e-01 -3.0542909667120501e-03 3.3287625311201330e-04 -9.9999528023890705e-01 -3.0888614603417477e-02 0 0 0 1</transform>
        <rotation_covariance>7.9947589247880013e-09 -1.0794063568104960e-10 -1.9282452022065419e-10 -1.0794063568104960e-10 3.7815171921638545e-09 -1.6521590143708674e-11 -1.9282452022065424e-10 -1.6521590143708671e-11 1.4029202150022541e-10</rotation_covariance>
        <location_covariance>2.0172997081619022e-06 4.3995653982219579e-07 -3.2742808863337684e-07 4.3995653982219579e-07 3.5157909828063453e-06 -1.0508277305391108e-08 -3.2742808863337684e-07 -1.0508277305391108e-08 1.6083969401949325e-07</location_covariance>
      </camera>
      <camera id="48" sensor_id="0" label="DSC00627.JPG">
        <transform>9.9999732256507579e-01 3.8211013197065637e-04 -2.2822915078816956e-03 5.8955763501879570e+00 3.8425372740362820e-04 -9.9999948544081607e-01 9.3886483365510087e-04 5.2659581682300627e-01 -2.2819315837421493e-03 -9.3973929892454677e-04 -9.9999695483451201e-01 9.0200873078475144e-03 0 0 0 1</transform>
        <rotation_covariance>7.9538652430883357e-09 -1.4356255459305030e-10 -1.8512548787091437e-10 -1.4356255459305028e-10 3.7387379483373798e-09 -1.2536330196177137e-11 -1.8512548787091440e-10 -1.2536330196177139e-11 1.3247087958806380e-10</rotation_covariance>
        <location_covariance>1.9090277894757693e-06 3.2821823441660353e-07 -2.5336492188668007e-07 3.2821823441660353e-07 3.5099939412470344e-06 1.6299446681371248e-08 -2.5336492188668007e-07 1.6299446681371248e-08 1.1879313327243914e-07</location_covariance>
      </camera>
      <camera id="49" sensor_id="0" label="DSC00628.JPG">
        <transform>9.9999723248083527e-01 3.5369657326716315e-04 -2.3259254941628490e-03 4.7815711427722611e+00 3.5334699957157182e-04 -9.9999992621714917e-01 -1.5070366369090982e-04 4.2927418384615568e-01 -2.3259786259188617e-03 1.4988138782129345e-04 -9.9999728367581153e-01 -7.0315454374077569e-03 0 0 0 1</transform>
