<?xml version="1.0" encoding="UTF-8"?>
<document version="1.5.0">
  <chunk label="SonyA9" enabled="true">
    <sensors next_id="1">
      <sensor id="0" label="SonyA9" type="frame">
        <resolution width="6000" height="4000"/>
        <property name="pixel_width" value="0.006"/>
        <property name="pixel_height" value="0.006"/>
        <property name="focal_length" value="55"/>
        <property name="fixed" value="true"/>
        <property name="layer_index" value="0"/>
        <calibration type="frame" class="initial">
          <resolution width="6000" height="4000"/>
          <f>9227.77018581081</f>
          <cx>-37.8304617831239</cx>
          <cy>31.7622333680372</cy>
          <k1>-0.017282082281574</k1>
        </calibration>
      </sensor>
    </sensors>
    <cameras next_id="595" next_group_id="0">
      <camera id="0" sensor_id="0" label="DSC00620.JPG">
        <transform>9.9751404336494742e-01 -6.8071531328328910e-02 1.8220864752515307e-02 -2.3572989825875986e+01 -6.8251069266468581e-02 -9.9762371154593121e-01 9.4192199944787003e-03 2.2135251406700132e+01 1.7536385993038171e-02 -1.0639397724355348e-02 -9.9978961706069258e-01 1.1198444728096701e+00 0 0 0 1</transform>
        <rotation_covariance>1.3445616612436203e-08 -6.2440977475774273e-10 9.7694989353229391e-11 -6.2440977475774273e-10 6.2539730346618594e-09 -3.1367962132431070e-11 9.7694989353229443e-11 -3.1367962132431070e-11 2.4840506266099975e-10</rotation_covariance>
        <location_covariance>3.5045461803747433e-06 -2.4267376462698837e-06 -1.1105702782012476e-06 -2.4267376462698837e-06 6.5855014946164109e-06 1.3360182660036166e-06 -1.1105702782012476e-06 1.3360182660036166e-06 2.9132896563254469e-06</location_covariance>
      </camera>
      <camera id="1" sensor_id="0" label="DSC00621.JPG">
        <transform>9.9919566139518712e-01 -3.6347967322128437e-02 1.6936809634186253e-02 -2.3105377205254563e+01 -3.6427821856402427e-02 -9.9932646611898324e-01 4.4303395966420467e-03 2.2362832989911773e+01 1.6764368280176630e-02 -5.0437471876415008e-03 -9.9984674654192551e-01 1.0380861151148821e+00 0 0 0 1</transform>
        <rotation_covariance>1.3582489003123862e-08 -3.7033839083559805e-10 9.9478179679685305e-11 -3.7033839083559816e-10 6.0500980190066825e-09 -7.7054392444517772e-12 9.9478179679685305e-11 -7.7054392444517821e-12 2.4967590451562792e-10</rotation_covariance>
        <location_covariance>3.2668160401143858e-06 -2.3232552882044778e-06 -1.0864123853092160e-06 -2.3232552882044778e-06 6.7458856170808001e-06 1.3492018794612650e-06 -1.0864123853092160e-06 1.3492018794612650e-06 2.9157393294271390e-06</location_covariance>
      </camera>
      <camera id="2" sensor_id="0" label="DSC00622.JPG">
        <transform>9.9978389377178489e-01 -9.5806652928503502e-03 1.8449298281373223e-02 -2.1765141857610711e+01 -9.6449711377367096e-03 -9.9994770683922229e-01 3.3997233318288078e-03 2.2736474897426231e+01 1.8415761897921414e-02 -3.5769315798779289e-03 -9.9982401715211466e-01 9.9144347202348382e-01 0 0 0 1</transform>
        <rotation_covariance>1.4036490299847375e-08 -2.3672223566972013e-10 1.3172547379123800e-10 -2.3672223566972013e-10 5.6783626954331311e-09 2.7726610518010584e-11 1.3172547379123800e-10 2.7726610518010584e-11 2.4105784309305717e-10</rotation_covariance>
        <location_covariance>2.7067783578301349e-06 -1.9996894067633918e-06 -9.7409450935609647e-07 -1.9996894067633918e-06 7.1107722740490591e-06 1.4171851866964436e-06 -9.7409450935609647e-07 1.4171851866964436e-06 2.9408736353905257e-06</location_covariance>
      </camera>
      <camera id="3" sensor_id="0" label="DSC00623.JPG">
        <transform>9.9975651337841165e-01 1.2024975617413974e-02 1.8501727455597337e-02 -2.0519404848038658e+01 1.1988274686364906e-02 -9.9992594696740222e-01 2.0932872204875719e-03 2.3009673558048362e+01 1.8525529074357571e-02 -1.8709737421438444e-03 -9.9982663708753572e-01 9.3831153159711189e-01 0 0 0 1</transform>
        <rotation_covariance>1.4637117055647239e-08 2.0694677466382149e-11 1.1692693765843087e-10 2.0694677466382114e-11 5.3984684690506348e-09 3.8644338486389514e-11 1.1692693765843082e-10 3.8644338486389508e-11 2.3142660829624114e-10</rotation_covariance>
        <location_covariance>2.2696799857865685e-06 -1.6327703284037971e-06 -8.2584337506843550e-07 -1.6327703284037971e-06 7.4730825238505794e-06 1.4685805744145206e-06 -8.2584337506843550e-07 1.4685805744145206e-06 2.9578752582772109e-06</location_covariance>
      </camera>
      <camera id="4" sensor_id="0" label="DSC00624.JPG">
        <transform>9.9975063613238579e-01 1.2694862706742978e-02 1.8371336743595774e-02 -1.9157367465461807e+01 1.2710071288040749e-02 -9.9991897077669012e-01 -7.1131479495868026e-04 2.3268737320764888e+01 1.8360818084784999e-02 9.4463841841802303e-04 -9.9983097972483115e-01 9.0095437345774421e-01 0 0 0 1</transform>
        <rotation_covariance>1.4270726357659364e-08 9.6532684997037951e-11 1.2100859715302481e-10 9.6532684997037964e-11 5.2110255136165834e-09 4.7350979562230959e-11 1.2100859715302484e-10 4.7350979562230953e-11 2.2344693718586066e-10</rotation_covariance>
        <location_covariance>1.9119144859705670e-06 -1.1993954174894454e-06 -6.4861861297224463e-07 -1.1993954174894454e-06 7.5495297972845911e-06 1.5136739911662861e-06 -6.4861861297224463e-07 1.5136739911662861e-06 2.9864403937171140e-06</location_covariance>
      </camera>
      <camera id="5" sensor_id="0" label="DSC00625.JPG">
        <transform>9.9974198966701477e-01 1.3049366241121508e-02 1.8592152574256629e-02 -1.7952126891497500e+01 1.3074186986527125e-02 -9.9991379210186226e-01 -1.2140836524026644e-03 2.3478532590970541e+01 1.8574706761633787e-02 1.4568476855130186e-03 -9.9982641386569726e-01 8.8254796394828439e-01 0 0 0 1</transform>
        <rotation_covariance>1.4624895898633562e-08 1.8074066573185074e-10 1.4328821702075319e-10 1.8074066573185074e-10 5.3584167184020079e-09 3.7316990228934850e-11 1.4328821702075327e-10 3.7316990228934856e-11 2.2566381599113798e-10</rotation_covariance>
        <location_covariance>1.7667359639776593e-06 -7.9225597838045490e-07 -4.9162693209271194e-07 -7.9225597838045490e-07 7.8072888931321914e-06 1.5501568785670816e-06 -4.9162693209271194e-07 1.5501568785670816e-06 3.0247239101909099e-06</location_covariance>
      </camera>
      <camera id="6" sensor_id="0" label="DSC00626.JPG">
        <transform>9.9972621029950970e-01 1.5495711399100847e-02 1.7532466124767210e-02 -1.6716729347774891e+01 1.5528710707611151e-02 -9.9987789505695313e-01 -1.7476041417384680e-03 2.3670927139558195e+01 1.7503244954569324e-02 2.0193822601662359e-03 -9.9984476720706383e-01 8.5498447787899878e-01 0 0 0 1</transform>
        <rotation_covariance>1.4332521649545207e-08 1.4903924258408448e-10 1.3068419486782414e-10 1.4903924258408443e-10 5.2416360293593900e-09 3.1571228011434497e-11 1.3068419486782414e-10 3.1571228011434504e-11 2.2242823734191597e-10</rotation_covariance>
        <location_covariance>1.6081683648321065e-06 -3.9825441523689625e-07 -3.2978554507123751e-07 -3.9825441523689625e-07 7.8568484587769140e-06 1.5713629256080722e-06 -3.2978554507123751e-07 1.5713629256080722e-06 3.0626538673121104e-06</location_covariance>
      </camera>
      <camera id="7" sensor_id="0" label="DSC00627.JPG">
        <transform>9.9972365940726871e-01 1.5187276467742485e-02 1.7943005735690094e-02 -1.5687698811599809e+01 1.5217901794002908e-02 -9.9988296607831373e-01 -1.5714997363681649e-03 2.3838969660724249e+01 1.7917038994396804e-02 1.8441203663747685e-03 -9.9983777630861059e-01 8.4334780607888871e-01 0 0 0 1</transform>
        <rotation_covariance>1.4057513290882557e-08 3.4991307921856796e-11 1.3900961891445772e-10 3.4991307921856777e-11 5.1446517008362512e-09 3.0048504588231706e-11 1.3900961891445778e-10 3.0048504588231700e-11 2.1944926920466037e-10</rotation_covariance>
        <location_covariance>1.5346201253635935e-06 -8.1072856697128121e-08 -1.9210791494976512e-07 -8.1072856697128121e-08 7.8874936313966610e-06 1.5880147575588333e-06 -1.9210791494976512e-07 1.5880147575588333e-06 3.1100952166746851e-06</location_covariance>
      </camera>
      <camera id="8" sensor_id="0" label="DSC00628.JPG">
        <transform>9.9972762087791334e-01 1.5424577582938156e-02 1.7514749789091219e-02 -1.4670450541751674e+01 1.5500818471635558e-02 -9.9987092628761953e-01 -4.2255640390089777e-03 2.4069138612966260e+01 1.7447311554963141e-02 4.4959060406421503e-03 -9.9983767589963257e-01 8.3645996269538292e-01 0 0 0 1</transform>
        <rotation_covariance>1.4007168699635210e-08 -2.8964475302717254e-11 1.3384999870499432e-10 -2.8964475302717257e-11 5.2615063223783292e-09 3.7478578875782090e-11 1.3384999870499432e-10 3.7478578875782097e-11 2.2006152627613714e-10</rotation_covariance>
        <location_covariance>1.5742205208743900e-06 2.5288625036792558e-07 -4.7303695476786075e-08 2.5288625036792558e-07 8.0261593639345674e-06 1.6207525715900374e-06 -4.7303695476786075e-08 1.6207525715900374e-06 3.1887439330811238e-06</location_covariance>
      </camera>
      <camera id="9" sensor_id="0" label="DSC00629.JPG">
        <transform>9.9974009674759379e-01 1.5225203614697857e-02 1.6968562991703229e-02 -1.3426060899269448e+01 1.5302691029283489e-02 -9.9987302198150074e-01 -4.4460725189089390e-03 2.4341189077757953e+01 1.6898715997811665e-02 4.7045816468739288e-03 -9.9984613831786795e-01 8.3207979907743213e-01 0 0 0 1</transform>
        <rotation_covariance>1.3982127753143832e-08 1.1721945554890779e-10 1.3080672992093332e-10 1.1721945554890784e-10 5.3244890005390370e-09 3.8368454508470803e-11 1.3080672992093332e-10 3.8368454508470803e-11 2.2092005695501924e-10</rotation_covariance>
        <location_covariance>1.6640249939694572e-06 7.3792729341059019e-07 1.2232166572293294e-07 7.3792729341059019e-07 8.2072265074028655e-06 1.6635929932894502e-06 1.2232166572293294e-07 1.6635929932894502e-06 3.2942148247843870e-06</location_covariance>
      </camera>
      <camera id="10" sensor_id="0" label="DSC00630.JPG">
        <transform>9.9974501618364253e-01 1.5295300496675039e-02 1.6611935428614253e-02 -1.2522059580423246e+01 1.5376940252133731e-02 -9.9987025624112325e-01 -4.7979571478218852e-03 2.4513185107898281e+01 1.6536393937323427e-02 5.0521744849562622e-03 -9.9985050042920087e-01 8.3230391778190960e-01 0 0 0 1</transform>
        <rotation_covariance>1.3821402711832651e-08 2.1811191116078476e-10 1.2249712609963514e-10 2.1811191116078479e-10 5.3675260793167905e-09 4.7551610310008073e-11 1.2249712609963514e-10 4.7551610310008067e-11 2.2107671619513146e-10</rotation_covariance>
        <location_covariance>1.7727027012698689e-06 1.0946666512501006e-06 2.4875433937872174e-07 1.0946666512501006e-06 8.2831483411163716e-06 1.6951613776889362e-06 2.4875433937872174e-07 1.6951613776889362e-06 3.3714657743724484e-06</location_covariance>
      </camera>
      <camera id="11" sensor_id="0" label="DSC00631.JPG">
        <transform>9.9974684983103135e-01 1.5515633989923991e-02 1.6294212310475557e-02 -1.1227393283843870e+01 1.5560922042055119e-02 -9.9987539315037299e-01 -2.6562901927145721e-03 2.4682204355979355e+01 1.6250967913611216e-02 2.9091707199035977e-03 -9.9986371209660008e-01 8.2507146481063753e-01 0 0 0 1</transform>
        <rotation_covariance>1.3947599857937667e-08 4.1497639111363718e-10 1.1702791916805353e-10 4.1497639111363708e-10 5.5122786689671426e-09 3.6114568846660437e-11 1.1702791916805356e-10 3.6114568846660437e-11 2.2240536847533207e-10</rotation_covariance>
        <location_covariance>2.0173072878822657e-06 1.6237394596387678e-06 4.2301283207251717e-07 1.6237394596387678e-06 8.4411607932464147e-06 1.7141611861567206e-06 4.2301283207251717e-07 1.7141611861567206e-06 3.4646404399604283e-06</location_covariance>
      </camera>
      <camera id="12" sensor_id="0" label="DSC00632.JPG">
        <transform>9.9975386516027620e-01 1.5508672116518286e-02 1.5864746650055040e-02 -1.0582939138610074e+01 1.5582058523099853e-02 -9.9986840909990216e-01 -4.5126418219421094e-03 2.4788382511259851e+01 1.5792673911367749e-02 4.7587365143259008e-03 -9.9986396368581887e-01 8.2525300711554472e-01 0 0 0 1</transform>
        <rotation_covariance>1.4011493681080411e-08 4.2147656809065337e-10 1.2245139506487524e-10 4.2147656809065322e-10 5.5767211078537636e-09 5.0986067104330308e-11 1.2245139506487527e-10 5.0986067104330308e-11 2.2254758854591108e-10</rotation_covariance>
        <location_covariance>2.1657629069560304e-06 1.8657485820517652e-06 5.1035492068061762e-07 1.8657485820517652e-06 8.5368537343168018e-06 1.7253034902947929e-06 5.1035492068061762e-07 1.7253034902947929e-06 3.5250490181738953e-06</location_covariance>
      </camera>
      <camera id="13" sensor_id="0" label="DSC00633.JPG">
        <transform>9.9975567767588203e-01 1.5300466429335901e-02 1.5952450654435287e-02 -9.4378026060755182e+00 1.5397254955824190e-02 -9.9986367879837657e-01 -5.9622445103780499e-03 2.4970232785174876e+01 1.5859050875218710e-02 6.2064117508388592e-03 -9.9985497496312747e-01 7.9483483986099490e-01 0 0 0 1</transform>
        <rotation_covariance>1.3878446068326748e-08 5.3550327795785257e-10 1.1041161337088454e-10 5.3550327795785267e-10 5.3465324014363996e-09 5.1268353930742042e-11 1.1041161337088451e-10 5.1268353930742042e-11 2.2118456642878387e-10</rotation_covariance>
        <location_covariance>2.3659234714009657e-06 2.3297166616045021e-06 6.7267971231189969e-07 2.3297166616045021e-06 8.6271881997232148e-06 1.7265594884671189e-06 6.7267971231189969e-07 1.7265594884671189e-06 3.6238443542577319e-06</location_covariance>
      </camera>
      <camera id="14" sensor_id="0" label="DSC00634.JPG">
        <transform>9.9976873917150488e-01 1.5298249423343268e-02 1.5113958449063252e-02 -8.1985336541481502e+00 1.5367079372834427e-02 -9.9987202381390694e-01 -4.4484678071295414e-03 2.5135078366287676e+01 1.5043970452238990e-02 4.6796964499034033e-03 -9.9987588199444488e-01 7.8257080939125467e-01 0 0 0 1</transform>
        <rotation_covariance>1.4151143171352355e-08 5.7478042638428116e-10 9.9102856515896205e-11 5.7478042638428116e-10 5.4613142126937724e-09 3.6713817230990478e-11 9.9102856515896192e-11 3.6713817230990478e-11 2.2600646745410245e-10</rotation_covariance>
        <location_covariance>2.7617571261536866e-06 2.8129576121624977e-06 8.4991772546359525e-07 2.8129576121624977e-06 8.8299924316803414e-06 1.7394791313094368e-06 8.4991772546359525e-07 1.7394791313094368e-06 3.7408558851627832e-06</location_covariance>
      </camera>
      <camera id="15" sensor_id="0" label="DSC00635.JPG">
        <transform>9.9976809187823523e-01 1.5207802201040522e-02 1.5247465834265603e-02 -7.5048989389195562e+00 1.5290155258094254e-02 -9.9986905654256697e-01 -5.2991434081401390e-03 2.5251148934538190e+01 1.5164880953586231e-02 5.5310506136438953e-03 -9.9986970844444156e-01 7.7261399065219372e-01 0 0 0 1</transform>
        <rotation_covariance>1.4193037356974252e-08 6.4555098176072066e-10 1.0173874552275627e-10 6.4555098176072066e-10 5.5056173550104417e-09 4.3973667040679620e-11 1.0173874552275630e-10 4.3973667040679632e-11 2.2989640496691788e-10</rotation_covariance>
        <location_covariance>3.0078312512310306e-06 3.1074076804046628e-06 9.5115714976440688e-07 3.1074076804046628e-06 8.9328832281472814e-06 1.7485879703551650e-06 9.5115714976440688e-07 1.7485879703551650e-06 3.8183803050660726e-06</location_covariance>
      </camera>
      <camera id="16" sensor_id="0" label="DSC00636.JPG">
        <transform>9.9978428260769592e-01 1.4916778862457330e-02 1.4452610801623309e-02 -6.2143260276866963e+00 1.5009834539601552e-02 -9.9986717133571645e-01 -6.3517361568905372e-03 2.5430491438411938e+01 1.4355943636990108e-02 6.5672972737279046e-03 -9.9987538097945483e-01 7.5693978153772301e-01 0 0 0 1</transform>
        <rotation_covariance>1.4032413392796066e-08 7.2679574917387053e-10 9.2031294548621817e-11 7.2679574917387053e-10 5.3701683909764250e-09 4.0304425321933357e-11 9.2031294548621817e-11 4.0304425321933357e-11 2.3118145229082265e-10</rotation_covariance>
        <location_covariance>3.4590359408342662e-06 3.6401022311091612e-06 1.1377526218529396e-06 3.6401022311091612e-06 9.0283753793116196e-06 1.7580401114934336e-06 1.1377526218529396e-06 1.7580401114934336e-06 3.9591678628932909e-06</location_covariance>
      </camera>
      <camera id="17" sensor_id="0" label="DSC00637.JPG">
        <transform>9.9979562311049897e-01 1.4813156374648358e-02 1.3757994305496490e-02 -4.9990978161522239e+00 1.4914779771390692e-02 -9.9986202153024295e-01 -7.3134975098592125e-03 2.5576979554328801e+01 1.3647760016236148e-02 7.5172002551494033e-03 -9.9987860780539917e-01 7.3503635040348192e-01 0 0 0 1</transform>
        <rotation_covariance>1.4259748797812160e-08 6.0648549150363476e-10 9.2487857617704508e-11 6.0648549150363487e-10 5.5316475902482698e-09 3.7275628781672866e-11 9.2487857617704560e-11 3.7275628781672854e-11 2.3691222464237291e-10</rotation_covariance>
        <location_covariance>4.0346327747612065e-06 4.0899844069736341e-06 1.3132842808429944e-06 4.0899844069736341e-06 9.2109845163297192e-06 1.7585168799310886e-06 1.3132842808429944e-06 1.7585168799310886e-06 4.0962625698008071e-06</location_covariance>
      </camera>
      <camera id="18" sensor_id="0" label="DSC00638.JPG">
        <transform>9.9980295293397581e-01 1.4271892125122518e-02 1.3797405541295677e-02 -4.3360331579227385e+00 1.4378738181667699e-02 -9.9986715673923177e-01 -7.6759860934426105e-03 2.5671389584625977e+01 1.3686021803473886e-02 7.8728628447685134e-03 -9.9987534764980668e-01 7.1981662395542945e-01 0 0 0 1</transform>
        <rotation_covariance>1.4160039692320369e-08 6.3883540876882775e-10 8.6317575523020028e-11 6.3883540876882765e-10 5.4608689296613092e-09 4.2768116158293957e-11 8.6317575523019989e-11 4.2768116158293950e-11 2.3618411302862851e-10</rotation_covariance>
        <location_covariance>4.3286350921894162e-06 4.3742705931800963e-06 1.4102264400673326e-06 4.3742705931800963e-06 9.2605949508667311e-06 1.7574820728239967e-06 1.4102264400673326e-06 1.7574820728239967e-06 4.1794008119957997e-06</location_covariance>
      </camera>
      <camera id="19" sensor_id="0" label="DSC00639.JPG">
        <transform>9.9980759327266799e-01 1.4264231542020681e-02 1.3465070843916616e-02 -3.1045402853377473e+00 1.4390766910913188e-02 -9.9985275273149776e-01 -9.3476565491722452e-03 2.5843194508579355e+01 1.3329751011621992e-02 9.5396306931213037e-03 -9.9986564756681529e-01 6.8646475043635324e-01 0 0 0 1</transform>
        <rotation_covariance>1.3865728844436041e-08 8.1541737264630291e-10 6.0398460857845964e-11 8.1541737264630291e-10 5.4013671618142396e-09 6.4178183030658011e-11 6.0398460857845951e-11 6.4178183030658011e-11 2.3554994054430032e-10</rotation_covariance>
        <location_covariance>4.9458134328572767e-06 4.9425611966812154e-06 1.5823989785936485e-06 4.9425611966812154e-06 9.3223896096535907e-06 1.7586921391950935e-06 1.5823989785936485e-06 1.7586921391950935e-06 4.3402579865726345e-06</location_covariance>
      </camera>
      <camera id="20" sensor_id="0" label="DSC00640.JPG">
        <transform>9.9981798425795843e-01 1.4257973224551754e-02 1.2677087752316098e-02 -1.9207700810020698e+00 1.4385904936963916e-02 -9.9984592623801838e-01 -1.0058306238337478e-02 2.6011835729213630e+01 1.2531723484684568e-02 1.0238846847546113e-02 -9.9986905238722934e-01 6.7028598979459308e-01 0 0 0 1</transform>
        <rotation_covariance>1.4301733972482673e-08 8.4510255251110764e-10 3.0714003788814509e-11 8.4510255251110775e-10 5.7889338449830588e-09 7.6468506930736994e-11 3.0714003788814541e-11 7.6468506930736994e-11 2.4552026901856805e-10</rotation_covariance>
        <location_covariance>5.7304097200529344e-06 5.4568990237343968e-06 1.7641907850958491e-06 5.4568990237343968e-06 9.5889544798662129e-06 1.7566158610720119e-06 1.7641907850958491e-06 1.7566158610720119e-06 4.5207129348393634e-06</location_covariance>
      </camera>
      <camera id="21" sensor_id="0" label="DSC00641.JPG">
        <transform>9.9983625065652304e-01 1.3733328491352764e-02 1.1784208147129610e-02 -1.4466825203478260e+00 1.3835177138691980e-02 -9.9986725992500847e-01 -8.6052544179133772e-03 2.6127448704433391e+01 1.1664465124783571e-02 8.7668819203068904e-03 -9.9989353535001335e-01 6.7082813148121834e-01 0 0 0 1</transform>
        <rotation_covariance>1.4491859000908491e-08 7.7774665713121525e-10 2.1684477066189173e-11 7.7774665713121505e-10 5.8323911212788675e-09 7.0541693535263544e-11 2.1684477066189186e-11 7.0541693535263544e-11 2.4866574752042424e-10</rotation_covariance>
        <location_covariance>6.0331080754310073e-06 5.6580012074483080e-06 1.8404080375547189e-06 5.6580012074483080e-06 9.7371211162712295e-06 1.7657199604770736e-06 1.8404080375547189e-06 1.7657199604770736e-06 4.6165739689727991e-06</location_covariance>
      </camera>
      <camera id="22" sensor_id="0" label="DSC00642.JPG">
        <transform>9.9985129596214017e-01 1.3384878569371176e-02 1.0873407401174772e-02 -6.6232710213378065e-01 1.3479181778586442e-02 -9.9987176801571809e-01 -8.6463393237621207e-03 2.6342193248470789e+01 1.0756282880649681e-02 8.7916182131050329e-03 -9.9990350025779307e-01 6.6109853942685681e-01 0 0 0 1</transform>
        <rotation_covariance>1.4746529799803927e-08 8.1574777912911616e-10 7.6684309962880174e-12 8.1574777912911627e-10 5.9097824805578880e-09 8.0982580776299341e-11 7.6684309962880109e-12 8.0982580776299341e-11 2.5378827577829127e-10</rotation_covariance>
        <location_covariance>6.5560861482444367e-06 6.0462818685918837e-06 1.9647268594467888e-06 6.0462818685918837e-06 9.9860806779159053e-06 1.7878240504778149e-06 1.9647268594467888e-06 1.7878240504778149e-06 4.7833497060785887e-06</location_covariance>
      </camera>
      <camera id="23" sensor_id="0" label="DSC00643.JPG">
        <transform>9.9986062075879856e-01 1.3026970978620345e-02 1.0442082309222830e-02 2.5046691425168294e-01 1.3133551010740962e-02 -9.9986168423719646e-01 -1.0204030194273184e-02 2.6524981544156322e+01 1.0307710399437203e-02 1.0339749584953817e-02 -9.9989341466220383e-01 6.4154657593969711e-01 0 0 0 1</transform>
        <rotation_covariance>1.5040514091774441e-08 7.4318836272194692e-10 1.9827178727577970e-11 7.4318836272194713e-10 6.0448984183115516e-09 8.4146573212042923e-11 1.9827178727577941e-11 8.4146573212042910e-11 2.6047520814487437e-10</rotation_covariance>
        <location_covariance>7.2121210120776868e-06 6.4523019960266096e-06 2.1025928548422719e-06 6.4523019960266096e-06 1.0220843560725569e-05 1.7939472050500879e-06 2.1025928548422719e-06 1.7939472050500879e-06 4.9567746482896023e-06</location_covariance>
      </camera>
      <camera id="24" sensor_id="0" label="DSC00644.JPG">
        <transform>9.9986600397842795e-01 1.3049679151807615e-02 9.8833173704532366e-03 7.2702496077691470e-01 1.3161468492061243e-02 -9.9984917370039172e-01 -1.1331619380149077e-02 2.6608763187632956e+01 9.7339527090850465e-03 1.1460179958402431e-02 -9.9988695082993173e-01 6.3340818809393296e-01 0 0 0 1</transform>
        <rotation_covariance>1.5095758769852805e-08 7.5261068973432998e-10 2.3454468446828777e-11 7.5261068973432977e-10 6.0066317756529467e-09 8.9363034998044147e-11 2.3454468446828719e-11 8.9363034998044134e-11 2.6325089706330061e-10</rotation_covariance>
        <location_covariance>7.5401643720422510e-06 6.6760211219397779e-06 2.1704849031469405e-06 6.6760211219397779e-06 1.0308657354219230e-05 1.7937024389151319e-06 2.1704849031469405e-06 1.7937024389151319e-06 5.0463639262326438e-06</location_covariance>
      </camera>
      <camera id="25" sensor_id="0" label="DSC00645.JPG">
        <transform>9.9986579747040816e-01 1.2732139840113085e-02 1.0309202876882717e-02 1.5056858334072589e+00 1.2838717084871323e-02 -9.9986412966055427e-01 -1.0338740820559855e-02 2.6694762255955524e+01 1.0176167868090388e-02 1.0469710274494864e-02 -9.9989340970639840e-01 6.1183114179520826e-01 0 0 0 1</transform>
        <rotation_covariance>1.5470581476131916e-08 8.1373285313381637e-10 6.8776325909336810e-11 8.1373285313381627e-10 6.0472146627080536e-09 7.8015089165006487e-11 6.8776325909336849e-11 7.8015089165006500e-11 2.7040451064034894e-10</rotation_covariance>
        <location_covariance>8.1272692505264159e-06 7.0390146812360368e-06 2.2682254598744542e-06 7.0390146812360368e-06 1.0490942652138201e-05 1.7770181348897296e-06 2.2682254598744542e-06 1.7770181348897296e-06 5.1741626106421501e-06</location_covariance>
      </camera>
      <camera id="26" sensor_id="0" label="DSC00646.JPG">
        <transform>9.9990317366132619e-01 1.1167776659208246e-02 8.3020519449780398e-03 1.7536049976006822e+00 1.1233724089432382e-02 -9.9990537722034067e-01 -7.9397763779206019e-03 2.6696037081202309e+01 8.2125967324334515e-03 8.0322705593700600e-03 -9.9993401576532615e-01 6.1440369602066336e-01 0 0 0 1</transform>
        <rotation_covariance>1.6148599699886042e-08 7.3693746053103692e-10 5.8573819476193906e-11 7.3693746053103682e-10 6.3034349406938897e-09 6.6852920175304684e-11 5.8573819476193919e-11 6.6852920175304684e-11 2.7603883183094978e-10</rotation_covariance>
        <location_covariance>8.3937929842695106e-06 7.1199950227737684e-06 2.2950015752932936e-06 7.1199950227737684e-06 1.0684591028985332e-05 1.7645042423889085e-06 2.2950015752932936e-06 1.7645042423889085e-06 5.2110052213049055e-06</location_covariance>
      </camera>
      <camera id="27" sensor_id="0" label="DSC00647.JPG">
        <transform>9.9990379069983293e-01 1.0959182364079001e-02 8.5032738410784365e-03 1.9182631154277161e+00 1.1024026523581006e-02 -9.9991022385291461e-01 -7.6167626732303040e-03 2.5046207664540727e+01 8.4190369587555363e-03 7.7097701861854329e-03 -9.9993483750710654e-01 5.9318173112417583e-01 0 0 0 1</transform>
        <rotation_covariance>1.4290463176325282e-08 9.0474918693937560e-10 5.6516989180988206e-11 9.0474918693937591e-10 5.9724784851831736e-09 8.1939271128970281e-11 5.6516989180988187e-11 8.1939271128970269e-11 2.5312762693553186e-10</rotation_covariance>
        <location_covariance>8.4086601326939320e-06 6.5979748115331204e-06 2.0803951187729551e-06 6.5979748115331204e-06 8.8908086611273265e-06 1.4160586889105858e-06 2.0803951187729551e-06 1.4160586889105858e-06 4.6032165384485055e-06</location_covariance>
      </camera>
      <camera id="28" sensor_id="0" label="DSC00648.JPG">
        <transform>9.9992744268308997e-01 9.0517638212355197e-03 7.9482665392935949e-03 1.3440728242382127e+00 9.1039638099226963e-03 -9.9993706616172728e-01 -6.5560322471177601e-03 2.4952214083546693e+01 7.8884226688673495e-03 6.6279172899336714e-03 -9.9994692034137245e-01 5.9686571174321268e-01 0 0 0 1</transform>
        <rotation_covariance>1.4279294733555221e-08 8.7947532231551209e-10 2.7501513824373326e-11 8.7947532231551240e-10 5.9496904600651570e-09 7.9979935343018086e-11 2.7501513824373329e-11 7.9979935343018099e-11 2.4509313675064116e-10</rotation_covariance>
        <location_covariance>7.9626163485595646e-06 6.3486694018109114e-06 2.0069112367898691e-06 6.3486694018109114e-06 8.8094612058648383e-06 1.4148849334484670e-06 2.0069112367898691e-06 1.4148849334484670e-06 4.4948157804678373e-06</location_covariance>
      </camera>
      <camera id="29" sensor_id="0" label="DSC00649.JPG">
        <transform>9.9994002924850123e-01 8.5619586565765481e-03 6.8286726726139333e-03 -1.3205210863914413e-01 8.5991440875794137e-03 -9.9994825727128378e-01 -5.4348414037440436e-03 2.4823683075032282e+01 6.7817864510524356e-03 5.4932362124595078e-03 -9.9996191513899491e-01 6.3738238621783616e-01 0 0 0 1</transform>
        <rotation_covariance>1.4083130125018731e-08 8.4062420833550331e-10 -7.6365352464583169e-12 8.4062420833550331e-10 5.8834592480960358e-09 7.2295525733395747e-11 -7.6365352464583185e-12 7.2295525733395747e-11 2.3383122981493913e-10</rotation_covariance>
        <location_covariance>6.8899431472614577e-06 5.7531060085899040e-06 1.8438269827637815e-06 5.7531060085899040e-06 8.6424827634617067e-06 1.4374065581759085e-06 1.8438269827637815e-06 1.4374065581759085e-06 4.2818202094581705e-06</location_covariance>
      </camera>
      <camera id="30" sensor_id="0" label="DSC00650.JPG">
        <transform>9.9994045944713705e-01 8.2815224839979315e-03 7.1059092307579471e-03 -1.3218373220911677e+00 8.3263098134919115e-03 -9.9994551142777188e-01 -6.2965657577980548e-03 2.4676744984185547e+01 7.0533768890144021e-03 6.3553568585535394e-03 -9.9995492864111724e-01 6.6071394905100245e-01 0 0 0 1</transform>
        <rotation_covariance>1.4411219631283658e-08 7.7773171525881297e-10 -4.3868695086560085e-12 7.7773171525881287e-10 5.9426133433718305e-09 7.1996562292529893e-11 -4.3868695086559964e-12 7.1996562292529880e-11 2.3326530446614718e-10</rotation_covariance>
        <location_covariance>6.1345941616630396e-06 5.2603784202223001e-06 1.6967961182321032e-06 5.2603784202223001e-06 8.6144864557380257e-06 1.4466924201586453e-06 1.6967961182321032e-06 1.4466924201586453e-06 4.1063489249748095e-06</location_covariance>
      </camera>
      <camera id="31" sensor_id="0" label="DSC00651.JPG">
        <transform>9.9992411220946864e-01 8.3004211769568473e-03 9.1034515647161855e-03 -2.8744548963444014e+00 8.3669016192562465e-03 -9.9993842962306900e-01 -7.2891645779345482e-03 2.4393001572859589e+01 9.0423879257469642e-03 7.3647791029776144e-03 -9.9993199531236354e-01 6.9039426500480183e-01 0 0 0 1</transform>
        <rotation_covariance>1.3806417430766947e-08 8.8876183596554233e-10 3.4925280538933067e-11 8.8876183596554254e-10 5.3432059856366131e-09 7.5713737257312878e-11 3.4925280538933060e-11 7.5713737257312891e-11 2.1842555199620940e-10</rotation_covariance>
        <location_covariance>5.0477633582760053e-06 4.6555907706327346e-06 1.4728580528335924e-06 4.6555907706327346e-06 8.2228051385911469e-06 1.4397939003699548e-06 1.4728580528335924e-06 1.4397939003699548e-06 3.8582388602154256e-06</location_covariance>
      </camera>
      <camera id="32" sensor_id="0" label="DSC00652.JPG">
        <transform>9.9992195826408792e-01 8.1802244228946028e-03 9.4425266588282989e-03 -3.6439698140115477e+00 8.2602320015114066e-03 -9.9993005000031054e-01 -8.4654399565262661e-03 2.4230176483310458e+01 9.3726169554085234e-03 8.5427767597791027e-03 -9.9991958427497540e-01 7.0083037122492808e-01 0 0 0 1</transform>
        <rotation_covariance>1.4047658167202545e-08 8.4276136705467040e-10 4.8199489383408962e-11 8.4276136705467050e-10 5.3287008566255363e-09 7.6734826186335729e-11 4.8199489383408923e-11 7.6734826186335742e-11 2.1739176172982961e-10</rotation_covariance>
        <location_covariance>4.6284283818577250e-06 4.3284894456630395e-06 1.3658600980100018e-06 4.3284894456630395e-06 8.1667510649291992e-06 1.4259136306862918e-06 1.3658600980100018e-06 1.4259136306862918e-06 3.7368237001855654e-06</location_covariance>
      </camera>
      <camera id="33" sensor_id="0" label="DSC00653.JPG">
        <transform>9.9991135305616718e-01 8.5220996749023909e-03 1.0230339511257324e-02 -4.9001381555320060e+00 8.6306476455168639e-03 -9.9990642775494210e-01 -1.0613559985678644e-02 2.4052061083098142e+01 1.0138932419318042e-02 1.0700913581638327e-02 -9.9989134034549709e-01 7.2434183291027465e-01 0 0 0 1</transform>
        <rotation_covariance>1.4429246171880214e-08 6.0060635124873732e-10 6.2036651997622728e-11 6.0060635124873753e-10 5.3408212383574765e-09 8.7828722191160219e-11 6.2036651997622689e-11 8.7828722191160219e-11 2.1813875194807683e-10</rotation_covariance>
        <location_covariance>4.0142872987736834e-06 3.7801599855595019e-06 1.1947116727429851e-06 3.7801599855595019e-06 8.1340397817496807e-06 1.4380838682368302e-06 1.1947116727429851e-06 1.4380838682368302e-06 3.5817223116977003e-06</location_covariance>
      </camera>
      <camera id="34" sensor_id="0" label="DSC00654.JPG">
        <transform>9.9990089954605499e-01 8.3100213959889334e-03 1.1363741962380030e-02 -6.0779165293671573e+00 8.4048299502281331e-03 -9.9993005806990554e-01 -8.3209255388228542e-03 2.3896532753816857e+01 1.1293800091072040e-02 8.4156112501168612e-03 -9.9990080886395416e-01 7.2827753049123900e-01 0 0 0 1</transform>
        <rotation_covariance>1.4177815560364220e-08 5.1583697640426442e-10 6.5573262725332431e-11 5.1583697640426442e-10 5.3003691495203483e-09 7.6508281278590177e-11 6.5573262725332431e-11 7.6508281278590177e-11 2.1287378952683303e-10</rotation_covariance>
        <location_covariance>3.4828406382841103e-06 3.3249217383829377e-06 1.0349339394094329e-06 3.3249217383829377e-06 7.9456445852006122e-06 1.4343764785312754e-06 1.0349339394094329e-06 1.4343764785312754e-06 3.4437573750112228e-06</location_covariance>
      </camera>
      <camera id="35" sensor_id="0" label="DSC00655.JPG">
        <transform>9.9989680423865979e-01 8.3576391445130439e-03 1.1684636975327966e-02 -6.7310238172225656e+00 8.4601043288791353e-03 -9.9992595146231467e-01 -8.7474697444024242e-03 2.3875350943724118e+01 1.1610663549495297e-02 8.8454202904587054e-03 -9.9989346984157546e-01 7.3701420209372259e-01 0 0 0 1</transform>
        <rotation_covariance>1.4436148986866459e-08 5.5254233329617916e-10 5.3110622697166065e-11 5.5254233329617926e-10 5.3400540116310065e-09 7.9042384290156850e-11 5.3110622697166039e-11 7.9042384290156837e-11 2.1346666137160620e-10</rotation_covariance>
        <location_covariance>3.2327523670923214e-06 3.1108461189410427e-06 9.5725792927898183e-07 3.1108461189410427e-06 8.0017526533306972e-06 1.4386060082662808e-06 9.5725792927898183e-07 1.4386060082662808e-06 3.3955209701798797e-06</location_covariance>
      </camera>
      <camera id="36" sensor_id="0" label="DSC00656.JPG">
        <transform>9.9989103401939716e-01 8.0540567749904021e-03 1.2371429064059322e-02 -7.9609721930335269e+00 8.1466197242439052e-03 -9.9993906386051001e-01 -7.4499095857495368e-03 2.3758436449672200e+01 1.2310673202160010e-02 7.5498831270762734e-03 -9.9989571785765596e-01 7.4600650390681056e-01 0 0 0 1</transform>
        <rotation_covariance>1.4706726852069408e-08 3.9328536766719857e-10 4.9022071058476153e-11 3.9328536766719852e-10 5.4917321435830259e-09 7.3435147736588364e-11 4.9022071058476166e-11 7.3435147736588364e-11 2.1387778084556408e-10</rotation_covariance>
        <location_covariance>2.8356049080641810e-06 2.6347475819783265e-06 7.9694387413213646e-07 2.6347475819783265e-06 7.9938702865891349e-06 1.4489866503532611e-06 7.9694387413213646e-07 1.4489866503532611e-06 3.2872749098276861e-06</location_covariance>
      </camera>
      <camera id="37" sensor_id="0" label="DSC00657.JPG">
        <transform>9.9983336619733665e-01 1.2532621741486085e-02 1.3273026436628232e-02 -9.2280958381750384e+00 1.2676827360939317e-02 -9.9986092196132936e-01 -1.0836733027114298e-02 2.3472900632970603e+01 1.3135367774201915e-02 1.1003187125775915e-02 -9.9985318521596522e-01 7.8774741757339661e-01 0 0 0 1</transform>
        <rotation_covariance>1.4255956982971827e-08 3.5553793961946592e-10 7.7062362784178656e-11 3.5553793961946587e-10 5.3500350878434083e-09 8.8769224042404353e-11 7.7062362784178682e-11 8.8769224042404353e-11 2.0798318179399233e-10</rotation_covariance>
        <location_covariance>2.4160260879539934e-06 2.1517428958736191e-06 6.2849192523276490e-07 2.1517428958736191e-06 7.6719760579807992e-06 1.4176226221111382e-06 6.2849192523276490e-07 1.4176226221111382e-06 3.1459441546171585e-06</location_covariance>
      </camera>
      <camera id="38" sensor_id="0" label="DSC00658.JPG">
        <transform>9.9982795928843538e-01 1.2456353317554028e-02 1.3743765392012403e-02 -9.8730520978084648e+00 1.2596451991197600e-02 -9.9986909841133742e-01 -1.0154577260109210e-02 2.3262691243277430e+01 1.3615477309146072e-02 1.0325952940351046e-02 -9.9985398607672571e-01 7.9594931891302678e-01 0 0 0 1</transform>
        <rotation_covariance>1.4586078233934096e-08 3.2711562568950618e-10 8.3789522800844731e-11 3.2711562568950612e-10 5.5984330687549371e-09 9.3617247013720628e-11 8.3789522800844769e-11 9.3617247013720628e-11 2.0971259311292211e-10</rotation_covariance>
        <location_covariance>2.3221179588009856e-06 1.9074618729711763e-06 5.3978272273489172e-07 1.9074618729711763e-06 7.6269481923507564e-06 1.3907625937308741e-06 5.3978272273489172e-07 1.3907625937308741e-06 3.0560520478371951e-06</location_covariance>
      </camera>
      <camera id="39" sensor_id="0" label="DSC00659.JPG">
        <transform>9.9981766613154610e-01 1.2456873378411797e-02 1.4472760514242971e-02 -1.1165365999949506e+01 1.2603442292552419e-02 -9.9986975947691659e-01 -1.0080541947252275e-02 2.2937688845702219e+01 1.4345303539720456e-02 1.0261110524997952e-02 -9.9984444884049184e-01 8.2433829067224751e-01 0 0 0 1</transform>
        <rotation_covariance>1.3835329998844014e-08 1.9862327615845380e-10 1.0603708475101582e-10 1.9862327615845377e-10 5.3117712796823147e-09 9.7165293728653090e-11 1.0603708475101585e-10 9.7165293728653090e-11 2.0337845228300897e-10</rotation_covariance>
        <location_covariance>1.9611284114023216e-06 1.4248195226745567e-06 3.7454754557698536e-07 1.4248195226745567e-06 7.2003215423975929e-06 1.3592447250975858e-06 3.7454754557698536e-07 1.3592447250975858e-06 2.9169494857480929e-06</location_covariance>
      </camera>
      <camera id="40" sensor_id="0" label="DSC00660.JPG">
        <transform>9.9980662012170729e-01 1.2731706449658115e-02 1.4987528538353608e-02 -1.1963168892305273e+01 1.2897516201290770e-02 -9.9985610746662001e-01 -1.1019003472923561e-02 2.2806707953851685e+01 1.4845081227318096e-02 1.1210174511513848e-02 -9.9982696280445227e-01 8.3464458306019795e-01 0 0 0 1</transform>
        <rotation_covariance>1.3755320217917375e-08 1.3246416683433388e-10 1.0186600750985528e-10 1.3246416683433388e-10 5.1798978494574957e-09 1.0567923904647356e-10 1.0186600750985531e-10 1.0567923904647355e-10 2.0148472664190408e-10</rotation_covariance>
        <location_covariance>1.7873368666736728e-06 1.1417736401696506e-06 2.7713855032133882e-07 1.1417736401696506e-06 7.0957946696799455e-06 1.3521259829256244e-06 2.7713855032133882e-07 1.3521259829256244e-06 2.8561414763153209e-06</location_covariance>
      </camera>
      <camera id="41" sensor_id="0" label="DSC00661.JPG">
        <transform>9.9978311921944085e-01 1.2610581312970767e-02 1.6573706972038076e-02 -1.3132249824722424e+01 1.2785687506227402e-02 -9.9986310616445739e-01 -1.0502148644736642e-02 2.2678373827218316e+01 1.6438999934276159e-02 1.0711777168705250e-02 -9.9980749002547920e-01 8.4059396712552714e-01 0 0 0 1</transform>
        <rotation_covariance>1.3823804764476261e-08 -4.2685372144269482e-11 1.2711478708362459e-10 -4.2685372144269508e-11 5.2018611681075449e-09 1.0119340306907798e-10 1.2711478708362459e-10 1.0119340306907799e-10 2.0299281379861714e-10</rotation_covariance>
        <location_covariance>1.6476888577935263e-06 7.1747380240731480e-07 1.3454542532432587e-07 7.1747380240731480e-07 7.0370497103052425e-06 1.3435385948537619e-06 1.3454542532432587e-07 1.3435385948537619e-06 2.7912823263816365e-06</location_covariance>
      </camera>
      <camera id="42" sensor_id="0" label="DSC00662.JPG">
        <transform>9.9978939401301226e-01 1.2518068882357009e-02 1.6262397441619909e-02 -1.3944106138835132e+01 1.2703579647534121e-02 -9.9985483589416202e-01 -1.1354567503725710e-02 2.2573511620867411e+01 1.6117899467095506e-02 1.1558766824989353e-02 -9.9980328476468527e-01 8.6072742417921266e-01 0 0 0 1</transform>
        <rotation_covariance>1.3824482543384568e-08 -1.3894245211263735e-10 1.2876075426656201e-10 -1.3894245211263735e-10 5.1318019400726190e-09 1.0341871254157436e-10 1.2876075426656199e-10 1.0341871254157435e-10 2.0178037561451355e-10</rotation_covariance>
        <location_covariance>1.5648871864176446e-06 4.3190752919480703e-07 3.0683297503103917e-08 4.3190752919480703e-07 6.9741699905868615e-06 1.3324754689735929e-06 3.0683297503103917e-08 1.3324754689735929e-06 2.7522040686487769e-06</location_covariance>
      </camera>
