# Cameras (524)
# PhotoID, X, Y, Z, Omega, Phi, Kappa, r11, r12, r13, r21, r22, r23, r31, r32, r33
_DSC0371.JPG	2693752.5308206286000000	1256230.4846370243000000	568.9125918125864700	-3.0443346803646185	-3.2647527443332907	54.2699933313603250	0.5830186775962774	0.8123984002616898	-0.0099025666438044	-0.8104603232297216	0.5806870556625916	-0.0771790635877759	-0.0569498555245113	0.0530224729540057	0.9969680693570779
_DSC0372.JPG	2693752.3541377056000000	1256230.5522270971000000	568.9017433961482800	-3.0062423086663159	-3.3732469153686004	54.3808142596232360	0.5813861562994276	0.8135842818099113	-0.0084115191986123	-0.8114973574291647	0.5790852152897138	-0.0783093373637435	-0.0588402595920495	0.0523538902539005	0.9968936222217608
_DSC0373.JPG	2693751.9097263906000000	1256230.6402598335000000	573.6664814516951800	-2.7985173852872403	-3.6575279324466350	54.4749722885663130	0.5798750075985254	0.8147009363029428	-0.0027129227262838	-0.8122040907746655	0.5778306928230435	-0.0802259643790025	-0.0637925582768762	0.0487244786401162	0.9967730106146234
_DSC0374.JPG	2693751.8905758876000000	1256230.5851667735000000	573.8104267637483000	-2.9206377354257622	-3.7594857687855705	54.5931897222691730	0.5781312814597373	0.8159358638100511	-0.0035899228776867	-0.8133049952312832	0.5759024681849470	-0.0828934971534485	-0.0655683317582819	0.0508430259429199	0.9965519457526555
_DSC0375.JPG	2693752.0132347904000000	1256230.5275661217000000	578.8137384553253900	-2.6852880379656234	-3.7630328253127763	54.5666547334507970	0.5785055251849784	0.8156784476834619	-0.0001652729574990	-0.8130338532232596	0.5766135666462194	-0.0805775916273553	-0.0656301062271796	0.0467489544719928	0.9967483255127068
_DSC0376.JPG	2693751.7293927222000000	1256230.3973776300000000	583.8290972832597800	-2.4038134633715469	-3.7965513940829254	54.7260895796837940	0.5762186184009657	0.8172859988170906	0.0039623156906965	-0.8146090048560502	0.5747105049752745	-0.0782304587644777	-0.0662138430807173	0.0418501088244172	0.9969274273365474
_DSC0378.JPG	2693725.6332266200000000	1256254.8325100685000000	584.0557828824191800	3.3041022571148209	-3.0171470829979028	142.5432124256002700	-0.7927118810715004	0.6095600918842751	-0.0066609301240909	-0.6073198907229948	-0.7906477381041352	-0.0777091021890253	-0.0526348168068691	-0.0575556132175634	0.9969538241297126
_DSC0379.JPG	2693726.8984934557000000	1256254.3734775130000000	584.0102825629062400	3.3707426090375554	-3.0699746467112758	147.5328502067578100	-0.8424885488728212	0.5385439769691057	-0.0135436290730272	-0.5360455671871013	-0.8405493780931027	-0.0783064038655659	-0.0535555311543677	-0.0587122462319272	0.9968373373952116
_DSC0380.JPG	2693728.6609362811000000	1256253.3384589276000000	584.0426429539053300	3.3223995975651199	-2.9770835006406666	148.9857859117656200	-0.8558828311841428	0.5169643354683479	-0.0145758409015087	-0.5145553186434948	-0.8540481440215737	-0.0763844994026749	-0.0519365318432736	-0.0578761051477722	0.9969718918369850
_DSC0381.JPG	2693730.3216677345000000	1256251.8368429672000000	584.1062876915059400	3.3464066217879065	-2.9647712138544593	150.1114932815934500	-0.8658362726602705	0.5000817300099243	-0.0156784009405020	-0.4976468535299485	-0.8640138983603468	-0.0763386704881521	-0.0517219307210325	-0.0582944830188805	0.9969586727302442
_DSC0382.JPG	2693731.8327738624000000	1256250.3330366446000000	584.1371977736864700	3.4262975317394009	-2.9413930404520370	151.1569951461575300	-0.8747908232725792	0.4842352981602296	-0.0160371922030198	-0.4817757186726305	-0.8728996398126226	-0.0770608572004236	-0.0513144464605520	-0.0596858009133484	0.9968974033238224
_DSC0383.JPG	2693733.1508347746000000	1256249.0029537559000000	584.1479720387938000	3.4751421931538466	-2.9456962565982145	152.2019651588888100	-0.8834281434748925	0.4682542767349304	-0.0171069470085175	-0.4657400986301253	-0.8815176672086513	-0.0775420074992814	-0.0513894526581611	-0.0605354005393993	0.9968423092129614
_DSC0384.JPG	2693734.3396804724000000	1256247.8235227179000000	584.1526739533210300	3.4737438740513267	-2.9384231925173303	153.2019611730552000	-0.8914276628057841	0.4527911097352651	-0.0183557328735377	-0.4502542165439852	-0.8895608879084013	-0.0771528819162267	-0.0512626810553160	-0.0605114670812473	0.9968502896035574
_DSC0385.JPG	2693735.6117919721000000	1256246.6669894243000000	584.1765977197034100	3.5520370597473043	-3.0313560720435100	154.2444629956544000	-0.8993960016536656	0.4366483876278274	-0.0206159596288422	-0.4339242757647268	-0.8975023638908721	-0.0787351872567389	-0.0528824650659950	-0.0618683472570236	0.9966823729234046
_DSC0386.JPG	2693736.9866902307000000	1256245.6105786744000000	584.2048810032865700	3.5038735699762391	-3.0321688015893398	154.2861354122790100	-0.8997106899880560	0.4359787477755181	-0.0210524537597728	-0.4332696860545972	-0.8978851902140934	-0.0779715610998781	-0.0528966300189943	-0.0610304570054417	0.9967332791927541
_DSC0387.JPG	2693738.4381517153000000	1256244.4435047721000000	584.1699528079435600	3.5327711643839983	-3.0537433047080276	154.3154479572920100	-0.8999142193923226	0.4355507955176557	-0.0212108995434894	-0.4328006735301684	-0.8980586430456747	-0.0785764000371216	-0.0532726452068863	-0.0615319280934623	0.9966824203816190
_DSC0388.JPG	2693739.7755684108000000	1256243.4377473670000000	584.1704025886008400	3.5367135139560171	-3.0436957401404623	153.9502899846658900	-0.8971460119859780	0.4412571454047050	-0.0205223002352733	-0.4385312821813026	-0.8952638931206185	-0.0786948297090522	-0.0530975303199468	-0.0616010820019079	0.9966874931341905
_DSC0389.JPG	2693741.1357061714000000	1256242.3762148570000000	584.1806886509178900	3.4863799279935015	-3.0602196538986530	153.8006550196022900	-0.8959838982694444	0.4435914240954918	-0.0209643151765923	-0.4408660119722614	-0.8941695464302478	-0.0780895750045982	-0.0533855179759759	-0.0607245478011904	0.9967258980104701
_DSC0390.JPG	2693742.4380823374000000	1256241.3176055818000000	584.2002110298225300	3.5518612614228129	-3.0718138407393569	153.6797137707550600	-0.8950416114844195	0.4455125687767029	-0.0204710716220903	-0.4427514928713631	-0.8931357820596327	-0.0792438664182133	-0.0535875850505707	-0.0618629603778568	0.9966450445678923
_DSC0391.JPG	2693743.7892925218000000	1256240.0678368334000000	584.1998248736507500	3.6132067045697083	-3.1089136996997757	153.8547656789983500	-0.8963588043392641	0.4428402579615106	-0.0208182567009661	-0.4399994886139431	-0.8943895104043251	-0.0804229674793219	-0.0542341580828219	-0.0629278126689218	0.9965433992003324
_DSC0392.JPG	2693745.3017378040000000	1256238.8833896236000000	584.2290624738084300	3.6147101122902487	-3.0829057893076008	153.4416517380849100	-0.8931849772389787	0.4492523866949031	-0.0198214399965888	-0.4464618814215023	-0.8911839861615378	-0.0803921093566080	-0.0537808969075157	-0.0629555069725150	0.9965662141923422
_DSC0393.JPG	2693746.7239895202000000	1256237.8114687456000000	584.2763703819797500	3.6370462608247531	-3.0647009865780128	153.1829269576038500	-0.8911750400837231	0.4532616115532248	-0.0189989321791582	-0.4504982677408481	-0.8891239013014227	-0.0806845641807213	-0.0534636202877178	-0.0633450836822555	0.9965585992198447
_DSC0394.JPG	2693748.1352431010000000	1256236.6448420847000000	584.3055726662894400	3.7874464684044513	-3.1207725721966986	153.2148184623692100	-0.8913785204376832	0.4528726980021203	-0.0187257231264071	-0.4499783655642260	-0.8891321337950500	-0.0834477032470564	-0.0544408286718125	-0.0659573199678552	0.9963362023514876
_DSC0395.JPG	2693749.6064724531000000	1256235.5438123425000000	584.3146963154805500	3.7442764446046977	-3.1040045992310574	153.3254960266191300	-0.8922602731832107	0.4511229175337789	-0.0189662377617100	-0.4482627952239635	-0.8900764444161503	-0.0826098632943005	-0.0541486040172858	-0.0652076404366539	0.9964014714519762
_DSC0396.JPG	2693751.0006123912000000	1256234.4355949175000000	584.3131509135381500	3.8170923299922292	-3.1045993195121517	153.0717685984975800	-0.8902659521128230	0.4550839634076611	-0.0180311052856789	-0.4522093990923014	-0.8879638579506031	-0.0838262867247573	-0.0541589686130347	-0.0664738536768919	0.9963172350692904
_DSC0397.JPG	2693752.4215775803000000	1256233.4536873105000000	584.2805413205292100	3.6890365985978839	-3.0172994969218148	152.8629246484015000	-0.8886841366599795	0.4581896947873642	-0.0173985298105551	-0.4554885307660162	-0.8865291102775266	-0.0812178242207516	-0.0526374732440887	-0.0642521612181222	0.9965445078817496
_DSC0398.JPG	2693753.8483849149000000	1256232.3193323812000000	584.2491596902309500	3.6783038426650672	-2.9847179355979088	152.8749835755394900	-0.8888064794437449	0.4579674035348299	-0.0169970408713508	-0.4553150547773423	-0.8866573329905765	-0.0807896945602863	-0.0520695975778702	-0.0640673954020718	0.9965862360350326
_DSC0399.JPG	2693755.2713232916000000	1256231.2501113403000000	584.2512930735869100	3.6724380136393973	-2.9585251949205373	152.9152399642116500	-0.8891472676041053	0.4573165357635071	-0.0166949881526892	-0.4547012516672322	-0.8870004643752701	-0.0804794876369580	-0.0516130627303307	-0.0639668845209822	0.9966164404826335
_DSC0400.JPG	2693756.6064571626000000	1256230.0648884624000000	584.2562576962604900	3.6631559448808870	-3.0203752036450364	152.8157384070755100	-0.8883062005412403	0.4589148161320685	-0.0175865179741603	-0.4562189651612481	-0.8861865027921410	-0.0808562804996310	-0.0526910799584235	-0.0638018322895630	0.9965706077791526
_DSC0401.JPG	2693757.9836229067000000	1256229.0110722468000000	584.2885737961210000	3.6720121183200987	-3.0494012499627381	152.5367152077589900	-0.8860501484536869	0.4632563738291343	-0.0175689081015529	-0.4605271076274587	-0.8839136826711654	-0.0813104220071749	-0.0531969695141155	-0.0639541530581085	0.9965339676805474
_DSC0402.JPG	2693759.3530152999000000	1256227.7901633612000000	584.2959048763116200	3.5579003801839115	-3.0917338947023842	152.2050080218797100	-0.8833341364264459	0.4683714169688322	-0.0186820553032441	-0.4656305894868069	-0.8813559583913028	-0.0799989296323216	-0.0539347527843906	-0.0619668489981321	0.9966198633718522
_DSC0403.JPG	2693760.8079060689000000	1256230.4805031982000000	584.3330273293059900	3.6822384985993262	-3.0978769702401916	152.1362597175952900	-0.8827696805134724	0.4694739116604080	-0.0176617506611804	-0.4666874474209503	-0.8806143902415449	-0.0819824500684744	-0.0540418133102445	-0.0641291039216075	0.9964772653926192
_DSC0404.JPG	2693759.5605613980000000	1256231.3414335768000000	584.3862391856836200	3.5368235393049337	-2.8378616600963058	151.4241196183409100	-0.8771074397160596	0.4800933837459993	-0.0138881992373305	-0.4777356180990609	-0.8750508629784445	-0.0778117369050969	-0.0495097807937642	-0.0616143658897604	0.9968713314775164
_DSC0405.JPG	2693757.8422187194000000	1256232.5753900916000000	584.3378454907459600	3.6747484139039774	-2.9033956908779195	151.7769822590613800	-0.8799825053607306	0.4747929333676663	-0.0142288679514046	-0.4722977365792359	-0.8777666896530354	-0.0803771519629997	-0.0506521300754661	-0.0640102254306275	0.9966629584564377
_DSC0406.JPG	2693756.3781414554000000	1256234.0447471917000000	584.3256637891091700	3.4637542622339428	-2.7533719088444029	151.7181287503653900	-0.8796106836277805	0.4754998514393869	-0.0135991370678448	-0.4732626124828532	-0.8776434859260744	-0.0759237198603512	-0.0480369115761326	-0.0603473519936870	0.9970208885643153
_DSC0407.JPG	2693754.9696450382000000	1256235.3979389900000000	584.3448170153993700	3.3008285726144573	-2.6959871182807289	151.7537987769796400	-0.8799470884319558	0.4748619056591117	-0.0141170858862732	-0.4727374431288435	-0.8781789258641840	-0.0729457608914441	-0.0470364903466051	-0.0575147348235729	0.9972359920570697
_DSC0408.JPG	2693753.5724821910000000	1256236.8137692912000000	584.3449928646952000	3.1830717602504444	-2.7342859055194029	151.6914095453813600	-0.8794039268517716	0.4758206556840593	-0.0156024697428271	-0.4736803190548656	-0.8777918470405008	-0.0714732719924494	-0.0477041798772823	-0.0554632932092787	0.9973204772432069
_DSC0409.JPG	2693752.1821747664000000	1256238.1376284719000000	584.3177626206446600	3.0974030494747877	-2.7063787873768463	151.6213166262657500	-0.8788441298586827	0.4768472875086341	-0.0158006268417854	-0.4747667724443765	-0.8773275037131145	-0.0699497177354216	-0.0472176576683365	-0.0539732862087746	0.9974253742411720
_DSC0410.JPG	2693750.7310161833000000	1256239.2922493243000000	584.3166359484996500	3.0864349489122271	-2.7540147134422233	151.6558229159622300	-0.8790950436535785	0.4763551437846850	-0.0166637694890864	-0.4742186021354566	-0.8776066689130220	-0.0701658896336591	-0.0480481176780738	-0.0537802163370718	0.9973961433243722
_DSC0411.JPG	2693749.5070919953000000	1256240.2343232476000000	584.2536832638714900	3.0015024903912191	-2.7305293687394818	151.6473333351142700	-0.8790420268483991	0.4764410981422013	-0.0169998539791454	-0.4743581665822461	-0.8776493082430864	-0.0686732956625977	-0.0476386904835627	-0.0523026934438959	0.9974943525792642
_DSC0412.JPG	2693747.8969495185000000	1256241.2846014369000000	584.2019109257015500	3.0842880569578268	-2.7805856289813868	151.6063995851761500	-0.8786659594772979	0.4771332921572110	-0.0170280113654287	-0.4749660859730089	-0.8771862161299724	-0.0703673177480960	-0.0485113268352803	-0.0537416388548333	0.9973758004994293
_DSC0413.JPG	2693746.3575387951000000	1256242.6619351988000000	584.2130272456257700	3.0979569485999141	-2.7737363389626930	151.6928580744253700	-0.8793867750861848	0.4758074812028759	-0.0169156919720869	-0.4736423982707888	-0.8778914580683394	-0.0704944424117306	-0.0483919245723372	-0.0539798914598815	0.9973687346985390
_DSC0414.JPG	2693745.2619304359000000	1256243.7442611705000000	584.2204066277319000	2.9613606295118782	-2.8209235828166488	151.4874828892222600	-0.8776480527644820	0.4789474525752258	-0.0185265525777113	-0.4767723008916235	-0.8763257327674994	-0.0688577024886328	-0.0492145159604321	-0.0515998814069196	0.9974544519212758
_DSC0415.JPG	2693744.0338090807000000	1256244.7776399776000000	584.2295196422713800	2.8616173591965830	-2.7732404930001722	151.2953733021554100	-0.8760801520572584	0.4818140480473502	-0.0184062564242873	-0.4797318264750738	-0.8748535097590569	-0.0669978442127004	-0.0483832805648800	-0.0498654145323792	0.9975833291486451
_DSC0416.JPG	2693742.5666429773000000	1256245.6877518801000000	584.2086337598184400	3.0068643195792117	-2.8082711028224834	151.2324830813263400	-0.8755269566857815	0.4828470355812688	-0.0176433655212046	-0.4806788330037794	-0.8741360051768411	-0.0695277207709204	-0.0489939549195419	-0.0523926014228710	0.9974239859244845
_DSC0417.JPG	2693741.0759430323000000	1256246.6545204036000000	584.2422557305143300	3.0127261481933347	-2.8114530619242757	151.2127555737858700	-0.8753590162879930	0.4831523357986941	-0.0176185418120583	-0.4809789461368866	-0.8739611819731820	-0.0696498799502822	-0.0490494238127880	-0.0524945027246233	0.9974159018219670
_DSC0418.JPG	2693739.7663030215000000	1256247.5690409266000000	584.2859050983194000	3.0003333120078008	-2.7794643316573833	151.1768429275918800	-0.8750812253726046	0.4836706496918819	-0.0171916150205304	-0.4815406486660185	-0.8736872920993782	-0.0692034631096293	-0.0484917795372650	-0.0522801898493998	0.9974544245561399
_DSC0419.JPG	2693738.4077630304000000	1256248.7157315123000000	584.2897192118504100	2.9455743469154605	-2.7009550393091115	151.1321380460640000	-0.8747626058480288	0.4842740016976581	-0.0164034962645976	-0.4822549085109528	-0.8734093528441781	-0.0677222679877627	-0.0471231007793193	-0.0513302410285707	0.9975693558489510
_DSC0420.JPG	2693736.8650722243000000	1256249.8294254923000000	584.2723019226842800	3.0076024485879627	-2.7900225642347709	151.1969706743592200	-0.8752424892194628	0.4833743402543241	-0.0173156648331843	-0.4812288934328619	-0.8738437104841624	-0.0693968426706468	-0.0486758378489870	-0.0524062670963009	0.9974388432273581
_DSC0421.JPG	2693735.5156780854000000	1256250.9211154380000000	584.3224849689721600	3.0538193161542817	-2.7883607076520782	151.1475863329732200	-0.8748286198727437	0.4841397533210368	-0.0168399853264748	-0.4819837841146297	-0.8733712268153927	-0.0701022968348251	-0.0486468673409870	-0.0532108957378305	0.9973976553374720
_DSC0422.JPG	2693734.1366618313000000	1256251.8700839598000000	584.3317597873618800	3.2980469543713866	-2.8322150041210419	151.0572601860477000	-0.8740348511071242	0.4856213981058902	-0.0153276466500138	-0.4833441813781780	-0.8722787615156081	-0.0742170097528588	-0.0494113486762449	-0.0574597242464513	0.9971243145724190
_DSC0423.JPG	2693732.7942759730000000	1256252.8684120129000000	584.3289867595574400	3.2816762025528856	-2.7391680477900637	151.0464782356554600	-0.8740129407069783	0.4856998914692436	-0.0140354872913369	-0.4835468571218932	-0.8722534830649142	-0.0731867354693753	-0.0477892921508459	-0.0571793381204322	0.9972194877998677
_DSC0424.JPG	2693731.4274813291000000	1256253.8610146558000000	584.3196344022687800	3.3384686661930649	-2.7050519589524424	151.0457405912821700	-0.8740314591592923	0.4856944872051963	-0.0130335527911671	-0.4835717993424047	-0.8721910250259864	-0.0737640206663638	-0.0471945259604016	-0.0581694160414294	0.9971905513776050
_DSC0425.JPG	2693730.0193298161000000	1256254.9080159720000000	584.3057131448390500	3.3865585453969045	-2.7165816998027141	151.0215980466276700	-0.8738192946949520	0.4860830859350897	-0.0127700347155626	-0.4839354333974433	-0.8719183155010764	-0.0745985750279087	-0.0473955327140100	-0.0590058019315596	0.9971318763419255
_DSC0426.JPG	2693728.6370365638000000	1256256.0092168248000000	584.3197776906905600	3.4480473525581625	-2.6789264570444220	150.9713258640657600	-0.8734213932345967	0.4868267640115606	-0.0116091206457961	-0.4847169594234733	-0.8714300705883785	-0.0752269986214851	-0.0467390531290350	-0.0600777322838240	0.9970988551774765
_DSC0427.JPG	2693727.1654617563000000	1256257.3546646698000000	584.3351192147038100	3.3806600392265547	-2.5763629394091088	151.3058750324920500	-0.8763087306102716	0.4816232251077622	-0.0110488774548649	-0.4796482340662542	-0.8743961934308315	-0.0732725628785843	-0.0449508644337128	-0.0589098120050532	0.9972507477240573
_DSC0428.JPG	2693729.6154799853000000	1256260.2776403837000000	584.3492284480322500	3.2346043182182664	-2.4908986431758406	150.5966897070625500	-0.8703622973028848	0.4923082959826206	-0.0101001554608532	-0.4904902036879790	-0.8685935929041408	-0.0704594241531996	-0.0434606893614115	-0.0563711989633431	0.9974635113164123
_DSC0429.JPG	2693731.2495652102000000	1256258.8417480423000000	584.3454427114594400	3.0007589056648123	-2.5947831431133341	151.4156527574355700	-0.8772133840244868	0.4798770374589893	-0.0146529112428932	-0.4779614232936854	-0.8757757752922782	-0.0675993288005403	-0.0452720303430533	-0.0522955096618567	0.9976049433206636
_DSC0430.JPG	2693732.8547541611000000	1256257.2653331468000000	584.2771758578427400	3.3125697871575683	-2.8233220546305047	150.6777235132419200	-0.8708206231813098	0.4913847541734359	-0.0145762000544504	-0.4891270351857360	-0.8690283330874293	-0.0744613976614452	-0.0492563264213478	-0.0577129071975837	0.9971173625257344
_DSC0431.JPG	2693734.0851790346000000	1256255.7108060869000000	584.2631282437889700	3.3633649825096286	-2.8372131140374504	150.9365621706671700	-0.8730109395149186	0.4874792889110159	-0.0146915747995031	-0.4851822342373637	-0.8711661332703167	-0.0752845789208188	-0.0494984754080209	-0.0585961698889608	0.9970538550181858
_DSC0432.JPG	2693735.4839324169000000	1256254.3976450081000000	584.2509931815620800	3.3010962615700099	-2.7852531547547308	150.8747103234249200	-0.8725255219568150	0.4883577149672921	-0.0143511590442403	-0.4861460311261109	-0.8707460910076041	-0.0739140136598430	-0.0485926944541830	-0.0575151043370608	0.9971613524494316
_DSC0433.JPG	2693736.7341236044000000	1256253.1970252041000000	584.2618076091765700	3.3684767168010565	-2.8115692063637510	150.8204137763325700	-0.8720448538877875	0.4892226519864466	-0.0141056581262886	-0.4869617317718794	-0.8701822228594354	-0.0751742695950157	-0.0490514484756469	-0.0586864192361471	0.9970706392225579
_DSC0434.JPG	2693738.1285629217000000	1256251.9503113187000000	584.2523515966012200	3.4572060050747893	-2.8401808401833977	150.8666691288071600	-0.8724161932469549	0.4885676115542041	-0.0138446632574579	-0.4862455784928662	-0.8704448075993557	-0.0767533342562971	-0.0495502084418366	-0.0602289453962284	0.9969539863904599
_DSC0435.JPG	2693739.4945347626000000	1256250.9308696433000000	584.2698384968080100	3.3914522030865455	-2.7836831585268924	150.8607616647297500	-0.8724083065123189	0.4885902654556072	-0.0135388046121799	-0.4863590812519767	-0.8705103117966925	-0.0752770957154885	-0.0485653252026611	-0.0590876430198855	0.9970707395317117
_DSC0436.JPG	2693740.9441843331000000	1256249.7063553541000000	584.2477057939623800	3.4950561534656344	-2.8160034814123196	150.7598429901358900	-0.8715262552782052	0.4901762027692788	-0.0130106340906191	-0.4878814943137009	-0.8694940163127176	-0.0771479299956216	-0.0491287478669917	-0.0608887989294494	0.9969347623079210
_DSC0437.JPG	2693742.3064538520000000	1256248.6585712417000000	584.2503168369912600	3.4894761563634673	-2.7682838961550886	150.7431827936731800	-0.8714197503580191	0.4903835686825711	-0.0123115495415467	-0.4881547201114683	-0.8693837033113302	-0.0766612395514945	-0.0482968727648223	-0.0607941772115075	0.9969811834223927
_DSC0438.JPG	2693743.7720344849000000	1256247.5924348095000000	584.2712243483048300	3.4791939753332910	-2.7054559534298876	150.6937798151362800	-0.8710441761253461	0.4910728396461326	-0.0113802196815878	-0.4889315443998266	-0.8690068303461757	-0.0759807456036941	-0.0472015691361764	-0.0606184375712314	0.9970443404871751
_DSC0439.JPG	2693745.2537046615000000	1256246.5384458543000000	584.2544313178963200	3.4892043014227991	-2.6896954535435764	150.6210396800351000	-0.8704340300412903	0.4921630874665336	-0.0109587718968485	-0.4900433395753324	-0.8683775994700340	-0.0760123021393036	-0.0469268013392438	-0.0607934213058545	0.9970466565020897
_DSC0440.JPG	2693746.7057902794000000	1256245.3931960245000000	584.2685034714140800	3.5821505901164112	-2.7163209133180657	150.6489515947368400	-0.8706535520305365	0.4917824644866947	-0.0106018847382379	-0.4896085035610198	-0.8684785976168485	-0.0776430210785957	-0.0473909862457847	-0.0624093991708462	0.9969248523924892
_DSC0441.JPG	2693748.1565939896000000	1256244.3774262639000000	584.2658927359381100	3.4857635881074014	-2.6328209297349447	150.5057195297625600	-0.8694860660544942	0.4938567620457985	-0.0099739419849564	-0.4918169741988410	-0.8674195031735846	-0.0754948303129994	-0.0459352242508482	-0.0607363490484256	0.9970963098303456
_DSC0442.JPG	2693749.5074792709000000	1256243.1833217419000000	584.2863140619590500	3.5724033351538478	-2.7289210503683781	150.5601272910097600	-0.8698843802978752	0.4931383846320966	-0.0107563244757813	-0.4909525341017765	-0.8677216269951600	-0.0776195033732925	-0.0476106518840641	-0.0622391488318999	0.9969250293677328
_DSC0443.JPG	2693750.8571755197000000	1256242.0255107137000000	584.2850966066116600	3.5498048531102011	-2.6790134957188072	150.6398936793714800	-0.8706028486581379	0.4918786012536763	-0.0103015308115960	-0.4897611652327779	-0.8684642806448655	-0.0768361521279393	-0.0467405705802393	-0.0618484831885456	0.9969905135903302
_DSC0444.JPG	2693752.0987174269000000	1256240.9221545940000000	584.2876517528644600	3.5509792661389237	-2.7022104635283624	150.7330305520071900	-0.8713812475235623	0.4904882886288538	-0.0107684809615203	-0.4883360232440899	-0.8692488833762858	-0.0770344543125194	-0.0471449877126657	-0.0618677417320117	0.9969702767217052
_DSC0445.JPG	2693753.4778366759000000	1256239.7929716571000000	584.2851180104338500	3.5465393754521686	-2.6560393090075505	150.6889712427568500	-0.8710383138994985	0.4911123280020856	-0.0100467409387739	-0.4890243934104498	-0.8689017949212002	-0.0765820699136433	-0.0463400298733170	-0.0617928156591777	0.9970126626900236
_DSC0446.JPG	2693754.8890669867000000	1256238.7396022642000000	584.2795337700183600	3.6275054947517655	-2.6478720609788513	150.4914976702158400	-0.8693534297814126	0.4941096212243648	-0.0089608225520473	-0.4920268208618954	-0.8670992907226459	-0.0777716373803505	-0.0461976371671756	-0.0632020746637327	0.9969309284390618
_DSC0447.JPG	2693756.3945995383000000	1256237.7303279256000000	584.2576310333266700	3.4486740452697950	-2.5557692166839954	150.3967348990175300	-0.8686019136151172	0.4954290899239891	-0.0089851277811961	-0.4935000378336243	-0.8665671715198697	-0.0742903082660464	-0.0445917965815159	-0.0600945430229846	0.9971961780795650
_DSC0448.JPG	2693757.9245479945000000	1256236.5979676766000000	584.2966485316200100	3.4711778728349705	-2.5372879951495055	150.2421770506535900	-0.8672799587975105	0.4977513613358104	-0.0083099552668036	-0.4958484439779460	-0.8652080076848474	-0.0744944564559460	-0.0442695569532600	-0.0604870707371850	0.9971868032624566
_DSC0449.JPG	2693759.4546235502000000	1256235.4271742273000000	584.2984332398752900	3.3760874706573687	-2.4847198193978541	150.3700124880390900	-0.8684190511843439	0.4957580453300833	-0.0085036480747380	-0.4939320532728755	-0.8664655075609775	-0.0725854734553580	-0.0433529501847849	-0.0588343836340032	0.9973259432165005
_DSC0450.JPG	2693760.7681649420000000	1256234.3682955843000000	584.3125181871972700	3.4111823697832859	-2.5229330199268811	150.4795897835838600	-0.8693367460712355	0.4941397381110229	-0.0089185845203178	-0.4922559565039875	-0.8673479041583035	-0.0734281038740802	-0.0440192596100835	-0.0594435225383629	0.9972606341431568
_DSC0451.JPG	2693762.2201365773000000	1256233.4043077480000000	584.3468667669786800	3.1734259815565253	-2.3930488971528030	150.2858760950071000	-0.8677519288747618	0.4969202120815498	-0.0087688516327792	-0.4952405038534836	-0.8660318072796159	-0.0687441060960836	-0.0417544402079252	-0.0553101401628139	0.9975957874400296
_DSC0452.JPG	2693763.6111369208000000	1256232.1382531414000000	584.4021594086433400	3.1719274663514163	-2.5051605308100542	150.2325855415411100	-0.8672183513796428	0.4978191589805037	-0.0104122995692080	-0.4960058689464389	-0.8655173426384210	-0.0696986912561080	-0.0437093697170537	-0.0552794224288851	0.9975137475016908
_DSC0453.JPG	2693764.7100785971000000	1256234.9020908338000000	584.4212565849093200	3.5262755618345882	-2.6882993755433100	150.5169445532606300	-0.8695432770136251	0.4937455397302174	-0.0104800475629618	-0.4916244994482149	-0.8674333648467256	-0.0765813886853700	-0.0469024620110415	-0.0614385835383963	0.9970082544844343
_DSC0454.JPG	2693763.3002300430000000	1256235.6154875746000000	584.4219562810941400	3.4860416780081569	-2.5728180152481981	149.8505742076915200	-0.8638468190670408	0.5036877572601148	-0.0082046556314671	-0.5017505812784935	-0.8617475267697423	-0.0750836486388756	-0.0448890562882361	-0.0607440803083617	0.9971434848270547
_DSC0455.JPG	2693761.7802700140000000	1256236.8249955145000000	584.3230539355587300	3.4735691863232296	-2.5924656017644052	150.1596327292122900	-0.8665273226420788	0.4990482270571651	-0.0090147759734249	-0.4970759493185181	-0.8644579000151822	-0.0750202619992437	-0.0452316230511809	-0.0605260784492280	0.9971412608571133
_DSC0456.JPG	2693760.0861045923000000	1256238.3069563019000000	584.3268065141084000	3.3964397473081522	-2.5207275037082484	150.3148647527006900	-0.8679193936700740	0.4966270764110120	-0.0088018785961923	-0.4947540955123896	-0.8659436724289608	-0.0732116189819775	-0.0439808033701973	-0.0591870184727734	0.9972775871236733
_DSC0457.JPG	2693758.7439078763000000	1256239.7106960835000000	584.3105885150969200	3.3335528734068269	-2.4436612639317676	150.3440276913029000	-0.8682217283870256	0.4961083508630823	-0.0082179413820582	-0.4943410928565177	-0.8663148302315314	-0.0715925892417413	-0.0426370058759890	-0.0580957754473297	0.9974001035718336
_DSC0458.JPG	2693757.4322164431000000	1256240.8442315897000000	584.3419517445447600	3.4492338232735915	-2.4159325586758387	150.1215507170572600	-0.8663134737963986	0.4994582531719793	-0.0065129453561158	-0.4977188452558627	-0.8642500578976725	-0.0731285751333920	-0.0421534837941875	-0.0601106543157294	0.9973012549083391
_DSC0459.JPG	2693756.0582324211000000	1256241.8027918716000000	584.3050034983035600	3.3347148567414338	-2.3280315366913400	150.1748000159373100	-0.8668307517709375	0.4985633211733780	-0.0062500051841832	-0.4969450791589301	-0.8649026401411091	-0.0706329340793956	-0.0406206361835396	-0.0581208900268320	0.9974827948684296
_DSC0460.JPG	2693754.6629440412000000	1256242.7637528419000000	584.3453109876576300	3.4298894276281393	-2.3463374821844987	150.0704067571627100	-0.8659125848445215	0.5001643805384339	-0.0055666730175670	-0.4985171235768483	-0.8638647508441080	-0.0722382845152965	-0.0409398694251038	-0.0597769578487640	0.9973718676611059
_DSC0461.JPG	2693753.1776558235000000	1256243.9037426943000000	584.3614251438956400	3.4121124008180703	-2.3998167399607442	150.2989485207346500	-0.8678606086399011	0.4967609942608358	-0.0068175180356213	-0.4950400602260106	-0.8658477950946754	-0.0724081107412500	-0.0418724580435332	-0.0594652025194208	0.9973517869571984
_DSC0462.JPG	2693751.8228878304000000	1256245.1173522435000000	584.3568600305278600	3.3318178083787373	-2.4210780369520171	150.1957579242673300	-0.8669540842249205	0.4983284299012308	-0.0077066074185600	-0.4965945298838721	-0.8650416478118547	-0.0713920194445245	-0.0422432093376584	-0.0580665437504763	0.9974185619697124
_DSC0463.JPG	2693750.4646929801000000	1256246.3767644078000000	584.3760792183791200	3.2795834194999376	-2.4244737587319327	150.0985838229802000	-0.8661084375938384	0.4997906435128882	-0.0080924029640859	-0.4980629270953683	-0.8642582844632202	-0.0706465738014612	-0.0423024228851392	-0.0571570677490136	0.9974685832768778
_DSC0464.JPG	2693749.0363168716000000	1256247.4590419228000000	584.4189984244815200	3.2779021404418494	-2.3716599520686086	150.2349195815736500	-0.8673246095462844	0.4976867660713008	-0.0074769347246056	-0.4960197544738658	-0.8654733072602936	-0.0701452606497072	-0.0413814553522552	-0.0571300034782138	0.9975087658038442
_DSC0465.JPG	2693747.5643107202000000	1256248.5977457811000000	584.4645709447845500	3.2075268415138956	-2.4142539842268769	150.0456957234392200	-0.8656548447605506	0.5005690722043815	-0.0085025699074999	-0.4988659543482213	-0.8638897257080769	-0.0694787838714952	-0.0421242131656471	-0.0559030032151137	0.9975471943205023
_DSC0466.JPG	2693746.0259779990000000	1256250.0217305373000000	584.4766906318467400	3.0804181999594840	-2.4156125426063308	150.0166752666861800	-0.8654011914757569	0.5009876555524597	-0.0095993112456384	-0.4993038474008599	-0.8637874595833517	-0.0675787883676392	-0.0421479034239994	-0.0536897909344975	0.9976677606229295
_DSC0467.JPG	2693744.5707104281000000	1256251.2661816180000000	584.4687249111226500	2.9629149152933789	-2.3947845592412551	150.4134618084248700	-0.8688514731930875	0.4949557495298720	-0.0107667793477969	-0.4933063508701293	-0.8673820719095017	-0.0655529215304472	-0.0417847067884601	-0.0516444318131545	0.9977910056426143
_DSC0468.JPG	2693743.2111983914000000	1256252.3313146585000000	584.4389434127867800	2.9323861002677920	-2.4139186554150145	150.3271323120880300	-0.8680950331180576	0.4962711773597352	-0.0112219426901262	-0.4946079828923051	-0.8666616849756567	-0.0652722533268246	-0.0421183657679513	-0.0511120564753437	0.9978043901225823
_DSC0469.JPG	2693741.9733356964000000	1256253.3334524236000000	584.3961128945214800	2.9712025226507022	-2.3795557584885358	150.2988504810203700	-0.8678725689623003	0.4966793980295047	-0.0103334222707915	-0.4950488507847252	-0.8663875811105030	-0.0655682440989166	-0.0415191447346862	-0.0517893316286455	0.9977945809383605
_DSC0470.JPG	2693740.6556519866000000	1256254.3412377532000000	584.3846302043812100	2.8583900321858815	-2.2901101290875636	150.2961899524097200	-0.8679048223313590	0.4966307616585561	-0.0099551970555299	-0.4951206641866115	-0.8665304825687155	-0.0630908129178726	-0.0399593201816556	-0.0498277969979847	0.9979581370863949
_DSC0471.JPG	2693739.3159322087000000	1256255.3101827642000000	584.3906464322748200	2.9876317068859470	-2.3404391416222512	150.2922457395818900	-0.8678399145095387	0.4967513273835639	-0.0095917426333348	-0.4951628231137485	-0.8663291029589387	-0.0654802563555094	-0.0408370100533655	-0.0520769057167254	0.9978077643017581
_DSC0472.JPG	2693737.9799869191000000	1256256.3638793023000000	584.4367864127011700	2.8866699531825590	-2.2533865355106744	150.2872728443286700	-0.8678498209230090	0.4967424520658881	-0.0091446508665271	-0.4952683255459605	-0.8664379197793828	-0.0632029815695159	-0.0393188763166191	-0.0503216403145374	0.9979587959837083
_DSC0473.JPG	2693736.6232118979000000	1256257.4424245046000000	584.4168155265210800	2.8174548155042576	-2.2491975331185454	150.2040151087271900	-0.8671317121363846	0.4979865511480858	-0.0095910730920594	-0.4965303206775414	-0.8657926979654408	-0.0621340872434895	-0.0392458208638777	-0.0491161788554367	0.9980217264766139
_DSC0474.JPG	2693735.2366428189000000	1256258.4718719691000000	584.4292224062096500	2.8969590509259002	-2.2430473575593370	150.3220459204390800	-0.8681563920640761	0.4962102388498061	-0.0089374369315091	-0.4947450372080709	-0.8667323847157961	-0.0632639031585485	-0.0391385625217684	-0.0505012093467926	0.9979568130827312
_DSC0475.JPG	2693733.7962476313000000	1256259.5751527017000000	584.4391617417238600	3.1058197988128051	-2.3203324234566316	150.2246745637105200	-0.8672677315518838	0.4977747554789165	-0.0081838020965156	-0.4961930425785250	-0.8656151605946739	-0.0671033400459553	-0.0404863718492446	-0.0541358158390799	0.9977124671657272
_DSC0476.JPG	2693732.2906446811000000	1256260.7199689499000000	584.4287085020928300	3.0365377931535034	-2.3455902551084944	150.1359470931670300	-0.8664827322197016	0.4991247373444974	-0.0090648406421448	-0.4975265506807937	-0.8649121815487374	-0.0662891361859256	-0.0409268387827830	-0.0529283929417074	0.9977592791289170
_DSC0477.JPG	2693730.8368455116000000	1256261.8261748252000000	584.4608688226575200	3.1086266856077511	-2.3558060735229538	150.1143468195670900	-0.8662887645468913	0.4994701249269412	-0.0085656713272638	-0.4978495318343595	-0.8646350454207161	-0.0674691179920517	-0.0411049884093083	-0.0541833234102776	0.9976845931415840
_DSC0478.JPG	2693730.1753961612000000	1256262.5399021457000000	584.4713612060282900	3.0611834613730213	-2.3524124904637569	150.7519772883567300	-0.8717775724207761	0.4898064468640700	-0.0096699966149643	-0.4881793786831020	-0.8701968983546465	-0.0666202095653678	-0.0410458091979946	-0.0533573116296989	0.9977315464807820
_DSC0479.JPG	2693730.5773558300000000	1256266.6592119157000000	584.5347346059779700	2.9443307009285422	-2.4941651749744693	149.6533146716277300	-0.8621666277810800	0.5064930525059108	-0.0115539475438239	-0.5047523356325091	-0.8607156059425809	-0.0662851820577016	-0.0435176471575267	-0.0513169898780231	0.9977338226880614
_DSC0480.JPG	2693732.4174134023000000	1256265.5506682768000000	584.5536365362193000	2.8419361606295364	-2.4624666767810677	150.6565547933624900	-0.8708929996131426	0.4912977927845669	-0.0131096159301503	-0.4895910525607067	-0.8695819457041433	-0.0642482759138020	-0.0429649214746391	-0.0495350230686350	0.9978478325938619
_DSC0481.JPG	2693734.2480780948000000	1256264.1032562514000000	584.5061611535503500	2.9369615759918704	-2.4287140694034504	150.2308321489261400	-0.8672530227659088	0.4977394820129132	-0.0112961298200445	-0.4960609219497684	-0.8658145709247491	-0.0654880942518470	-0.0423763639041795	-0.0511911791220975	0.9977894101273825
_DSC0482.JPG	2693735.5031451751000000	1256262.4571125300000000	584.5107758090651900	3.0316215672789224	-2.4770198656369247	150.4186566327073800	-0.8688431456361276	0.4949556209640482	-0.0114246031533814	-0.4931974588436055	-0.8673102750529210	-0.0672989849688416	-0.0432186865988331	-0.0528376765549026	0.9976674421193424
_DSC0483.JPG	2693736.8483216073000000	1256260.9262183099000000	584.4925095334100400	3.1876648282304876	-2.4549108464769276	150.4842882074154000	-0.8694219747613209	0.4939726410691657	-0.0098213887652682	-0.4922100663904693	-0.8677007632030115	-0.0694596003501428	-0.0428331687599057	-0.0555555164863541	0.9975364175015969
_DSC0484.JPG	2693738.1046816669000000	1256259.6785768147000000	584.4716615041921800	3.2416723981407478	-2.4428521720837288	150.5940566821939200	-0.8703711992650682	0.4923081819565307	-0.0093074952883475	-0.4905479223352288	-0.8685855302916826	-0.0701563429812797	-0.0426228973965494	-0.0564962879008242	0.9974925854716668
_DSC0485.JPG	2693739.3578754347000000	1256258.6041014318000000	584.4651331512536700	3.2733676786657404	-2.5288935055825519	150.5523081516803400	-0.8699568122578989	0.4930205894239261	-0.0102880129354193	-0.4911499659278324	-0.8681455174057394	-0.0713797700851590	-0.0441231886332260	-0.0570443600402904	0.9973961525955625
_DSC0486.JPG	2693740.6857137978000000	1256257.5696338748000000	584.4709881626325800	3.3708249661293510	-2.5689131631916053	150.4742694610544000	-0.8692600148418506	0.4942548930584965	-0.0099562686223315	-0.4923191109778513	-0.8673302911109063	-0.0732124244063021	-0.0448209723580755	-0.0587389718092274	0.9972666712708649
_DSC0487.JPG	2693742.0954867397000000	1256256.5338475239000000	584.4282301635195200	3.2818549712528529	-2.5372857145192023	150.4988752441423700	-0.8694927631074354	0.4938387897873038	-0.0102754369838092	-0.4919578688787870	-0.8676706490530983	-0.0715898038830775	-0.0442695171877756	-0.0571917343082636	0.9973812287058417
_DSC0488.JPG	2693743.4791000988000000	1256255.4243552606000000	584.3494693769026800	3.2870301273622764	-2.5579471875078479	150.3226099492761100	-0.8679612604996652	0.4965246120256006	-0.0103227866712125	-0.4946225164382734	-0.8661305951883218	-0.0718773838630315	-0.0446297714995465	-0.0572809019792047	0.9973600562306210
_DSC0489.JPG	2693744.8803773429000000	1256254.3205927061000000	584.2941636175270300	3.3361116757039033	-2.5789752452582100	150.3528602125177300	-0.8682079900087900	0.4960944909343186	-0.0102538846061375	-0.4941560573588881	-0.8663201830653745	-0.0727951330041734	-0.0449964116393218	-0.0581342969183942	0.9972942025608034
_DSC0490.JPG	2693746.2574102525000000	1256253.1817586003000000	584.2921244564064400	3.3941006723346909	-2.6409040566467801	150.1817715124470900	-0.8666858390294734	0.4987445242470247	-0.0104668982696349	-0.4967218986895138	-0.8647290185637431	-0.0742366473924441	-0.0460761520535469	-0.0591407134501727	0.9971857220320310
_DSC0491.JPG	2693747.6671141200000000	1256252.1089629210000000	584.3028557710739500	3.3292389754584759	-2.6379723536763446	150.3480658712993000	-0.8681259120795746	0.4962176608395993	-0.0111997253039224	-0.4942055206187643	-0.8662578408979664	-0.0732001125185587	-0.0460250384675810	-0.0580119483698892	0.9972543856410898
_DSC0492.JPG	2693748.9216780104000000	1256250.8492529031000000	584.3076691967497700	3.3594248231893538	-2.6821634473826852	150.6859067358713000	-0.8709936430185690	0.4911466570633150	-0.0120430509744125	-0.4890605853833159	-0.8691079260331384	-0.0739672679697275	-0.0467954874509212	-0.0585352386337365	0.9971879502843595
_DSC0493.JPG	2693750.3072255366000000	1256249.7200187827000000	584.2984337633039300	3.4759832502500525	-2.7978064910163085	150.4504599624846200	-0.8688926529448777	0.4948431353565737	-0.0124831505994195	-0.4925880551230375	-0.8668696645367540	-0.0767723430412221	-0.0488115315116695	-0.0605578739423058	0.9969705002130572
_DSC0494.JPG	2693751.6446655281000000	1256248.6637525118000000	584.2902591834574700	3.4159675018742828	-2.8568314970767568	150.5145470774405700	-0.8693988511713390	0.4939131361981106	-0.0139803960209758	-0.4915908525518658	-0.8674723699398340	-0.0763552295412515	-0.0498404581568597	-0.0595105140451238	0.9969826615587653
