<?xml version="1.0" encoding="UTF-8"?>
<document version="1.4.0">
  <chunk label="SONY-A-9" enabled="1">
    <sensors next_id="1">
      <sensor id="0" label="SONY-A-9" type="frame">
        <resolution width="6000" height="4000"/>
        <property name="pixel_width" value="0.006"/>
        <property name="pixel_height" value="0.006"/>
        <property name="focal_length" value="55"/>
        <property name="fixed" value="1"/>
        <property name="layer_index" value="0"/>
        <calibration type="frame" class="initial">
          <resolution width="6000" height="4000"/>
          <f>9227.77018581081</f>
          <cx>-37.8304617831239</cx>
          <cy>31.7622333680372</cy>
          <k1>-0.017282082281574</k1>
        </calibration>
      </sensor>
    </sensors>
    <cameras next_id="526" next_group_id="0">
      <camera id="0" sensor_id="0" label="_DSC0370.JPG" enabled="1"/>
      <camera id="1" sensor_id="0" label="_DSC0371.JPG" enabled="1">
        <transform>-6.6584332796004730e-002 -9.9575159168514615e-001 -6.3602627953636984e-002 -1.2581733696910860e+001 -9.9404548057961362e-001 6.0689615288470722e-002 9.0500569806948469e-002 3.1707347628051110e+001 -8.6256067411839651e-002 6.9249824928553347e-002 -9.9386334703620538e-001 -7.0973779643539068e+000 0.0000000000000000e+000 0.0000000000000000e+000 0.0000000000000000e+000 1.0000000000000000e+000</transform>
      </camera>
      <camera id="2" sensor_id="0" label="_DSC0372.JPG" enabled="1">
        <transform>-6.4591079881807789e-002 -9.9580198534759690e-001 -6.4856752751629027e-002 -1.2464008652433478e+001 -9.9430609511244417e-001 5.8701674664188075e-002 8.8935384487068128e-002 3.1730355109826469e+001 -8.4754832440072508e-002 7.0231897093869053e-002 -9.9392358811361925e-001 -7.1010127719751770e+000 0.0000000000000000e+000 0.0000000000000000e+000 0.0000000000000000e+000 1.0000000000000000e+000</transform>
      </camera>
      <camera id="3" sensor_id="0" label="_DSC0373.JPG" enabled="1">
        <transform>-6.2791226705156911e-002 -9.9576506042162816e-001 -6.7150623916483104e-002 -1.2234073537030840e+001 -9.9489028560311077e-001 5.7122070659761159e-002 8.3248955885957210e-002 3.1602498141513426e+001 -7.9060618903613267e-002 7.2034807468699696e-002 -9.9426375024513747e-001 -4.0812543685274338e+000 0.0000000000000000e+000 0.0000000000000000e+000 0.0000000000000000e+000 1.0000000000000000e+000</transform>
      </camera>
      <camera id="4" sensor_id="0" label="_DSC0374.JPG" enabled="1">
        <transform>-6.0647369269826945e-002 -9.9571719285223104e-001 -6.9779427191128646e-002 -1.2243341831229664e+001 -9.9495480824247506e-001 5.4707575417850318e-002 8.4095248064796083e-002 3.1631542889420331e+001 -7.9917621059617694e-002 7.4527532163442531e-002 -9.9401147920625055e-001 -3.9877352900941450e+000 0.0000000000000000e+000 0.0000000000000000e+000 0.0000000000000000e+000 1.0000000000000000e+000</transform>
      </camera>
      <camera id="5" sensor_id="0" label="_DSC0375.JPG" enabled="1">
        <transform>-6.1144834353279220e-002 -9.9583237248310164e-001 -6.7669750602371848e-002 -1.2369078565168099e+001 -9.9519241811751946e-001 5.5628020836980152e-002 8.0607532025020232e-002 3.1381798917574262e+001 -7.6507255559941506e-002 7.2273156928680429e-002 -9.9444619293064229e-001 -8.3025072615114326e-001 0.0000000000000000e+000 0.0000000000000000e+000 0.0000000000000000e+000 1.0000000000000000e+000</transform>
      </camera>
      <camera id="6" sensor_id="0" label="_DSC0376.JPG" enabled="1">
        <transform>-5.8406977476677890e-002 -9.9613653286800496e-001 -6.5579210636820456e-002 -1.2300464546714707e+001 -9.9566633750421407e-001 5.3365379831932902e-002 7.6162199261428393e-002 3.1305662773828463e+001 -7.2368289623169130e-002 6.9743416328016922e-002 -9.9493652387271114e-001 2.3505583614870362e+000 0.0000000000000000e+000 0.0000000000000000e+000 0.0000000000000000e+000 1.0000000000000000e+000</transform>
      </camera>
      <camera id="7" sensor_id="0" label="_DSC0377.JPG" enabled="1"/>
      <camera id="8" sensor_id="0" label="_DSC0378.JPG" enabled="1">
        <transform>9.9500419022200770e-001 -9.9820135594773998e-002 -1.6130624563343425e-003 9.9011318414991241e+000 -9.9821759234297217e-002 -9.9500487240038304e-001 -9.5931374819686096e-004 2.6857948254467217e+001 -1.5092461751158594e-003 1.1155399313395472e-003 -9.9999823887177142e-001 2.4414205652285701e+000 0.0000000000000000e+000 0.0000000000000000e+000 0.0000000000000000e+000 1.0000000000000000e+000</transform>
      </camera>
      <camera id="9" sensor_id="0" label="_DSC0379.JPG" enabled="1">
        <transform>9.9991441931475555e-001 -1.2960056631096461e-002 -1.7863310315356354e-003 9.0674216408596973e+000 -1.2964383010937750e-002 -9.9991300124833138e-001 -2.4320172080116794e-003 2.6685673325851845e+001 -1.7546565422221925e-003 2.4549677539896426e-003 -9.9999544714650856e-001 2.3887559638986153e+000 0.0000000000000000e+000 0.0000000000000000e+000 0.0000000000000000e+000 1.0000000000000000e+000</transform>
      </camera>
      <camera id="10" sensor_id="0" label="_DSC0380.JPG" enabled="1">
        <transform>9.9992225687020764e-001 1.2440159780221286e-002 -8.5008248668287884e-004 7.7731663225346335e+000 1.2439426249565840e-002 -9.9992225510275756e-001 -8.6280055478461424e-004 2.6653490573821472e+001 -8.6074977386728835e-004 8.5215893956995894e-004 -9.9999926646721526e-001 2.3902821587675560e+000 0.0000000000000000e+000 0.0000000000000000e+000 0.0000000000000000e+000 1.0000000000000000e+000</transform>
      </camera>
      <camera id="11" sensor_id="0" label="_DSC0381.JPG" enabled="1">
        <transform>9.9948582360592253e-001 3.2060702971343724e-002 -4.4691808436341803e-004 6.3774927562922192e+000 3.2060192636889251e-002 -9.9948532821476122e-001 -1.1057719097954124e-003 2.6904123690965836e+001 -4.8213989298908944e-004 1.0908750681045609e-003 -9.9999928876610178e-001 2.4318522168212606e+000 0.0000000000000000e+000 0.0000000000000000e+000 0.0000000000000000e+000 1.0000000000000000e+000</transform>
      </camera>
      <camera id="12" sensor_id="0" label="_DSC0382.JPG" enabled="1">
        <transform>9.9873795126193643e-001 5.0220557739178620e-002 6.3268434182277386e-004 5.0618514036457576e+000 5.0221771236848095e-002 -9.9873593353613233e-001 -2.0757546926510788e-003 2.7207273344309932e+001 5.2763902836940708e-004 2.1049095173408475e-003 -9.9999764547371783e-001 2.4576419191600842e+000 0.0000000000000000e+000 0.0000000000000000e+000 0.0000000000000000e+000 1.0000000000000000e+000</transform>
      </camera>
      <camera id="13" sensor_id="0" label="_DSC0383.JPG" enabled="1">
        <transform>9.9765869337709412e-001 6.8381999258282353e-002 1.0167136027019329e-003 3.9082717553266120e+000 6.8384639136443590e-002 -9.9765498962219068e-001 -2.8395091345148381e-003 2.7482343257241794e+001 8.2015808722205735e-004 2.9023885657982812e-003 -9.9999545173031912e-001 2.4705861120025050e+000 0.0000000000000000e+000 0.0000000000000000e+000 0.0000000000000000e+000 1.0000000000000000e+000</transform>
      </camera>
      <camera id="14" sensor_id="0" label="_DSC0384.JPG" enabled="1">
        <transform>9.9631310566128883e-001 8.5784372980345705e-002 1.1121330518501125e-003 2.8745911578331858e+000 8.5787150580130103e-002 -9.9630968617098070e-001 -2.7520968776516678e-003 2.7719812281606952e+001 8.7194202683864492e-004 2.8373569128380765e-003 -9.9999559455172149e-001 2.4783546909394798e+000 0.0000000000000000e+000 0.0000000000000000e+000 0.0000000000000000e+000 1.0000000000000000e+000</transform>
      </camera>
      <camera id="15" sensor_id="0" label="_DSC0385.JPG" enabled="1">
        <transform>9.9459549175168416e-001 1.0382487769866953e-001 4.5006453051797473e-004 1.8036075565854146e+000 1.0382584245927780e-001 -9.9458407528459902e-001 -4.7656718204620342e-003 2.7916370159878557e+001 -4.7168279007849505e-005 4.7866440368416491e-003 -9.9998854284137573e-001 2.4947483374078909e+000 0.0000000000000000e+000 0.0000000000000000e+000 0.0000000000000000e+000 1.0000000000000000e+000</transform>
      </camera>
      <camera id="16" sensor_id="0" label="_DSC0386.JPG" enabled="1">
        <transform>9.9451515183966643e-001 1.0459260371611702e-001 -3.0345739820089612e-006 7.1073901627195279e-001 1.0459172981868516e-001 -9.9450696018363915e-001 -4.0590885470408481e-003 2.8024779556687744e+001 -4.2756854479557272e-004 4.0365076713489391e-003 -9.9999176186154581e-001 2.5069377925958247e+000 0.0000000000000000e+000 0.0000000000000000e+000 0.0000000000000000e+000 1.0000000000000000e+000</transform>
      </camera>
      <camera id="17" sensor_id="0" label="_DSC0387.JPG" enabled="1">
        <transform>9.9446432423824649e-001 1.0507475634455550e-001 -5.8279505785378859e-005 -4.5978095536298230e-001 1.0507333155465633e-001 -9.9445343833468658e-001 -4.6855074778584466e-003 2.8170158551219533e+001 -5.5028481149928515e-004 4.6534464058475200e-003 -9.9998902125132061e-001 2.4807872084945517e+000 0.0000000000000000e+000 0.0000000000000000e+000 0.0000000000000000e+000 1.0000000000000000e+000</transform>
      </camera>
      <camera id="18" sensor_id="0" label="_DSC0388.JPG" enabled="1">
        <transform>9.9511414342262716e-001 9.8731075962582265e-002 1.2727734616247357e-004 -1.5153361213922143e+000 9.8730597702715250e-002 -9.9510332625373532e-001 -4.6517906247611424e-003 2.8265178090124191e+001 -3.3262218301229475e-004 4.6416288114012267e-003 -9.9998917226361028e-001 2.4747581039214772e+000 0.0000000000000000e+000 0.0000000000000000e+000 0.0000000000000000e+000 1.0000000000000000e+000</transform>
      </camera>
      <camera id="19" sensor_id="0" label="_DSC0389.JPG" enabled="1">
        <transform>9.9536395654775256e-001 9.6178265739261165e-002 -5.7896890321374795e-004 -2.6018289293610732e+000 9.6175152148942955e-002 -9.9535615692083335e-001 -4.0572144282821961e-003 2.8382109791363796e+001 -9.6649610992399575e-004 3.9827225835415078e-003 -9.9999160186778169e-001 2.4762437415698986e+000 0.0000000000000000e+000 0.0000000000000000e+000 0.0000000000000000e+000 1.0000000000000000e+000</transform>
      </camera>
      <camera id="20" sensor_id="0" label="_DSC0390.JPG" enabled="1">
        <transform>9.9557062351753789e-001 9.4016545484209679e-002 -1.5087781802187615e-004 -3.6563438602147027e+000 9.4014536065535670e-002 -9.9555758486766011e-001 -5.1344153371081303e-003 2.8516243219422410e+001 -6.3292754919601173e-004 5.0974883704988450e-003 -9.9998680742049295e-001 2.4853117973369145e+000 0.0000000000000000e+000 0.0000000000000000e+000 0.0000000000000000e+000 1.0000000000000000e+000</transform>
      </camera>
      <camera id="21" sensor_id="0" label="_DSC0391.JPG" enabled="1">
        <transform>9.9528432187225646e-001 9.7000511320913668e-002 -1.3942296927311906e-004 -4.8008353673406088e+000 9.6997649472433278e-002 -9.9526413401824421e-001 -6.3843193636728846e-003 2.8737706739236874e+001 -7.5804492348814298e-004 6.3406892681871219e-003 -9.9997961030587934e-001 2.4872109281461490e+000 0.0000000000000000e+000 0.0000000000000000e+000 0.0000000000000000e+000 1.0000000000000000e+000</transform>
      </camera>
      <camera id="22" sensor_id="0" label="_DSC0392.JPG" enabled="1">
        <transform>9.9595794192811327e-001 8.9820431374678003e-002 2.6080257812297091e-004 -6.0104885011239553e+000 8.9820327954126963e-002 -9.9593888563879673e-001 -6.1680433497874497e-003 2.8869050502594579e+001 -2.9427288538810565e-004 6.1665371334759774e-003 -9.9998094343004873e-001 2.5002490278965297e+000 0.0000000000000000e+000 0.0000000000000000e+000 0.0000000000000000e+000 1.0000000000000000e+000</transform>
      </camera>
      <camera id="23" sensor_id="0" label="_DSC0393.JPG" enabled="1">
        <transform>9.9635493570420441e-001 8.5301233318709119e-002 7.3599740221846292e-004 -7.1341692433580217e+000 8.5304189752734155e-002 -9.9633483240369525e-001 -6.3322152308697569e-003 2.8969122628455697e+001 1.9315407955618251e-004 6.3719175612747892e-003 -9.9997968047260533e-001 2.5234926479316129e+000 0.0000000000000000e+000 0.0000000000000000e+000 0.0000000000000000e+000 1.0000000000000000e+000</transform>
      </camera>
      <camera id="24" sensor_id="0" label="_DSC0394.JPG" enabled="1">
        <transform>9.9631914208445838e-001 8.5711874350551234e-002 1.2812928642126180e-003 -8.2834268074125887e+000 8.5720000878767785e-002 -9.9627792272931270e-001 -9.0764602962633452e-003 2.9124561911795016e+001 4.9856336870454762e-004 9.1528835609830106e-003 -9.9995798719600537e-001 2.5391112104246387e+000 0.0000000000000000e+000 0.0000000000000000e+000 0.0000000000000000e+000 1.0000000000000000e+000</transform>
      </camera>
      <camera id="25" sensor_id="0" label="_DSC0395.JPG" enabled="1">
        <transform>9.9614822254136259e-001 8.7677990798090050e-002 1.1351904221867577e-003 -9.4428737161080871e+000 8.7684405954687045e-002 -9.9611387043376620e-001 -8.2826373719719609e-003 2.9225799255814902e+001 4.0457392184011811e-004 8.3502729938594259e-003 -9.9996505401982416e-001 2.5377298781165036e+000 0.0000000000000000e+000 0.0000000000000000e+000 0.0000000000000000e+000 1.0000000000000000e+000</transform>
      </camera>
      <camera id="26" sensor_id="0" label="_DSC0396.JPG" enabled="1">
        <transform>9.9653162673651530e-001 8.3195554128133356e-002 1.7935125279641354e-003 -1.0563161144879098e+001 8.3208780377714994e-002 -9.9648810551171407e-001 -9.3677340765067427e-003 2.9357049634969300e+001 1.0078600737825304e-003 9.4844792681403976e-003 -9.9995451340102659e-001 2.5323520060277191e+000 0.0000000000000000e+000 0.0000000000000000e+000 0.0000000000000000e+000 1.0000000000000000e+000</transform>
      </camera>
      <camera id="27" sensor_id="0" label="_DSC0397.JPG" enabled="1">
        <transform>9.9681812638157052e-001 7.9686556491449359e-002 1.9171936967042448e-003 -1.1655430163672234e+001 7.9697675070856969e-002 -9.9679677662841992e-001 -6.6683349864887888e-003 2.9413059518564431e+001 1.3796758444423684e-003 6.7999130676042593e-003 -9.9997592854870121e-001 2.5018888262811481e+000 0.0000000000000000e+000 0.0000000000000000e+000 0.0000000000000000e+000 1.0000000000000000e+000</transform>
      </camera>
      <camera id="28" sensor_id="0" label="_DSC0398.JPG" enabled="1">
        <transform>9.9679966242429185e-001 7.9907005257328453e-002 2.3029332651357576e-003 -1.2801783586661724e+001 7.9919932505907301e-002 -9.9678194001544207e-001 -6.2103500145225870e-003 2.9548905212377285e+001 1.7992718164878108e-003 6.3745250691280677e-003 -9.9997806378493792e-001 2.4775733610004802e+000 0.0000000000000000e+000 0.0000000000000000e+000 0.0000000000000000e+000 1.0000000000000000e+000</transform>
      </camera>
      <camera id="29" sensor_id="0" label="_DSC0399.JPG" enabled="1">
        <transform>9.9674195580493952e-001 8.0613351653175180e-002 2.6383846168608134e-003 -1.3924566103156605e+001 8.0627708618308508e-002 -9.9672692423541254e-001 -5.8831205304061872e-003 2.9649465445824909e+001 2.1554909199780581e-003 6.0766799698245338e-003 -9.9997921369368381e-001 2.4721692003709150e+000 0.0000000000000000e+000 0.0000000000000000e+000 0.0000000000000000e+000 1.0000000000000000e+000</transform>
      </camera>
      <camera id="30" sensor_id="0" label="_DSC0400.JPG" enabled="1">
        <transform>9.9688199268222211e-001 7.8889914026013086e-002 1.6352770071680278e-003 -1.5038887552691165e+001 7.8898738700355270e-002 -9.9686264653576206e-001 -6.3129211312463254e-003 2.9841370233452906e+001 1.1321207598875766e-003 6.4222586902537952e-003 -9.9997873622187616e-001 2.4756067250261475e+000 0.0000000000000000e+000 0.0000000000000000e+000 0.0000000000000000e+000 1.0000000000000000e+000</transform>
      </camera>
      <camera id="31" sensor_id="0" label="_DSC0401.JPG" enabled="1">
        <transform>9.9725551373122989e-001 7.4025585586679946e-002 1.2856948352412162e-003 -1.6132141902581150e+001 7.4032584041249364e-002 -9.9723324520851742e-001 -6.7105253940599862e-003 2.9947439545887907e+001 7.8538706100585143e-004 6.7872917602011529e-003 -9.9997665764643040e-001 2.4901705574035562e+000 0.0000000000000000e+000 0.0000000000000000e+000 0.0000000000000000e+000 1.0000000000000000e+000</transform>
      </camera>
      <camera id="32" sensor_id="0" label="_DSC0402.JPG" enabled="1">
        <transform>9.9766078543556258e-001 6.8357930805879485e-002 -3.8794334051474994e-004 -1.7276836155852347e+001 6.8354843903890045e-002 -9.9764641951236355e-001 -5.4071202165297851e-003 3.0146992446155497e+001 -7.5664983425882107e-004 5.3679539956831730e-003 -9.9998530616750991e-001 2.4953018670705180e+000 0.0000000000000000e+000 0.0000000000000000e+000 0.0000000000000000e+000 1.0000000000000000e+000</transform>
      </camera>
      <camera id="33" sensor_id="0" label="_DSC0403.JPG" enabled="1">
        <transform>9.9774982507312260e-001 6.7043651188507053e-002 6.5984988146782549e-004 -1.7161054621105048e+001 6.7046686527176963e-002 -9.9772308704505286e-001 -7.3063946660721548e-003 2.8217009087576987e+001 1.6850008528668101e-004 7.3341947481464602e-003 -9.9997309023549108e-001 2.3738357908847592e+000 0.0000000000000000e+000 0.0000000000000000e+000 0.0000000000000000e+000 1.0000000000000000e+000</transform>
      </camera>
      <camera id="34" sensor_id="0" label="_DSC0404.JPG" enabled="1">
        <transform>9.9849351002878672e-001 5.4777255269089761e-002 3.1879045749691279e-003 -1.6202778547366531e+001 5.4786124992543164e-002 -9.9849428459283485e-001 -2.7648044676624644e-003 2.8167202348965713e+001 3.0316560978397578e-003 2.9352922559681225e-003 -9.9999109652070228e-001 2.4161398952884556e+000 0.0000000000000000e+000 0.0000000000000000e+000 0.0000000000000000e+000 1.0000000000000000e+000</transform>
      </camera>
      <camera id="35" sensor_id="0" label="_DSC0405.JPG" enabled="1">
        <transform>9.9814413081683295e-001 6.0796342164740523e-002 3.4783466325634875e-003 -1.4865655885376768e+001 6.0814607345860548e-002 -9.9813441069849929e-001 -5.4112579802034115e-003 2.8078688340475875e+001 3.1428727745927364e-003 5.6127496779479315e-003 -9.9997930948183888e-001 2.3958230478186646e+000 0.0000000000000000e+000 0.0000000000000000e+000 0.0000000000000000e+000 1.0000000000000000e+000</transform>
      </camera>
      <camera id="36" sensor_id="0" label="_DSC0406.JPG" enabled="1">
        <transform>9.9819313252595987e-001 5.9968679028552768e-002 3.7719641542501379e-003 -1.3586976989488821e+001 5.9972491939102965e-002 -9.9819961909024491e-001 -9.0590214933818612e-004 2.7777490005451110e+001 3.7108474267696073e-003 1.1304793940452361e-003 -9.9999247578555051e-001 2.3816103026622435e+000 0.0000000000000000e+000 0.0000000000000000e+000 0.0000000000000000e+000 1.0000000000000000e+000</transform>
      </camera>
      <camera id="37" sensor_id="0" label="_DSC0407.JPG" enabled="1">
        <transform>9.9814899886028963e-001 6.0735319199486729e-002 3.1300281050871733e-003 -1.2377264361822808e+001 6.0729127220445128e-002 -9.9815220509799563e-001 2.0368026541031769e-003 2.7518661858282936e+001 3.2479503144547811e-003 -1.8429486550716584e-003 -9.9999302715519456e-001 2.3896335530022590e+000 0.0000000000000000e+000 0.0000000000000000e+000 0.0000000000000000e+000 1.0000000000000000e+000</transform>
      </camera>
      <camera id="38" sensor_id="0" label="_DSC0408.JPG" enabled="1">
        <transform>9.9821233064140680e-001 5.9749042871290459e-002 1.4814963433116457e-003 -1.1152568619254920e+001 5.9743682149447197e-002 -9.9820785306989457e-001 3.4314009992565020e-003 2.7223347455635096e+001 1.6838642096011830e-003 -3.3367567421927059e-003 -9.9999301530349050e-001 2.3830240734377282e+000 0.0000000000000000e+000 0.0000000000000000e+000 0.0000000000000000e+000 1.0000000000000000e+000</transform>
      </camera>
      <camera id="39" sensor_id="0" label="_DSC0409.JPG" enabled="1">
        <transform>9.9828088557564931e-001 5.8600697400175122e-002 1.1098461652652013e-003 -9.9620660623828989e+000 5.8594520262897423e-002 -9.9826955368884296e-001 4.9578597236255538e-003 2.6976439261302996e+001 1.3984596734792634e-003 -4.8843056918414316e-003 -9.9998709385094076e-001 2.3622429488307799e+000 0.0000000000000000e+000 0.0000000000000000e+000 0.0000000000000000e+000 1.0000000000000000e+000</transform>
      </camera>
      <camera id="40" sensor_id="0" label="_DSC0410.JPG" enabled="1">
        <transform>9.9824545217042904e-001 5.9210861152344661e-002 3.0189841443868589e-004 -8.7955777160036028e+000 5.9208803180500667e-002 -9.9823463454120143e-001 4.6831643497374856e-003 2.6839372995749102e+001 5.7865964747168654e-004 -4.6570724700911257e-003 -9.9998898835388217e-001 2.3660739797382684e+000 0.0000000000000000e+000 0.0000000000000000e+000 0.0000000000000000e+000 1.0000000000000000e+000</transform>
      </camera>
      <camera id="41" sensor_id="0" label="_DSC0411.JPG" enabled="1">
        <transform>9.9825005200772332e-001 5.9133891349382545e-002 -1.2868743712470879e-004 -7.8218522397803394e+000 5.9133561690070224e-002 -9.9823108588576481e-001 6.1580072404509066e-003 2.6743784828984491e+001 2.3568713098468081e-004 -6.1548407945460079e-003 -9.9998103101327385e-001 2.3313115644212132e+000 0.0000000000000000e+000 0.0000000000000000e+000 0.0000000000000000e+000 1.0000000000000000e+000</transform>
      </camera>
      <camera id="42" sensor_id="0" label="_DSC0412.JPG" enabled="1">
        <transform>9.9829608877417697e-001 5.8351576073874624e-002 -1.1272921512258077e-004 -6.6042799061166555e+000 5.8351496364904186e-002 -9.9828608743650704e-001 4.4710739970612702e-003 2.6718045011509712e+001 1.4835820736693392e-004 -4.4700336022726354e-003 -9.9998999834470192e-001 2.3120794375565157e+000 0.0000000000000000e+000 0.0000000000000000e+000 0.0000000000000000e+000 1.0000000000000000e+000</transform>
      </camera>
      <camera id="43" sensor_id="0" label="_DSC0413.JPG" enabled="1">
        <transform>9.9820759097607170e-001 5.9846406149958446e-002 1.1396789266948892e-004 -5.3160040860131801e+000 5.9845352403895540e-002 -9.9819826341587270e-001 4.3313634330996061e-003 2.6490189497144094e+001 3.7297908774820785e-004 -4.3167794094966724e-003 -9.9999061310700810e-001 2.3183541389625266e+000 0.0000000000000000e+000 0.0000000000000000e+000 0.0000000000000000e+000 1.0000000000000000e+000</transform>
      </camera>
      <camera id="44" sensor_id="0" label="_DSC0414.JPG" enabled="1">
        <transform>9.9840753618058042e-001 5.6382695634717483e-002 -1.8393832626068553e-003 -4.3650253804400014e+000 5.6392679611991084e-002 -9.9839109655890523e-001 5.9231746628016814e-003 2.6273255430560386e+001 -1.5024593183421374e-003 -6.0174699724669118e-003 -9.9998076615059306e-001 2.3187605538494513e+000 0.0000000000000000e+000 0.0000000000000000e+000 0.0000000000000000e+000 1.0000000000000000e+000</transform>
      </camera>
      <camera id="45" sensor_id="0" label="_DSC0415.JPG" enabled="1">
        <transform>9.9858625721580863e-001 5.3115886990798729e-002 -2.0468143306310730e-003 -3.3591209324922175e+000 5.3130389692483536e-002 -9.9855680920678891e-001 7.8396733274698500e-003 2.6126593511490707e+001 -1.6274491845270263e-003 -7.9373380888873076e-003 -9.9996717449785044e-001 2.3263072679065946e+000 0.0000000000000000e+000 0.0000000000000000e+000 0.0000000000000000e+000 1.0000000000000000e+000</transform>
      </camera>
      <camera id="46" sensor_id="0" label="_DSC0416.JPG" enabled="1">
        <transform>9.9865148989249475e-001 5.1900646131121296e-002 -1.2347739359424926e-003 -2.2655489443305528e+000 5.1906554237013659e-002 -9.9863753593283477e-001 5.3648348750025467e-003 2.6127058631570691e+001 -9.5465320442429322e-004 -5.4216932012249586e-003 -9.9998484682523614e-001 2.3270928200807730e+000 0.0000000000000000e+000 0.0000000000000000e+000 0.0000000000000000e+000 1.0000000000000000e+000</transform>
      </camera>
      <camera id="47" sensor_id="0" label="_DSC0417.JPG" enabled="1">
        <transform>9.9866955857887274e-001 5.1551949573703702e-002 -1.2285206676646667e-003 -1.1408282864949673e+000 5.1557717962171325e-002 -9.9865622343713778e-001 5.2487244933252936e-003 2.6102323988702956e+001 -9.5628782997829811e-004 -5.3050810949454383e-003 -9.9998547070853094e-001 2.3609869336275429e+000 0.0000000000000000e+000 0.0000000000000000e+000 0.0000000000000000e+000 1.0000000000000000e+000</transform>
      </camera>
      <camera id="48" sensor_id="0" label="_DSC0418.JPG" enabled="1">
        <transform>9.9870154001015754e-001 5.0936050070194895e-002 -8.6763159609824217e-004 -1.3105547486230654e-001 5.0940195929950867e-002 -9.9868528939103918e-001 5.7261848166620258e-003 2.6044929145812887e+001 -5.7482167510149542e-004 -5.7629469182834065e-003 -9.9998322887079405e-001 2.3972970990213138e+000 0.0000000000000000e+000 0.0000000000000000e+000 0.0000000000000000e+000 1.0000000000000000e+000</transform>
      </camera>
      <camera id="49" sensor_id="0" label="_DSC0419.JPG" enabled="1">
        <transform>9.9873908130976852e-001 5.0201648190954004e-002 -2.0489858882632913e-004 9.8291422839678777e-001 5.0201812080143154e-002 -9.9871271435517639e-001 7.2589427043992672e-003 2.5881074799822883e+001 1.5977606207025582e-004 -7.2600760483237155e-003 -9.9997363253606975e-001 2.4015566349914028e+000 0.0000000000000000e+000 0.0000000000000000e+000 0.0000000000000000e+000 1.0000000000000000e+000</transform>
      </camera>
      <camera id="50" sensor_id="0" label="_DSC0420.JPG" enabled="1">
        <transform>9.9868380679270863e-001 5.1280949805546094e-002 -9.5824687038513988e-004 2.1851058642781398e+000 5.1285475667241232e-002 -9.9866877022989720e-001 5.5215353924156271e-003 2.5797207674976118e+001 -6.7382164431616315e-004 -5.5634121315926589e-003 -9.9998429708163206e-001 2.3995334776374859e+000 0.0000000000000000e+000 0.0000000000000000e+000 0.0000000000000000e+000 1.0000000000000000e+000</transform>
      </camera>
      <camera id="51" sensor_id="0" label="_DSC0421.JPG" enabled="1">
        <transform>9.9872991718060655e-001 5.0381469178195727e-002 -5.0999202557167381e-004 3.2754045629825361e+000 5.0383353938449775e-002 -9.9871816795858082e-001 4.8516631549283392e-003 2.5657613959458505e+001 -2.6490438374941782e-004 -4.8711962496399428e-003 -9.9998810056558418e-001 2.4347840848950462e+000 0.0000000000000000e+000 0.0000000000000000e+000 0.0000000000000000e+000 1.0000000000000000e+000</transform>
      </camera>
      <camera id="52" sensor_id="0" label="_DSC0422.JPG" enabled="1">
        <transform>9.9881788437690733e-001 4.8597032025717316e-002 1.0781127633957930e-003 4.3342891285184049e+000 4.8596151805592236e-002 -9.9881816572245785e-001 8.2816212938333121e-004 2.5606451805359725e+001 1.1170848343010841e-003 -7.7479101447820481e-004 -9.9999907590975146e-001 2.4503613466964373e+000 0.0000000000000000e+000 0.0000000000000000e+000 0.0000000000000000e+000 1.0000000000000000e+000</transform>
      </camera>
      <camera id="53" sensor_id="0" label="_DSC0423.JPG" enabled="1">
        <transform>9.9882416636194449e-001 4.8424715233032684e-002 2.3090357220580532e-003 5.3900544762907989e+000 4.8420315008236930e-002 -9.9882519372741185e-001 1.9249597141986928e-003 2.5517184981045077e+001 2.3995386784032811e-003 -1.8108920447875141e-003 -9.9999548143185779e-001 2.4553526136433721e+000 0.0000000000000000e+000 0.0000000000000000e+000 0.0000000000000000e+000 1.0000000000000000e+000</transform>
      </camera>
      <camera id="54" sensor_id="0" label="_DSC0424.JPG" enabled="1">
        <transform>9.9882424402408687e-001 4.8363222961321832e-002 3.3358978558393334e-003 6.4570922946884934e+000 4.8358793537083132e-002 -9.9882905361565555e-001 1.3959730984904703e-003 2.5439426488193565e+001 3.3995054565167980e-003 -1.2330117791063738e-003 -9.9999346150092583e-001 2.4571826895824871e+000 0.0000000000000000e+000 0.0000000000000000e+000 0.0000000000000000e+000 1.0000000000000000e+000</transform>
      </camera>
      <camera id="55" sensor_id="0" label="_DSC0425.JPG" enabled="1">
        <transform>9.9884563759500822e-001 4.7899832137060859e-002 3.6053208822392009e-003 7.5645914133574834e+000 4.7898057349977395e-002 -9.9885206266996907e-001 5.7706329507207837e-004 2.5346441264910059e+001 3.6288234347781503e-003 -4.0370928851638188e-004 -9.9999333430742909e-001 2.4554727872512223e+000 0.0000000000000000e+000 0.0000000000000000e+000 0.0000000000000000e+000 1.0000000000000000e+000</transform>
      </camera>
      <camera id="56" sensor_id="0" label="_DSC0426.JPG" enabled="1">
        <transform>9.9888509364838707e-001 4.6970398665163053e-002 4.7277199883250702e-003 8.6760598234340431e+000 4.6970872523159783e-002 -9.9889625938705584e-001 1.0814834071214895e-005 2.5214417068136029e+001 4.7230097888351511e-003 2.1126235635279410e-004 -9.9998882421092650e-001 2.4686257711816606e+000 0.0000000000000000e+000 0.0000000000000000e+000 0.0000000000000000e+000 1.0000000000000000e+000</transform>
      </camera>
      <camera id="57" sensor_id="0" label="_DSC0427.JPG" enabled="1">
        <transform>9.9858574783387177e-001 5.2865695416564093e-002 5.6322705181856810e-003 9.9171526788923128e+000 5.2855457271417119e-002 -9.9860026657316348e-001 1.9514703780224261e-003 2.4980911667454961e+001 5.7275526794913706e-003 -1.6510142730981475e-003 -9.9998223448828016e-001 2.4765457353032656e+000 0.0000000000000000e+000 0.0000000000000000e+000 0.0000000000000000e+000 1.0000000000000000e+000</transform>
      </camera>
      <camera id="58" sensor_id="0" label="_DSC0428.JPG" enabled="1">
        <transform>9.9915874180813902e-001 4.0630961815013182e-002 5.5617992019409710e-003 9.5754590177017125e+000 4.0603857052994206e-002 -9.9916329586378594e-001 4.9025494425339973e-003 2.2596127797085746e+001 5.7563409207397288e-003 -4.6725946329013958e-003 -9.9997251532159659e-001 2.3000657861370266e+000 0.0000000000000000e+000 0.0000000000000000e+000 0.0000000000000000e+000 1.0000000000000000e+000</transform>
      </camera>
      <camera id="59" sensor_id="0" label="_DSC0429.JPG" enabled="1">
        <transform>9.9847914786947034e-001 5.5098768628498343e-002 1.8753574270813143e-003 8.2166245452434072e+000 5.5083462829788682e-002 -9.9845420962209508e-001 7.4164284259126585e-003 2.2823574920414305e+001 2.2810945915045793e-003 -7.3018479538129871e-003 -9.9997073938387016e-001 2.2975171940211507e+000 0.0000000000000000e+000 0.0000000000000000e+000 0.0000000000000000e+000 1.0000000000000000e+000</transform>
      </camera>
      <camera id="60" sensor_id="0" label="_DSC0430.JPG" enabled="1">
        <transform>9.9911809255342576e-001 4.1967063626143490e-002 1.3426477586917808e-003 6.8269107764966126e+000 4.1966158902468305e-002 -9.9911879092745237e-001 6.9507023999010624e-004 2.3139161909537467e+001 1.3706346622918894e-003 -6.3811148317826456e-004 -9.9999885708652569e-001 2.2603065834916793e+000 0.0000000000000000e+000 0.0000000000000000e+000 0.0000000000000000e+000 1.0000000000000000e+000</transform>
      </camera>
      <camera id="61" sensor_id="0" label="_DSC0431.JPG" enabled="1">
        <transform>9.9892002101133559e-001 4.6435160045033209e-002 1.6023527403369582e-003 5.6456956488815040e+000 4.6435516053949362e-002 -9.9892127236002093e-001 -1.8567563186626466e-004 2.3565060853611154e+001 1.5920023604647879e-003 2.5988118248314871e-004 -9.9999869899428129e-001 2.2685823982264743e+000 0.0000000000000000e+000 0.0000000000000000e+000 0.0000000000000000e+000 1.0000000000000000e+000</transform>
      </camera>
      <camera id="62" sensor_id="0" label="_DSC0432.JPG" enabled="1">
        <transform>9.9896669858266196e-001 4.5412373362775128e-002 1.8031828571666007e-003 4.4545418844390321e+000 4.5410226107107328e-002 -9.9896768541751657e-001 1.2144366887814752e-003 2.3805303456275993e+001 1.8564718575446600e-003 -1.1312988683732949e-003 -9.9999763683476406e-001 2.2638494334723891e+000 0.0000000000000000e+000 0.0000000000000000e+000 0.0000000000000000e+000 1.0000000000000000e+000</transform>
      </camera>
      <camera id="63" sensor_id="0" label="_DSC0433.JPG" enabled="1">
        <transform>9.9901150779087167e-001 4.4405906341311183e-002 2.0304638423197506e-003 3.3807286573566180e+000 4.4406051082272080e-002 -9.9901356444193090e-001 -2.6235597100657453e-005 2.4033448192250649e+001 2.0272959051186525e-003 1.1637454452007894e-004 -9.9999793826201389e-001 2.2742787099216262e+000 0.0000000000000000e+000 0.0000000000000000e+000 0.0000000000000000e+000 1.0000000000000000e+000</transform>
      </camera>
      <camera id="64" sensor_id="0" label="_DSC0434.JPG" enabled="1">
        <transform>9.9897807723288568e-001 4.5132564266786253e-002 2.4192665812869532e-003 2.2140736596693738e+000 4.5136516055855162e-002 -9.9897953955332142e-001 -1.6045161805098645e-003 2.4239326727710107e+001 2.3443818857968183e-003 1.7120737537844502e-003 -9.9999578632964004e-001 2.2689516668839960e+000 0.0000000000000000e+000 0.0000000000000000e+000 0.0000000000000000e+000 1.0000000000000000e+000</transform>
      </camera>
      <camera id="65" sensor_id="0" label="_DSC0435.JPG" enabled="1">
        <transform>9.9897941946240643e-001 4.5089547000957450e-002 2.6556057318035905e-003 1.1384460003366268e+000 4.5090000360587523e-002 -9.9898292254275600e-001 -1.1106491842044972e-004 2.4331376940079622e+001 2.6478969082191690e-003 2.3069283113090250e-004 -9.9999646770515205e-001 2.2732624762668481e+000 0.0000000000000000e+000 0.0000000000000000e+000 0.0000000000000000e+000 1.0000000000000000e+000</transform>
      </camera>
      <camera id="66" sensor_id="0" label="_DSC0436.JPG" enabled="1">
        <transform>9.9905998465762069e-001 4.3236295747359370e-002 3.1256656828991159e-003 -5.0393071706711305e-002 4.3242495826034809e-002 -9.9906271450205963e-001 -1.9439769832418209e-003 2.4507580801726007e+001 3.0386856780096221e-003 2.0773112002986870e-003 -9.9999322556081716e-001 2.2573452969639396e+000 0.0000000000000000e+000 0.0000000000000000e+000 0.0000000000000000e+000 1.0000000000000000e+000</transform>
      </camera>
      <camera id="67" sensor_id="0" label="_DSC0437.JPG" enabled="1">
        <transform>9.9906996475355014e-001 4.2952211724368382e-002 3.7832572375358351e-003 -1.1333774415465703e+000 4.2957855694636039e-002 -9.9907587130136100e-001 -1.4233824311008479e-003 2.4616790784446412e+001 3.7186235974029044e-003 1.5845792537364982e-003 -9.9999183044019391e-001 2.2534150389749543e+000 0.0000000000000000e+000 0.0000000000000000e+000 0.0000000000000000e+000 1.0000000000000000e+000</transform>
      </camera>
      <camera id="68" sensor_id="0" label="_DSC0438.JPG" enabled="1">
        <transform>9.9910261771221309e-001 4.2102207085196117e-002 4.6220600556946528e-003 -2.2782231091497911e+000 4.2105853434525581e-002 -9.9911291399342417e-001 -6.9440486660463400e-004 2.4700610307345968e+001 4.5887239134029360e-003 8.8839750324744412e-004 -9.9998907712170670e-001 2.2583855932266452e+000 0.0000000000000000e+000 0.0000000000000000e+000 0.0000000000000000e+000 1.0000000000000000e+000</transform>
      </camera>
      <camera id="69" sensor_id="0" label="_DSC0439.JPG" enabled="1">
        <transform>9.9915404213957171e-001 4.0825440220412734e-002 4.9480811397273252e-003 -3.4273615261872195e+000 4.0829382233023542e-002 -9.9916588912314153e-001 -6.9825441765180836e-004 2.4774364176540182e+001 4.9154473474426180e-003 8.9969082001255848e-004 -9.9998751438895617e-001 2.2385895303419705e+000 0.0000000000000000e+000 0.0000000000000000e+000 0.0000000000000000e+000 1.0000000000000000e+000</transform>
      </camera>
      <camera id="70" sensor_id="0" label="_DSC0440.JPG" enabled="1">
        <transform>9.9913517709932231e-001 4.1227231078063371e-002 5.4049329637370983e-003 -4.5913226166555114e+000 4.1240256627049700e-002 -9.9914656290606341e-001 -2.3210054577735705e-003 2.4905470697815687e+001 5.3046315651145270e-003 2.5418990215776076e-003 -9.9998269966701048e-001 2.2425628816631678e+000 0.0000000000000000e+000 0.0000000000000000e+000 0.0000000000000000e+000 1.0000000000000000e+000</transform>
      </camera>
      <camera id="71" sensor_id="0" label="_DSC0441.JPG" enabled="1">
        <transform>9.9922961019259071e-001 3.8819988216959533e-002 5.7614780394282215e-003 -5.7112007988249900e+000 3.8821354117803408e-002 -9.9924615923331739e-001 -1.2538709630218148e-004 2.4968294953303882e+001 5.7522672768047442e-003 3.4895887857180029e-004 -9.9998339468657038e-001 2.2313198605732687e+000 0.0000000000000000e+000 0.0000000000000000e+000 0.0000000000000000e+000 1.0000000000000000e+000</transform>
      </camera>
      <camera id="72" sensor_id="0" label="_DSC0442.JPG" enabled="1">
        <transform>9.9919901668933397e-001 3.9686490527010690e-002 5.1290853685280208e-003 -6.8370889768906880e+000 3.9698655684365466e-002 -9.9920906867243575e-001 -2.2921212048360958e-003 2.5158986905512634e+001 5.0340623677458136e-003 2.4939030480259088e-003 -9.9998421920731562e-001 2.2443374880304430e+000 0.0000000000000000e+000 0.0000000000000000e+000 0.0000000000000000e+000 1.0000000000000000e+000</transform>
      </camera>
      <camera id="73" sensor_id="0" label="_DSC0443.JPG" enabled="1">
        <transform>9.9913897798065243e-001 4.1100250890800126e-002 5.6632196223602039e-003 -7.9500369514690483e+000 4.1109346535824910e-002 -9.9915352889746945e-001 -1.4991061107250923e-003 2.5331628447869381e+001 5.5968122333398592e-003 1.7306266053185083e-003 -9.9998284016495886e-001 2.2424054514368690e+000 0.0000000000000000e+000 0.0000000000000000e+000 0.0000000000000000e+000 1.0000000000000000e+000</transform>
      </camera>
      <camera id="74" sensor_id="0" label="_DSC0444.JPG" enabled="1">
        <transform>9.9907277440408915e-001 4.2722175185097994e-002 5.3298397695661706e-003 -8.9866349926206315e+000 4.2731927303148620e-002 -9.9908507722505524e-001 -1.7294089059140343e-003 2.5510832619724226e+001 5.2510792675290602e-003 1.9555596792812072e-003 -9.9998430085320189e-001 2.2443464098944217e+000 0.0000000000000000e+000 0.0000000000000000e+000 0.0000000000000000e+000 1.0000000000000000e+000</transform>
      </camera>
      <camera id="75" sensor_id="0" label="_DSC0445.JPG" enabled="1">
        <transform>9.9910142124222823e-001 4.1960105876731504e-002 5.9749131016668105e-003 -1.0105837613540352e+001 4.1968224881204719e-002 -9.9911817649266832e-001 -1.2399605985479261e-003 2.5658381704548898e+001 5.9176154048414496e-003 1.4896028929900066e-003 -9.9998138128224245e-001 2.2395923703474945e+000 0.0000000000000000e+000 0.0000000000000000e+000 0.0000000000000000e+000 1.0000000000000000e+000</transform>
      </camera>
      <camera id="76" sensor_id="0" label="_DSC0446.JPG" enabled="1">
        <transform>9.9923737073807350e-001 3.8443622023388253e-002 6.8384827400417136e-003 -1.1216962765759540e+001 3.8460580779547372e-002 -9.9925731738998114e-001 -2.3658758797627916e-003 2.5754696824703839e+001 6.7424510797559189e-003 2.6270836114197118e-003 -9.9997381854983369e-001 2.2291140306106647e+000 0.0000000000000000e+000 0.0000000000000000e+000 0.0000000000000000e+000 1.0000000000000000e+000</transform>
      </camera>
      <camera id="77" sensor_id="0" label="_DSC0447.JPG" enabled="1">
        <transform>9.9929531691806228e-001 3.6955969590171271e-002 6.5670310856704890e-003 -1.2363959068332882e+001 3.6949316904668232e-002 -9.9931650021477691e-001 1.1315382309591401e-003 2.5796754218198892e+001 6.6043596137873219e-003 -8.8809354240397087e-004 -9.9997779661548070e-001 2.2036906998908408e+000 0.0000000000000000e+000 0.0000000000000000e+000 0.0000000000000000e+000 1.0000000000000000e+000</transform>
      </camera>
      <camera id="78" sensor_id="0" label="_DSC0448.JPG" enabled="1">
        <transform>9.9938873568223674e-001 3.4241506290314083e-002 7.0479953483777091e-003 -1.3565706366374439e+001 3.4235526787959936e-002 -9.9941332438615926e-001 9.6733911144206153e-004 2.5893845266481854e+001 7.0769836096496634e-003 -7.2545597800925806e-004 -9.9997469468812694e-001 2.2204394821441835e+000 0.0000000000000000e+000 0.0000000000000000e+000 0.0000000000000000e+000 1.0000000000000000e+000</transform>
      </camera>
      <camera id="79" sensor_id="0" label="_DSC0449.JPG" enabled="1">
