<?xml version="1.0" encoding="UTF-8"?>
<document version="1.5.0">
  <chunk label="SonyA9" enabled="true">
    <sensors next_id="1">
      <sensor id="0" label="SonyA9" type="frame">
        <resolution width="6000" height="4000"/>
        <property name="pixel_width" value="0.006"/>
        <property name="pixel_height" value="0.006"/>
        <property name="focal_length" value="55"/>
        <property name="fixed" value="true"/>
        <property name="layer_index" value="0"/>
        <calibration type="frame" class="initial">
          <resolution width="6000" height="4000"/>
          <f>9227.77018581081</f>
          <cx>-37.8304617831239</cx>
          <cy>31.7622333680372</cy>
          <k1>-0.017282082281574</k1>
        </calibration>
      </sensor>
    </sensors>
    <cameras next_id="565" next_group_id="0">
      <camera id="0" sensor_id="0" label="DSC00003.JPG">
        <transform>9.9084205517408619e-001 1.3389284825786546e-001 1.7456428150937731e-002 -2.3617669923652368e+001 1.3342501495552128e-001 -9.9072646032633316e-001 2.5667999403410774e-002 9.1154884197162254e+000 2.0731306821123355e-002 -2.3103809093973908e-002 -9.9951809734633501e-001 3.8856940408317409e-001 0 0 0 1</transform>
        <rotation_covariance>7.9819266693574116e-009 -2.3079324845676546e-010 -2.2856115738240601e-011 -2.3079324845676544e-010 3.5916077397637659e-009 -1.0017930268884526e-010 -2.2856115738240646e-011 -1.0017930268884527e-010 1.1488683117205247e-010</rotation_covariance>
        <location_covariance>2.5571031639288222e-006 -5.6631230559266730e-007 1.5913934439306933e-007 -5.6631230559266730e-007 5.6995105021256256e-006 -4.9794859458838065e-007 1.5913934439306933e-007 -4.9794859458838065e-007 1.4397676225007139e-007</location_covariance>
      </camera>
      <camera id="1" sensor_id="0" label="DSC00004.JPG">
        <transform>9.9435496902930498e-001 1.0512044869409708e-001 1.4418281211046179e-002 -2.3395801299492277e+001 1.0478291625113322e-001 -9.9424165132313513e-001 2.2451708980687005e-002 9.1710930059136846e+000 1.6695389442510991e-002 -2.0814178835523667e-002 -9.9964395358085656e-001 3.7316246675605624e-001 0 0 0 1</transform>
        <rotation_covariance>7.8305809398315402e-009 -3.7124043224659804e-010 -4.2251880568513541e-011 -3.7124043224659794e-010 3.5439569258227346e-009 -8.7542108056401482e-011 -4.2251880568513547e-011 -8.7542108056401482e-011 1.1335142842861662e-010</rotation_covariance>
        <location_covariance>2.5080212758335712e-006 -5.5768942930417139e-007 1.3418818686969936e-007 -5.5768942930417139e-007 5.6082493654644648e-006 -4.9511253127172930e-007 1.3418818686969936e-007 -4.9511253127172930e-007 1.4192184952930795e-007</location_covariance>
      </camera>
      <camera id="2" sensor_id="0" label="DSC00005.JPG">
        <transform>9.9669110179183962e-001 7.9774649357405247e-002 1.5583739245476945e-002 -2.1877750920874639e+001 7.9448016774711333e-002 -9.9662692096191219e-001 2.0561931926342307e-002 9.2164039291775754e+000 1.7171494970827796e-002 -1.9255797409647543e-002 -9.9966712160928117e-001 4.0381288659333175e-001 0 0 0 1</transform>
        <rotation_covariance>8.1737973277244397e-009 -2.7966847433724656e-010 -3.5754649371439891e-011 -2.7966847433724651e-010 3.2228545197755691e-009 -6.8761447505919824e-011 -3.5754649371439917e-011 -6.8761447505919837e-011 1.0721835803054867e-010</rotation_covariance>
        <location_covariance>2.2318387583890547e-006 -3.7272889664358833e-007 3.2529678571458362e-009 -3.7272889664358833e-007 5.8794793890678498e-006 -4.4611801693547640e-007 3.2529678571458362e-009 -4.4611801693547640e-007 1.3324081300199397e-007</location_covariance>
      </camera>
      <camera id="3" sensor_id="0" label="DSC00006.JPG">
        <transform>9.9836883308065005e-001 5.5270732337180321e-002 1.4311508658866535e-002 -2.0003839706076086e+001 5.5024043569486723e-002 -9.9833871772000293e-001 1.7092668909314553e-002 9.3274226363029751e+000 1.5232457531346305e-002 -1.6277310837235721e-002 -9.9975147981359036e-001 3.7047850186797382e-001 0 0 0 1</transform>
        <rotation_covariance>7.9642174359866026e-009 -2.3420234905345454e-010 -3.9266225098947237e-011 -2.3420234905345454e-010 3.3028756736635921e-009 -5.5671032533470686e-011 -3.9266225098947257e-011 -5.5671032533470686e-011 1.0504519955056489e-010</rotation_covariance>
        <location_covariance>2.2348018464018844e-006 -1.3332814587682578e-007 -9.5533027885310357e-008 -1.3332814587682578e-007 5.7540105599136192e-006 -4.4158417557978856e-007 -9.5533027885310357e-008 -4.4158417557978856e-007 1.4565726362034985e-007</location_covariance>
      </camera>
      <camera id="4" sensor_id="0" label="DSC00007.JPG">
        <transform>9.9860547705222580e-001 5.1216814014623926e-002 1.2803872987815540e-002 -1.8151322316056444e+001 5.1047447510911767e-002 -9.9860869799193885e-001 1.3222193368170421e-002 9.3815502384156879e+000 1.3463257552219611e-002 -1.2550149681816704e-002 -9.9983060287182979e-001 3.4221597437676488e-001 0 0 0 1</transform>
        <rotation_covariance>7.7451118206353638e-009 -2.2081469373120484e-010 -4.3625402910125803e-011 -2.2081469373120489e-010 3.3069634863340707e-009 -4.8671082814004578e-011 -4.3625402910125778e-011 -4.8671082814004572e-011 1.0486935043233808e-010</rotation_covariance>
        <location_covariance>2.2318819532094609e-006 1.5943098639407203e-008 -1.8759689960534810e-007 1.5943098639407203e-008 5.6009486999868262e-006 -4.3439423970863352e-007 -1.8759689960534810e-007 -4.3439423970863352e-007 1.6679617269087263e-007</location_covariance>
      </camera>
      <camera id="5" sensor_id="0" label="DSC00008.JPG">
        <transform>9.9867825781171204e-001 4.9990231516642614e-002 1.1946301815901868e-002 -1.6128213351006657e+001 4.9857973887573584e-002 -9.9869436944823808e-001 1.1123797562534269e-002 9.3845341305473422e+000 1.2486785574765810e-002 -1.0513476366011581e-002 -9.9986676462452295e-001 3.2614906708295244e-001 0 0 0 1</transform>
        <rotation_covariance>7.5338812152721298e-009 -1.5404716251785878e-010 -4.1106331099731676e-011 -1.5404716251785875e-010 3.3677038883446391e-009 -4.8088605213936056e-011 -4.1106331099731721e-011 -4.8088605213936056e-011 1.0717329756879467e-010</rotation_covariance>
        <location_covariance>2.2955523456318213e-006 2.0550513769260395e-007 -2.8664637952095987e-007 2.0550513769260395e-007 5.4551111685061110e-006 -4.1771229216537683e-007 -2.8664637952095987e-007 -4.1771229216537683e-007 2.0050843807532247e-007</location_covariance>
      </camera>
      <camera id="6" sensor_id="0" label="DSC00009.JPG">
        <transform>9.9873121688890398e-001 4.9109470382319005e-002 1.1145238013452768e-002 -1.4404638223800164e+001 4.8993573299135611e-002 -9.9874448734451826e-001 1.0444078433144526e-002 9.3738589984761376e+000 1.1644148186561652e-002 -9.8847821272691830e-003 -9.9988334564353343e-001 3.3759746181251982e-001 0 0 0 1</transform>
        <rotation_covariance>7.5304792075368222e-009 -1.3906062512372580e-010 -3.9986360380753990e-011 -1.3906062512372588e-010 3.4290904754762438e-009 -5.2119171576934505e-011 -3.9986360380753990e-011 -5.2119171576934498e-011 1.1148080391310558e-010</rotation_covariance>
        <location_covariance>2.3854744110963850e-006 3.3355243710210920e-007 -3.7300561269052301e-007 3.3355243710210920e-007 5.4507773456726855e-006 -4.0082127135983814e-007 -3.7300561269052301e-007 -4.0082127135983814e-007 2.4037572490337137e-007</location_covariance>
      </camera>
      <camera id="7" sensor_id="0" label="DSC00010.JPG">
        <transform>9.9874963746861023e-001 4.8838016241940362e-002 1.0677538380685494e-002 -1.2936148282724069e+001 4.8761242016042740e-002 -9.9878352050068198e-001 7.3362424521474946e-003 9.3637235274618291e+000 1.1022836902174999e-002 -6.8064194563479501e-003 -9.9991608133923537e-001 3.5450958927812870e-001 0 0 0 1</transform>
        <rotation_covariance>7.5390291958632366e-009 -1.9296581245798320e-010 -3.5555225332980128e-011 -1.9296581245798314e-010 3.5641848633793733e-009 -4.6238060792862897e-011 -3.5555225332980141e-011 -4.6238060792862897e-011 1.1562070257159527e-010</rotation_covariance>
        <location_covariance>2.5402729142503066e-006 4.0141430744643253e-007 -4.4378101226047395e-007 4.0141430744643253e-007 5.4533063649420198e-006 -3.8818940907398876e-007 -4.4378101226047395e-007 -3.8818940907398876e-007 2.8329015900326106e-007</location_covariance>
      </camera>
      <camera id="8" sensor_id="0" label="DSC00011.JPG">
        <transform>9.9880640738969317e-001 4.7814491987427397e-002 9.9767185625866759e-003 -1.1437843207230616e+001 4.7763389795305568e-002 -9.9884462122273332e-001 5.2991744334524504e-003 9.3443228288233939e+000 1.0218569007180994e-002 -4.8163274804250708e-003 -9.9993618988265787e-001 3.4412756427876179e-001 0 0 0 1</transform>
        <rotation_covariance>7.3656478274098801e-009 -9.9726034332146232e-011 -5.1118111908331401e-011 -9.9726034332146167e-011 3.5962377009200652e-009 -3.9696422465715524e-011 -5.1118111908331408e-011 -3.9696422465715518e-011 1.1823815836283097e-010</rotation_covariance>
        <location_covariance>2.6238777565558253e-006 5.7152418815444674e-007 -5.1875561697868659e-007 5.7152418815444674e-007 5.3349202419987742e-006 -3.7121717031714344e-007 -5.1875561697868659e-007 -3.7121717031714344e-007 3.3430989177403354e-007</location_covariance>
      </camera>
      <camera id="9" sensor_id="0" label="DSC00012.JPG">
        <transform>9.9884838077194971e-001 4.7001627081923215e-002 9.6311619706818848e-003 -9.7809248797018338e+000 4.6954630850057001e-002 -9.9888426223392601e-001 5.0490893357341970e-003 9.3033990994751505e+000 9.8577315336015117e-003 -4.5910470523805470e-003 -9.9994087195992454e-001 3.4526197444403750e-001 0 0 0 1</transform>
        <rotation_covariance>7.4098398208195645e-009 -1.6718795355716445e-010 -5.7561430777053045e-011 -1.6718795355716435e-010 3.6958289292037055e-009 -4.0353165207488589e-011 -5.7561430777053039e-011 -4.0353165207488582e-011 1.2279834528852011e-010</rotation_covariance>
        <location_covariance>2.7869243165203887e-006 6.4453730317226854e-007 -5.9101317384920693e-007 6.4453730317226854e-007 5.3491860611634703e-006 -3.5567695133769697e-007 -5.9101317384920693e-007 -3.5567695133769697e-007 4.0278260565603515e-007</location_covariance>
      </camera>
      <camera id="10" sensor_id="0" label="DSC00013.JPG">
        <transform>9.9890630757300181e-001 4.5952501410983705e-002 8.6345992926778557e-003 -8.2229251560549059e+000 4.5912452992898443e-002 -9.9893402817859966e-001 4.7805864756856054e-003 9.2967604568811186e+000 8.8450749599120488e-003 -4.3789223503229516e-003 -9.9995129365784785e-001 3.6599664105074947e-001 0 0 0 1</transform>
        <rotation_covariance>7.4059813567383218e-009 -1.4588549157505859e-010 -7.5777808362294972e-011 -1.4588549157505859e-010 3.7795500875866365e-009 -4.0823847472732284e-011 -7.5777808362294985e-011 -4.0823847472732291e-011 1.2686576110706573e-010</rotation_covariance>
        <location_covariance>2.9477323062239541e-006 7.7280399217661242e-007 -6.5761228812982967e-007 7.7280399217661242e-007 5.3506979425222854e-006 -3.3785873901817491e-007 -6.5761228812982967e-007 -3.3785873901817491e-007 4.7919821057935547e-007</location_covariance>
      </camera>
      <camera id="11" sensor_id="0" label="DSC00014.JPG">
        <transform>9.9894975227427185e-001 4.5088714698851368e-002 8.1486341172537814e-003 -6.7324680991473640e+000 4.5065151125019451e-002 -9.9897938589933366e-001 3.0526549542000308e-003 9.2921006049084536e+000 8.2779577946765007e-003 -2.6822294823204175e-003 -9.9996213981317994e-001 3.5760389003828491e-001 0 0 0 1</transform>
        <rotation_covariance>7.5100528018751368e-009 -1.4050916816815421e-010 -9.1665429108430334e-011 -1.4050916816815426e-010 3.9169268209515902e-009 -3.9396920089878033e-011 -9.1665429108430321e-011 -3.9396920089878040e-011 1.3163010429115850e-010</rotation_covariance>
        <location_covariance>3.1492679782323913e-006 8.8594715302348982e-007 -7.1988035657058255e-007 8.8594715302348982e-007 5.4094882240434410e-006 -3.3540865453547247e-007 -7.1988035657058255e-007 -3.3540865453547247e-007 5.6300086035924043e-007</location_covariance>
      </camera>
      <camera id="12" sensor_id="0" label="DSC00015.JPG">
        <transform>9.9900983363618290e-001 4.3895947302837794e-002 7.2455578523488717e-003 -5.1157594090877421e+000 4.3881122474255914e-002 -9.9903435360173387e-001 2.1925815754539847e-003 9.2773807118848826e+000 7.3348066507986243e-003 -1.8724673434148183e-003 -9.9997134682821953e-001 3.5380211213123713e-001 0 0 0 1</transform>
        <rotation_covariance>7.4827745525135339e-009 -5.4831459962931764e-011 -1.0695881675113838e-010 -5.4831459962931822e-011 3.9570897069880772e-009 -3.8074197870917907e-011 -1.0695881675113840e-010 -3.8074197870917901e-011 1.3482890127128129e-010</rotation_covariance>
        <location_covariance>3.3120174557690273e-006 1.0573529047003134e-006 -7.9663721928335183e-007 1.0573529047003134e-006 5.3858830904755995e-006 -3.2509330514830094e-007 -7.9663721928335183e-007 -3.2509330514830094e-007 6.6262168882585143e-007</location_covariance>
      </camera>
      <camera id="13" sensor_id="0" label="DSC00016.JPG">
        <transform>9.9904734595549360e-001 4.3219748309037832e-002 6.0377061362715152e-003 -3.5811353180900962e+000 4.3214874016546966e-002 -9.9906536296837978e-001 9.3551087303020831e-004 9.2660643711371851e+000 6.0724956170032495e-003 -6.7370094478543018e-004 -9.9998133528782351e-001 3.2893700452740893e-001 0 0 0 1</transform>
        <rotation_covariance>7.5309423344103458e-009 -3.8008269369240227e-015 -1.1720044931487236e-010 -3.8008269368791397e-015 4.0107278362954151e-009 -3.2631289542750975e-011 -1.1720044931487239e-010 -3.2631289542750981e-011 1.3846538722170270e-010</rotation_covariance>
        <location_covariance>3.4922683435490752e-006 1.2013418747592686e-006 -8.6707840279479847e-007 1.2013418747592686e-006 5.4015890558613807e-006 -3.1774558904675848e-007 -8.6707840279479847e-007 -3.1774558904675848e-007 7.6841945061058874e-007</location_covariance>
      </camera>
      <camera id="14" sensor_id="0" label="DSC00017.JPG">
        <transform>9.9909550056080110e-001 4.2033863511726749e-002 6.4292361474527493e-003 -1.9978575296845604e+000 4.2023693645831167e-002 -9.9911515298913833e-001 1.7088709289888116e-003 9.2242737776796577e+000 6.4953777044538252e-003 -1.4371450059546200e-003 -9.9997787209653211e-001 3.1947659707912079e-001 0 0 0 1</transform>
        <rotation_covariance>7.4776369667988770e-009 1.9767329812767019e-011 -1.1204943460086941e-010 1.9767329812767051e-011 4.0368899099687015e-009 -3.4433776226474581e-011 -1.1204943460086944e-010 -3.4433776226474581e-011 1.4085644442275294e-010</rotation_covariance>
        <location_covariance>3.6802614067578130e-006 1.3280554272547304e-006 -9.3046052800341523e-007 1.3280554272547304e-006 5.3518314748793233e-006 -3.0749966421747742e-007 -9.3046052800341523e-007 -3.0749966421747742e-007 8.8737941746976622e-007</location_covariance>
      </camera>
      <camera id="15" sensor_id="0" label="DSC00018.JPG">
        <transform>9.9915002452596813e-001 4.0818558245157316e-002 5.7509818765952170e-003 -3.8634610620769472e-001 4.0817188553765371e-002 -9.9916656810569959e-001 3.5538492462481458e-004 9.2236432783741957e+000 5.7606951251209688e-003 -1.2034394452876832e-004 -9.9998339981672213e-001 2.9563619711433808e-001 0 0 0 1</transform>
        <rotation_covariance>7.4018126928820328e-009 -1.2076766801970743e-010 -1.0638471904739767e-010 -1.2076766801970738e-010 4.0479872732765193e-009 -2.4351288943302591e-011 -1.0638471904739763e-010 -2.4351288943302588e-011 1.4435126604689198e-010</rotation_covariance>
        <location_covariance>3.8890972942051500e-006 1.3553535767737565e-006 -9.9826609066804965e-007 1.3553535767737565e-006 5.2814236620923736e-006 -2.8808151755248404e-007 -9.9826609066804965e-007 -2.8808151755248404e-007 1.0215794874813518e-006</location_covariance>
      </camera>
      <camera id="16" sensor_id="0" label="DSC00019.JPG">
        <transform>9.9918191447187510e-001 4.0032278936278892e-002 5.7374589746958162e-003 1.2179784977383223e+000 4.0038088722921528e-002 -9.9919774774740389e-001 -9.0130346214684781e-004 9.2308385208291881e+000 5.6967748537062931e-003 1.1302830103010102e-003 -9.9998313446606824e-001 2.8179795216432113e-001 0 0 0 1</transform>
        <rotation_covariance>7.3569322026885264e-009 -1.9238276564414053e-010 -9.6337781581537974e-011 -1.9238276564414056e-010 3.9352026090135293e-009 -1.5655411714846995e-011 -9.6337781581537948e-011 -1.5655411714846995e-011 1.4696948140488414e-010</rotation_covariance>
        <location_covariance>4.0295457513329498e-006 1.4245252661396031e-006 -1.0460708295934429e-006 1.4245252661396031e-006 5.2392744087370613e-006 -2.7279639679582812e-007 -1.0460708295934429e-006 -2.7279639679582812e-007 1.1663579743321436e-006</location_covariance>
      </camera>
      <camera id="17" sensor_id="0" label="DSC00020.JPG">
        <transform>9.9923331066163268e-001 3.8859921666168883e-002 4.7641738310708562e-003 2.8087854166762507e+000 3.8863797930244269e-002 -9.9924425513519166e-001 -7.2373320582261606e-004 9.2238744551671008e+000 4.7324491154774970e-003 9.0833221636518475e-004 -9.9998838936157364e-001 2.7968635031768668e-001 0 0 0 1</transform>
        <rotation_covariance>7.1551449592393941e-009 -1.3962535233075705e-010 -1.0254138762874587e-010 -1.3962535233075700e-010 3.8933546168572595e-009 -1.6556222148249477e-011 -1.0254138762874590e-010 -1.6556222148249473e-011 1.4946156070347336e-010</rotation_covariance>
        <location_covariance>4.2308011643029293e-006 1.5770138070558748e-006 -1.0954190508638588e-006 1.5770138070558748e-006 5.1073192782668510e-006 -2.5737742810103433e-007 -1.0954190508638588e-006 -2.5737742810103433e-007 1.3215167607269434e-006</location_covariance>
      </camera>
      <camera id="18" sensor_id="0" label="DSC00021.JPG">
        <transform>9.9926442321837250e-001 3.8129243132857094e-002 4.0955229420429522e-003 4.4797044131100288e+000 3.8140008828169231e-002 -9.9926906550339234e-001 -2.5834965771499400e-003 9.2281242573491138e+000 3.9940226139199104e-003 2.7377994982178619e-003 -9.9998827604990803e-001 2.6677286590999727e-001 0 0 0 1</transform>
        <rotation_covariance>7.2377080931072789e-009 -1.2201325428515700e-010 -1.0835335884698292e-010 -1.2201325428515698e-010 3.9596115068438937e-009 -1.0149832637099928e-011 -1.0835335884698293e-010 -1.0149832637099928e-011 1.5346914847393059e-010</rotation_covariance>
        <location_covariance>4.5338848043044400e-006 1.7109453887105591e-006 -1.1434851911747638e-006 1.7109453887105591e-006 5.1502436913363954e-006 -2.5493289842083715e-007 -1.1434851911747638e-006 -2.5493289842083715e-007 1.5000525953632830e-006</location_covariance>
      </camera>
      <camera id="19" sensor_id="0" label="DSC00022.JPG">
        <transform>9.9931129020208664e-001 3.6939057659470448e-002 3.5286390962750002e-003 6.0256916964893428e+000 3.6946619356430038e-002 -9.9931502916392478e-001 -2.1023332835879345e-003 9.2257648623708288e+000 3.4485638710211380e-003 2.2312566715933370e-003 -9.9999156441486692e-001 2.6309035484494347e-001 0 0 0 1</transform>
        <rotation_covariance>7.5830910841914304e-009 -1.5134898034067217e-010 -1.0931252687068877e-010 -1.5134898034067204e-010 4.1773418160803528e-009 -9.9538320292496676e-012 -1.0931252687068873e-010 -9.9538320292496692e-012 1.5974079956903107e-010</rotation_covariance>
        <location_covariance>4.9368311936062900e-006 1.8031692009432790e-006 -1.1917636920208152e-006 1.8031692009432790e-006 5.3599651912234261e-006 -2.5051942990633477e-007 -1.1917636920208152e-006 -2.5051942990633477e-007 1.6800148912343460e-006</location_covariance>
      </camera>
      <camera id="20" sensor_id="0" label="DSC00023.JPG">
        <transform>9.9934603271007683e-001 3.6035606681888488e-002 2.9903106356280714e-003 7.6781489606846334e+000 3.6041213741611691e-002 -9.9934860525299074e-001 -1.8428485921460046e-003 9.2622972259909542e+000 2.9219545959472517e-003 1.9494178542189468e-003 -9.9999383095665584e-001 2.4710961774085638e-001 0 0 0 1</transform>
        <rotation_covariance>7.7070973455232154e-009 -1.3044521298313931e-010 -1.1089436477994630e-010 -1.3044521298313929e-010 4.2187660294690921e-009 -5.3349169013492017e-012 -1.1089436477994633e-010 -5.3349169013492009e-012 1.6346773565391284e-010</rotation_covariance>
        <location_covariance>5.2593800733124010e-006 1.9388398733591747e-006 -1.2435430364312544e-006 1.9388398733591747e-006 5.4339797932900790e-006 -2.5294061462206157e-007 -1.2435430364312544e-006 -2.5294061462206157e-007 1.8846906025183911e-006</location_covariance>
      </camera>
      <camera id="21" sensor_id="0" label="DSC00024.JPG">
        <transform>9.9937851926931209e-001 3.5160153522855744e-002 2.5177027874903270e-003 8.9441094159164773e+000 3.5167492856335622e-002 -9.9937712940593471e-001 -2.9326893038981315e-003 9.2943677080751694e+000 2.4130207782995078e-003 3.0194079888001073e-003 -9.9999253022516155e-001 2.1058785974360805e-001 0 0 0 1</transform>
        <rotation_covariance>8.0419669072627710e-009 -1.6354260821978188e-010 -1.1173504763653123e-010 -1.6354260821978188e-010 4.3980101038874418e-009 -1.0270369339095057e-012 -1.1173504763653125e-010 -1.0270369339095073e-012 1.6977371113730053e-010</rotation_covariance>
        <location_covariance>5.6094250939986716e-006 2.0105828341398702e-006 -1.2804255825883282e-006 2.0105828341398702e-006 5.6314687896541309e-006 -2.6687305036785636e-007 -1.2804255825883282e-006 -2.6687305036785636e-007 2.0531928809356966e-006</location_covariance>
      </camera>
      <camera id="22" sensor_id="0" label="DSC00025.JPG">
        <transform>9.9940299457801895e-001 3.4481251514913401e-002 2.1674229982216226e-003 1.0116569297201153e+001 3.4486676464575684e-002 -9.9940198689545079e-001 -2.5174860184132303e-003 9.3288785944958139e+000 2.0793207822794005e-003 2.5907302813120260e-003 -9.9999448225562415e-001 2.1659981444943061e-001 0 0 0 1</transform>
        <rotation_covariance>8.2475731818076663e-009 -2.2661483615759203e-010 -1.0694376255538505e-010 -2.2661483615759203e-010 4.4586048511105274e-009 -9.8417046244052468e-013 -1.0694376255538502e-010 -9.8417046244052266e-013 1.7530029369668996e-010</rotation_covariance>
        <location_covariance>5.8877621068162341e-006 2.0575188929186925e-006 -1.3182636826304065e-006 2.0575188929186925e-006 5.7664929928117851e-006 -2.6866987003532423e-007 -1.3182636826304065e-006 -2.6866987003532423e-007 2.2170481491441754e-006</location_covariance>
      </camera>
      <camera id="23" sensor_id="0" label="DSC00026.JPG">
        <transform>9.9944208924812827e-001 3.3332943381422210e-002 2.1035980764280591e-003 1.1213629291883624e+001 3.3342193403869368e-002 -9.9943374161274423e-001 -4.5270591965809329e-003 9.3273274316787695e+000 1.9515066884898877e-003 4.5946720754890735e-003 -9.9998754022745884e-001 2.1291358286629319e-001 0 0 0 1</transform>
        <rotation_covariance>8.4208763569783050e-009 -1.8621270173977828e-010 -1.0651016767877482e-010 -1.8621270173977833e-010 4.5845634388381489e-009 7.5139833623221919e-012 -1.0651016767877482e-010 7.5139833623221919e-012 1.8260365436003599e-010</rotation_covariance>
        <location_covariance>6.1950377324754100e-006 2.1618084164837907e-006 -1.3425888548098349e-006 2.1618084164837907e-006 5.8766910040674568e-006 -2.6582737126689768e-007 -1.3425888548098349e-006 -2.6582737126689768e-007 2.3766939767565586e-006</location_covariance>
      </camera>
      <camera id="24" sensor_id="0" label="DSC00027.JPG">
        <transform>9.9946865850019084e-001 3.2559662489376161e-002 1.5063380784795652e-003 1.2324374484359426e+001 3.2566104466649516e-002 -9.9945958611546992e-001 -4.4704095741771978e-003 9.2368060969552204e+000 1.3599690055426730e-003 4.5170898232751505e-003 -9.9998887313001261e-001 2.2173318672532835e-001 0 0 0 1</transform>
        <rotation_covariance>8.5983366270168620e-009 -8.7683031350852366e-011 -1.0354278861298029e-010 -8.7683031350852275e-011 4.7155359832880714e-009 8.7188766271826535e-012 -1.0354278861298027e-010 8.7188766271826535e-012 1.9008669696075420e-010</rotation_covariance>
        <location_covariance>6.5199006180475248e-006 2.2915342201375137e-006 -1.3711006961669111e-006 2.2915342201375137e-006 5.9846048675541902e-006 -2.4123156683908382e-007 -1.3711006961669111e-006 -2.4123156683908382e-007 2.5434382938520486e-006</location_covariance>
      </camera>
      <camera id="25" sensor_id="0" label="DSC00028.JPG">
        <transform>9.9948974115948919e-001 3.1876693183435729e-002 2.0331622231981451e-003 1.3427634273885019e+001 3.1884999470233412e-002 -9.9948274925741487e-001 -4.1929399736740343e-003 9.2248717490979928e+000 1.8984535074510294e-003 4.2556278653943088e-003 -9.9998914269393513e-001 2.2705572951033484e-001 0 0 0 1</transform>
        <rotation_covariance>8.8379112902024387e-009 4.1569660089482262e-011 -9.1842330129919589e-011 4.1569660089482210e-011 4.7736804187888006e-009 2.6339108617625557e-012 -9.1842330129919602e-011 2.6339108617625581e-012 1.9976493088383626e-010</rotation_covariance>
        <location_covariance>6.8056439207642039e-006 2.4450851599180272e-006 -1.4023972607234671e-006 2.4450851599180272e-006 6.1411772985530161e-006 -2.3905793503762923e-007 -1.4023972607234671e-006 -2.3905793503762923e-007 2.7193826755320287e-006</location_covariance>
      </camera>
      <camera id="26" sensor_id="0" label="DSC00029.JPG">
        <transform>9.9955971162342450e-001 2.9666124842637268e-002 5.5130401587498228e-004 1.4083989879542035e+001 2.9667528021266765e-002 -9.9955606583486345e-001 -2.7402616366830725e-003 9.2320346663744672e+000 4.6976632937162881e-004 2.7554109586748728e-003 -9.9999609350739194e-001 2.0530833942549206e-001 0 0 0 1</transform>
        <rotation_covariance>9.1900043808540623e-009 1.0843487855449791e-010 -8.1108204652351107e-011 1.0843487855449794e-010 4.9261194077031018e-009 -7.6622964640499973e-012 -8.1108204652351094e-011 -7.6622964640500005e-012 2.0704136213601617e-010</rotation_covariance>
        <location_covariance>7.0529807587204760e-006 2.5307711428270232e-006 -1.4459715359944800e-006 2.5307711428270232e-006 6.3563962264203286e-006 -2.5485905426387644e-007 -1.4459715359944800e-006 -2.5485905426387644e-007 2.8294901619581674e-006</location_covariance>
      </camera>
      <camera id="27" sensor_id="0" label="DSC00030.JPG">
        <transform>9.9967897655728588e-001 2.5292984698602597e-002 1.4861878800691685e-003 1.3925964979956618e+001 2.5295067298538601e-002 -9.9967904880692293e-001 -1.3996238238266697e-003 6.8843139955666324e+000 1.4503102223360760e-003 1.4367677342128613e-003 -9.9999791614719724e-001 1.4591746993503088e-001 0 0 0 1</transform>
        <rotation_covariance>8.2838723164359090e-009 -1.7830417547297410e-010 -9.7848846379063706e-011 -1.7830417547297410e-010 4.7235676658133782e-009 1.1276971555833977e-011 -9.7848846379063719e-011 1.1276971555833979e-011 1.8442507998725902e-010</rotation_covariance>
        <location_covariance>6.8551373380296609e-006 2.1068276554175347e-006 -1.2324407852845699e-006 2.1068276554175347e-006 5.4514168606273700e-006 5.3188407320964501e-008 -1.2324407852845699e-006 5.3188407320964501e-008 2.7655861361079052e-006</location_covariance>
      </camera>
      <camera id="28" sensor_id="0" label="DSC00031.JPG">
        <transform>9.9976029871203131e-001 2.1790650497006236e-002 2.1243046269661197e-003 1.3340341244732722e+001 2.1792354247332314e-002 -9.9976221245493080e-001 -7.8220430872436388e-004 6.9201857760149794e+000 2.1067547530752291e-003 8.2831041230420040e-004 -9.9999743773985306e-001 1.7055084148461658e-001 0 0 0 1</transform>
        <rotation_covariance>8.0192496654285065e-009 -2.2707086853975151e-010 -9.7166333392362417e-011 -2.2707086853975151e-010 4.5317500150047488e-009 6.5592555435257974e-012 -9.7166333392362417e-011 6.5592555435257990e-012 1.7739517600910828e-010</rotation_covariance>
        <location_covariance>6.5976703441674901e-006 2.0564382957919851e-006 -1.2182741663941419e-006 2.0564382957919851e-006 5.2992227557195592e-006 3.5117268498651183e-008 -1.2182741663941419e-006 3.5117268498651183e-008 2.6692735286892236e-006</location_covariance>
      </camera>
      <camera id="29" sensor_id="0" label="DSC00032.JPG">
        <transform>9.9980273029101463e-001 1.9848504042817079e-002 7.3306882076423058e-004 1.1567816714514894e+001 1.9846714670295536e-002 -9.9980021968265043e-001 2.3724753570603472e-003 7.0080384684983104e+000 7.8001245475867544e-004 -2.3574583318176860e-003 -9.9999691698063953e-001 1.7315754951624210e-001 0 0 0 1</transform>
        <rotation_covariance>7.9214034029304906e-009 -1.6224335329151056e-010 -1.1660681357501697e-010 -1.6224335329151059e-010 4.4252187341737231e-009 1.9308616322448265e-012 -1.1660681357501697e-010 1.9308616322448261e-012 1.6748852445175785e-010</rotation_covariance>
        <location_covariance>6.1303327841304362e-006 1.9924575263262596e-006 -1.1883334982089765e-006 1.9924575263262596e-006 5.2463249913085502e-006 4.1134074307421747e-008 -1.1883334982089765e-006 4.1134074307421747e-008 2.3925223957999532e-006</location_covariance>
      </camera>
      <camera id="30" sensor_id="0" label="DSC00033.JPG">
        <transform>9.9981761357576482e-001 1.9082069503917939e-002 7.8371366670574227e-004 9.7688799769724479e+000 1.9081746979785801e-002 -9.9981783994308449e-001 4.1696971602543003e-004 7.0753520633043347e+000 7.9152755048183599e-004 -4.0193904051723044e-004 -9.9999960596449466e-001 1.8691437740716724e-001 0 0 0 1</transform>
        <rotation_covariance>7.5782802833067542e-009 -2.5953004496160329e-010 -1.1482452063720125e-010 -2.5953004496160318e-010 4.2453754936466613e-009 9.5367360634503103e-012 -1.1482452063720126e-010 9.5367360634503087e-012 1.5803527031074317e-010</rotation_covariance>
        <location_covariance>5.6412459241094701e-006 1.8272220857993780e-006 -1.1572961936416531e-006 1.8272220857993780e-006 5.0425356854750933e-006 1.5554817124989023e-008 -1.1572961936416531e-006 1.5554817124989023e-008 2.1307095106986342e-006</location_covariance>
      </camera>
      <camera id="31" sensor_id="0" label="DSC00034.JPG">
        <transform>9.9982453647466651e-001 1.8700057501709121e-002 1.0973206695501913e-003 7.7638308147599702e+000 1.8700423857626738e-002 -9.9982507910610774e-001 -3.2455817723735730e-004 7.0166894229533341e+000 1.0910594686607989e-003 3.4502159074372660e-004 -9.9999934527445455e-001 1.9399687632111265e-001 0 0 0 1</transform>
        <rotation_covariance>7.2999927829534977e-009 -3.0497425955497289e-010 -1.1505520787017917e-010 -3.0497425955497283e-010 4.0992469886951494e-009 1.2399430317725790e-011 -1.1505520787017915e-010 1.2399430317725792e-011 1.5097111305524105e-010</rotation_covariance>
        <location_covariance>5.1566259781379019e-006 1.6669346655540819e-006 -1.1072422445458423e-006 1.6669346655540819e-006 4.8653162724678362e-006 1.2071272877682284e-008 -1.1072422445458423e-006 1.2071272877682284e-008 1.8610257870148808e-006</location_covariance>
      </camera>
      <camera id="32" sensor_id="0" label="DSC00035.JPG">
        <transform>9.9983189497799696e-001 1.8309562595670542e-002 9.7041344949188875e-004 6.0616490139075676e+000 1.8308531658304476e-002 -9.9983182202892973e-001 1.0608142285548953e-003 6.9169347111045676e+000 9.8967329184695778e-004 -1.0428690549939960e-003 -9.9999896648492070e-001 2.0555491083120592e-001 0 0 0 1</transform>
        <rotation_covariance>7.1642287793298068e-009 -3.3685774344873991e-010 -1.1647798942027314e-010 -3.3685774344873996e-010 4.0174446199976662e-009 6.2611341488191673e-012 -1.1647798942027311e-010 6.2611341488191681e-012 1.4606952367105881e-010</rotation_covariance>
        <location_covariance>4.7956937379086115e-006 1.5313581234977192e-006 -1.0638914108801495e-006 1.5313581234977192e-006 4.7760799423509048e-006 1.1967056590029799e-008 -1.0638914108801495e-006 1.1967056590029799e-008 1.6494984032156051e-006</location_covariance>
      </camera>
      <camera id="33" sensor_id="0" label="DSC00036.JPG">
        <transform>9.9984036689811462e-001 1.7847054071834564e-002 8.5051866574662350e-004 4.2674521538944914e+000 1.7846858219474081e-002 -9.9984070398009750e-001 2.3731050765894027e-004 6.8804949967546323e+000 8.5461847497032091e-004 -2.2209353900589640e-004 -9.9999961015078509e-001 2.0158441535590596e-001 0 0 0 1</transform>
        <rotation_covariance>7.0166043171336365e-009 -3.8772747829757716e-010 -1.1943767465630972e-010 -3.8772747829757711e-010 3.9096146184903888e-009 1.0191839767946554e-011 -1.1943767465630972e-010 1.0191839767946552e-011 1.4163868253071400e-010</rotation_covariance>
        <location_covariance>4.4244396034713359e-006 1.3827080376542296e-006 -1.0217182848459328e-006 1.3827080376542296e-006 4.6826180164318182e-006 8.7043644040141835e-009 -1.0217182848459328e-006 8.7043644040141835e-009 1.4427394581605879e-006</location_covariance>
      </camera>
      <camera id="34" sensor_id="0" label="DSC00037.JPG">
        <transform>9.9984814261556554e-001 1.7376452326164426e-002 1.3231072365889253e-003 2.6538272350699352e+000 1.7374844002111974e-002 -9.9984830472651987e-001 1.2175103311984183e-003 6.8859596974742709e+000 1.3440625377015094e-003 -1.1943366614302030e-003 -9.9999838352661041e-001 2.2688854922968521e-001 0 0 0 1</transform>
        <rotation_covariance>7.0167226021838827e-009 -3.7227719618264519e-010 -1.1839242827115019e-010 -3.7227719618264514e-010 3.8660865198815143e-009 6.1849031929077848e-012 -1.1839242827115019e-010 6.1849031929077848e-012 1.3871896899125156e-010</rotation_covariance>
        <location_covariance>4.1450526846423333e-006 1.2907649938672041e-006 -9.7889603079854186e-007 1.2907649938672041e-006 4.6990275590094190e-006 1.7420588797288168e-009 -9.7889603079854186e-007 1.7420588797288168e-009 1.2720761679080969e-006</location_covariance>
      </camera>
      <camera id="35" sensor_id="0" label="DSC00038.JPG">
        <transform>9.9985969679797626e-001 1.6649197950560125e-002 1.8414468936218790e-003 1.1774027868447750e+000 1.6646516378556953e-002 -9.9986036813466872e-001 1.4620964616704145e-003 6.9204289062872366e+000 1.8655325023703782e-003 -1.4312376489802551e-003 -9.9999723566981658e-001 2.3070320378093215e-001 0 0 0 1</transform>
        <rotation_covariance>7.0214421829454192e-009 -3.4050087923984790e-010 -1.1690726014861919e-010 -3.4050087923984785e-010 3.9132847377593108e-009 4.9263558602109090e-012 -1.1690726014861916e-010 4.9263558602109106e-012 1.3637660396666227e-010</rotation_covariance>
        <location_covariance>3.9631097265934865e-006 1.2197165955775379e-006 -9.5097043510849993e-007 1.2197165955775379e-006 4.7139371237069125e-006 -5.3288759226224412e-009 -9.5097043510849993e-007 -5.3288759226224412e-009 1.1278110526618128e-006</location_covariance>
      </camera>
      <camera id="36" sensor_id="0" label="DSC00039.JPG">
        <transform>9.9986192737662694e-001 1.6517059960733403e-002 1.8201409148736109e-003 -4.4046098570006093e-001 1.6518703603335252e-002 -9.9986315926456715e-001 -8.9172683255845319e-004 6.9572355076754198e+000 1.8051631398902654e-003 9.2167007778445041e-004 -9.9999794595304348e-001 2.2634782109871429e-001 0 0 0 1</transform>
        <rotation_covariance>6.9410888256751950e-009 -2.5199154827073178e-010 -1.2657823027563761e-010 -2.5199154827073178e-010 3.9746301198023436e-009 8.2492024099196103e-012 -1.2657823027563761e-010 8.2492024099196087e-012 1.3223841292630625e-010</rotation_covariance>
        <location_covariance>3.7846565005131124e-006 1.1779455351227563e-006 -9.0682651593953454e-007 1.1779455351227563e-006 4.6746084468125083e-006 -3.7906929904787019e-008 -9.0682651593953454e-007 -3.7906929904787019e-008 9.7921552904797445e-007</location_covariance>
      </camera>
      <camera id="37" sensor_id="0" label="DSC00040.JPG">
        <transform>9.9987420335629618e-001 1.5749465757246651e-002 1.8793059818959462e-003 -2.1265094947175496e+000 1.5749842411803244e-002 -9.9987594627829501e-001 -1.8579043952405693e-004 6.9357975180109808e+000 1.8761467468293616e-003 2.1536584076875287e-004 -9.9999821684387968e-001 2.5354772344949922e-001 0 0 0 1</transform>
        <rotation_covariance>6.7652588340734383e-009 -2.2610672805685022e-010 -1.3220929718252058e-010 -2.2610672805685022e-010 3.7920997553504835e-009 4.2466571930287391e-012 -1.3220929718252061e-010 4.2466571930287391e-012 1.2729527588013499e-010</rotation_covariance>
        <location_covariance>3.4632690755739708e-006 1.0891679055809342e-006 -8.3046150492790441e-007 1.0891679055809342e-006 4.5784757560895331e-006 -4.5574848864329301e-008 -8.3046150492790441e-007 -4.5574848864329301e-008 8.3663570381459210e-007</location_covariance>
      </camera>
      <camera id="38" sensor_id="0" label="DSC00041.JPG">
        <transform>9.9988256309037249e-001 1.5171808589514600e-002 2.1624643234699043e-003 -4.0371461220369760e+000 1.5169424192376853e-002 -9.9988431620404927e-001 1.1147999069808217e-003 6.9426391498307183e+000 2.1791276921926789e-003 -1.0818656497012967e-003 -9.9999704048022919e-001 2.6330258237986925e-001 0 0 0 1</transform>
        <rotation_covariance>6.5685346190804036e-009 -2.6670340257182846e-010 -1.2616767387873848e-010 -2.6670340257182846e-010 3.6911187306138639e-009 5.5879209980598968e-013 -1.2616767387873845e-010 5.5879209980599039e-013 1.2311429391784154e-010</rotation_covariance>
        <location_covariance>3.1922800658070008e-006 9.4299439242272767e-007 -7.6038672595328590e-007 9.4299439242272767e-007 4.4653204910697804e-006 -5.2355140628959960e-008 -7.6038672595328590e-007 -5.2355140628959960e-008 6.9264622069180939e-007</location_covariance>
      </camera>
      <camera id="39" sensor_id="0" label="DSC00042.JPG">
        <transform>9.9989146121025330e-001 1.4569466720899538e-002 2.1900772343671051e-003 -5.6914170825337864e+000 1.4568794531383378e-002 -9.9989381745098427e-001 3.2256658228738870e-004 6.9848322555999749e+000 2.1945443094697290e-003 -2.9062478606557988e-004 -9.9999754975325195e-001 2.5266731039859164e-001 0 0 0 1</transform>
        <rotation_covariance>6.4863723727183432e-009 -2.3136710222387268e-010 -1.2004889737829155e-010 -2.3136710222387263e-010 3.6583212597846382e-009 9.3784590768404153e-013 -1.2004889737829158e-010 9.3784590768404153e-013 1.1955647615411350e-010</rotation_covariance>
        <location_covariance>3.0104098259683649e-006 8.6370847315361516e-007 -7.0507041220219170e-007 8.6370847315361516e-007 4.4230386085118299e-006 -7.1421625931240654e-008 -7.0507041220219170e-007 -7.1421625931240654e-008 5.8132356421073108e-007</location_covariance>
      </camera>
      <camera id="40" sensor_id="0" label="DSC00043.JPG">
        <transform>9.9989508448166042e-001 1.4260674192958156e-002 2.5403151330967415e-003 -7.3673382670246070e+000 1.4258341255832896e-002 -9.9989790834960679e-001 9.3412135911131208e-004 6.9948643826182355e+000 2.5533769884912546e-003 -8.9780267521967906e-004 -9.9999633710144709e-001 2.4668923319636399e-001 0 0 0 1</transform>
        <rotation_covariance>6.4069047812751044e-009 -2.2584949728990480e-010 -1.1361675344681911e-010 -2.2584949728990477e-010 3.5837404505012529e-009 -2.1613153373971760e-012 -1.1361675344681911e-010 -2.1613153373971760e-012 1.1551054715941793e-010</rotation_covariance>
        <location_covariance>2.8192579443737369e-006 7.6277026232190179e-007 -6.3928936600603800e-007 7.6277026232190179e-007 4.3791380811053790e-006 -8.4102760289135277e-008 -6.3928936600603800e-007 -8.4102760289135277e-008 4.8026608553961461e-007</location_covariance>
      </camera>
      <camera id="41" sensor_id="0" label="DSC00044.JPG">
