<?xml version="1.0" encoding="UTF-8"?>
<document version="1.5.0">
  <chunk label="SonyA9" enabled="true">
    <sensors next_id="1">
      <sensor id="0" label="SonyA9" type="frame">
        <resolution width="6000" height="4000"/>
        <property name="pixel_width" value="0.006"/>
        <property name="pixel_height" value="0.006"/>
        <property name="focal_length" value="55"/>
        <property name="fixed" value="true"/>
        <property name="layer_index" value="0"/>
        <calibration type="frame" class="initial">
          <resolution width="6000" height="4000"/>
          <f>9227.77018581081</f>
          <cx>-37.8304617831239</cx>
          <cy>31.7622333680372</cy>
          <k1>-0.017282082281574</k1>
        </calibration>
      </sensor>
    </sensors>
    <cameras next_id="574" next_group_id="0">
      <camera id="0" sensor_id="0" label="DSC00591.JPG">
        <transform>9.9826472918495834e-001 -5.8648058436710157e-002 -5.2854240024566663e-003 -1.2296134223690833e+001 -5.8637027301083389e-002 -9.9827690398396640e-001 2.2185584235592391e-003 3.1012893025017327e+001 -5.4064308534851431e-003 -1.9047870723455193e-003 -9.9998357101086188e-001 1.1369236700353691e+000 0 0 0 1</transform>
        <rotation_covariance>9.5940712103762373e-009 -8.5899881186847631e-010 -2.4589731339178432e-010 -8.5899881186847641e-010 4.9605768040501340e-009 -4.0266816156662325e-011 -2.4589731339178437e-010 -4.0266816156662325e-011 1.7688760794013302e-010</rotation_covariance>
        <location_covariance>3.4945481622911978e-006 7.5624120441827824e-007 -6.6294495391759391e-007 7.5624120441827824e-007 4.1146530051113826e-006 -5.5505722733389355e-007 -6.6294495391759391e-007 -5.5505722733389355e-007 2.8596369254411514e-006</location_covariance>
      </camera>
      <camera id="1" sensor_id="0" label="DSC00592.JPG">
        <transform>9.9961726079108493e-001 -2.7228927583862222e-002 -4.8905450781665579e-003 -1.1779831115720752e+001 -2.7235480671138249e-002 -9.9962822806743090e-001 -1.2783752893053338e-003 3.1274576883017581e+001 -4.8539181225940378e-003 1.4110823509061435e-003 -9.9998722408111695e-001 9.9562342750837185e-001 0 0 0 1</transform>
        <rotation_covariance>9.6598818920188806e-009 -7.3112086962531190e-010 -2.1922838725958180e-010 -7.3112086962531179e-010 4.7918872645704089e-009 -3.9152728768337982e-011 -2.1922838725958177e-010 -3.9152728768337982e-011 1.7433611331917099e-010</rotation_covariance>
        <location_covariance>3.3221653686314553e-006 7.2703657588595633e-007 -6.7738239738208582e-007 7.2703657588595633e-007 4.0883811628834356e-006 -5.4329462577237487e-007 -6.7738239738208582e-007 -5.4329462577237487e-007 2.8400305379893688e-006</location_covariance>
      </camera>
      <camera id="2" sensor_id="0" label="DSC00593.JPG">
        <transform>9.9984405495039597e-001 1.7647190477899120e-002 -6.6516808878610049e-004 -8.5541604950346137e+000 1.7643249591996282e-002 -9.9982907349759897e-001 -5.5262584781455406e-003 3.2015348028801277e+001 -7.6257732992511475e-004 5.5136609588819574e-003 -9.9998450888933599e-001 9.0806675398088255e-001 0 0 0 1</transform>
        <rotation_covariance>1.0206431990921389e-008 -6.1307715001507189e-010 -1.6366152682086863e-010 -6.1307715001507189e-010 3.9550432884239773e-009 -1.4929410468143946e-011 -1.6366152682086860e-010 -1.4929410468143952e-011 1.5065625853500033e-010</rotation_covariance>
        <location_covariance>2.6755615787316476e-006 3.6483530486707712e-007 -5.6796971193197482e-007 3.6483530486707712e-007 4.7848498108942639e-006 -6.0145992359777103e-007 -5.6796971193197482e-007 -6.0145992359777103e-007 2.7473566089072759e-006</location_covariance>
      </camera>
      <camera id="3" sensor_id="0" label="DSC00594.JPG">
        <transform>9.9981466922991979e-001 1.9251094912783377e-002 1.5012436357396170e-004 -7.3422143713225116e+000 1.9251661278135188e-002 -9.9979423375955057e-001 -6.3924705071776835e-003 3.2249617490666026e+001 2.7031416587223138e-005 6.3941759290929963e-003 -9.9997955668278060e-001 8.8456094740360114e-001 0 0 0 1</transform>
        <rotation_covariance>1.0012102222125283e-008 -5.7292860432688105e-010 -1.3842082987145241e-010 -5.7292860432688074e-010 3.8369807226197480e-009 -1.6565270785525390e-011 -1.3842082987145241e-010 -1.6565270785525384e-011 1.4471272167061983e-010</rotation_covariance>
        <location_covariance>2.5633280058348636e-006 3.2686943438564158e-007 -5.1034821269127575e-007 3.2686943438564158e-007 4.7456547044926269e-006 -6.2574065481665970e-007 -5.1034821269127575e-007 -6.2574065481665970e-007 2.7207911936304021e-006</location_covariance>
      </camera>
      <camera id="4" sensor_id="0" label="DSC00595.JPG">
        <transform>9.9979339354223207e-001 2.0312108277071517e-002 7.6712883425023102e-004 -5.2822763504652555e+000 2.0317642810023729e-002 -9.9976099865415624e-001 -8.0708711232758256e-003 3.2681797115019691e+001 6.0300908128014120e-004 8.0847898788255091e-003 -9.9996713573630169e-001 8.5940033172964925e-001 0 0 0 1</transform>
        <rotation_covariance>9.6972298137940568e-009 -4.7669469343033634e-010 -1.2045538726645235e-010 -4.7669469343033645e-010 3.6547230157804299e-009 -1.6575541582837037e-011 -1.2045538726645235e-010 -1.6575541582837037e-011 1.3659200940181366e-010</rotation_covariance>
        <location_covariance>2.3932932023062762e-006 3.2776108415282145e-007 -4.0749926966026256e-007 3.2776108415282145e-007 4.6767176793162354e-006 -6.6292447219300787e-007 -4.0749926966026256e-007 -6.6292447219300787e-007 2.7011106671472183e-006</location_covariance>
      </camera>
      <camera id="5" sensor_id="0" label="DSC00596.JPG">
        <transform>9.9979670270461574e-001 2.0112455256284530e-002 1.4291271957367160e-003 -3.8477240982514167e+000 2.0125209513679757e-002 -9.9975181361639132e-001 -9.5544289607969821e-003 3.2989590690419881e+001 1.2366094808529109e-003 9.5812480554662138e-003 -9.9995333415249510e-001 8.0519906550694831e-001 0 0 0 1</transform>
        <rotation_covariance>9.7388748089230919e-009 -4.8512632646582580e-010 -1.1109663757901525e-010 -4.8512632646582570e-010 3.6579998406770226e-009 -1.7474300604223145e-011 -1.1109663757901525e-010 -1.7474300604223138e-011 1.3590065571933770e-010</rotation_covariance>
        <location_covariance>2.3716638800474825e-006 2.9977709975130156e-007 -3.4437843279802001e-007 2.9977709975130156e-007 4.7653102268189347e-006 -6.9955426558751619e-007 -3.4437843279802001e-007 -6.9955426558751619e-007 2.6954071261884177e-006</location_covariance>
      </camera>
      <camera id="6" sensor_id="0" label="DSC00597.JPG">
        <transform>9.9979821930530544e-001 1.9950903066433667e-002 2.3413971842214283e-003 -2.0226775999968818e+000 1.9976437981002858e-002 -9.9973496937318307e-001 -1.1442593149796140e-002 3.3350851056400188e+001 2.1124865754978458e-003 1.1487057031040760e-002 -9.9993179013432409e-001 7.6746469139428752e-001 0 0 0 1</transform>
        <rotation_covariance>9.7100901091380590e-009 -4.4576161919100221e-010 -1.0073739716024132e-010 -4.4576161919100206e-010 3.5614271620967109e-009 -1.5184979062209518e-011 -1.0073739716024131e-010 -1.5184979062209522e-011 1.3395207618999599e-010</rotation_covariance>
        <location_covariance>2.2928753763629809e-006 3.1741255098346065e-007 -2.6671245491786909e-007 3.1741255098346065e-007 4.8197357335312842e-006 -7.4368417184688783e-007 -2.6671245491786909e-007 -7.4368417184688783e-007 2.6987889344105935e-006</location_covariance>
      </camera>
      <camera id="7" sensor_id="0" label="DSC00598.JPG">
        <transform>9.9979318420953733e-001 2.0081003828902062e-002 3.2159125264936105e-003 -4.8604768362141781e-001 2.0115680132291088e-002 -9.9973559377328047e-001 -1.1140105726684189e-002 3.3631235282651190e+001 2.9913577134451008e-003 1.1202492044628861e-002 -9.9993277571595796e-001 7.5352279516966492e-001 0 0 0 1</transform>
        <rotation_covariance>9.7942736045850946e-009 -4.1676588833260762e-010 -9.2364139439092837e-011 -4.1676588833260747e-010 3.5820133876334939e-009 -1.8182461541675858e-011 -9.2364139439092863e-011 -1.8182461541675865e-011 1.3434983952225857e-010</rotation_covariance>
        <location_covariance>2.3151579361530188e-006 3.3926582056046087e-007 -2.0085556714945184e-007 3.3926582056046087e-007 4.9499382443977405e-006 -7.7961796151538572e-007 -2.0085556714945184e-007 -7.7961796151538572e-007 2.7111655513973335e-006</location_covariance>
      </camera>
      <camera id="8" sensor_id="0" label="DSC00599.JPG">
        <transform>9.9978898933083515e-001 2.0099817339750577e-002 4.2395938173211837e-003 1.4208459338341044e+000 2.0151734974295194e-002 -9.9971777387316896e-001 -1.2580945099682050e-002 3.3861931915722806e+001 3.9855225947137444e-003 1.2663725557043159e-002 -9.9991186894879036e-001 7.6846775432142866e-001 0 0 0 1</transform>
        <rotation_covariance>9.7848246323867646e-009 -2.8936880726283989e-010 -8.3718887623664100e-011 -2.8936880726283999e-010 3.6737735734308807e-009 -1.5834849771412296e-011 -8.3718887623664125e-011 -1.5834849771412308e-011 1.3462270072619639e-010</rotation_covariance>
        <location_covariance>2.4087832105224940e-006 4.5180401043626495e-007 -1.2009726519603175e-007 4.5180401043626495e-007 5.0292221514965473e-006 -8.2623331929247219e-007 -1.2009726519603175e-007 -8.2623331929247219e-007 2.7185764836350918e-006</location_covariance>
      </camera>
      <camera id="9" sensor_id="0" label="DSC00600.JPG">
        <transform>9.9979418374438245e-001 1.9753061427469198e-002 4.6267391482835082e-003 2.9489010348118763e+000 1.9814413454660149e-002 -9.9971099956556786e-001 -1.3612728127050324e-002 3.4034316367226943e+001 4.3565089637705879e-003 1.3701602528749428e-002 -9.9989663811705698e-001 7.5968769844233563e-001 0 0 0 1</transform>
        <rotation_covariance>9.7156906118091478e-009 -2.5994469308230268e-010 -9.0543155260894158e-011 -2.5994469308230258e-010 3.6610605137670700e-009 -8.7696906527635716e-012 -9.0543155260894184e-011 -8.7696906527635732e-012 1.3371341647035762e-010</rotation_covariance>
        <location_covariance>2.4411608704853471e-006 5.0075487825970469e-007 -5.3349990816298464e-008 5.0075487825970469e-007 5.0330182478658690e-006 -8.5804150041482799e-007 -5.3349990816298464e-008 -8.5804150041482799e-007 2.7264397282797449e-006</location_covariance>
      </camera>
      <camera id="10" sensor_id="0" label="DSC00601.JPG">
        <transform>9.9979864691901232e-001 1.9593837780863755e-002 4.3297967538244069e-003 4.1653659970933328e+000 1.9649820129293592e-002 -9.9971860146105795e-001 -1.3289185890522104e-002 3.4190230735800647e+001 4.0681922027653314e-003 1.3371589799408277e-002 -9.9990232042856952e-001 7.3653899736494743e-001 0 0 0 1</transform>
        <rotation_covariance>9.6027176198761039e-009 -2.3804840891562807e-010 -8.9959868340104246e-011 -2.3804840891562817e-010 3.6144870044561434e-009 -1.0001918602931619e-011 -8.9959868340104233e-011 -1.0001918602931625e-011 1.3220676781461631e-010</rotation_covariance>
        <location_covariance>2.4509437530069189e-006 5.4599517170694079e-007 -1.6186184072030305e-008 5.4599517170694079e-007 4.9909735974936847e-006 -8.8921165446444534e-007 -1.6186184072030305e-008 -8.8921165446444534e-007 2.7397102463579615e-006</location_covariance>
      </camera>
      <camera id="11" sensor_id="0" label="DSC00602.JPG">
        <transform>9.9980072046274926e-001 1.9388085250799117e-002 4.7562077831142446e-003 6.2015889316193764e+000 1.9452892565990094e-002 -9.9971302255332539e-001 -1.3980611864663229e-002 3.4486024104357163e+001 4.4837855640583691e-003 1.4070347813826796e-002 -9.9989095454425103e-001 7.1572642215090576e-001 0 0 0 1</transform>
        <rotation_covariance>9.5315657384746778e-009 -1.6427427628399262e-010 -9.1928768943634666e-011 -1.6427427628399264e-010 3.5745299261837960e-009 -5.5656967895219713e-012 -9.1928768943634704e-011 -5.5656967895219689e-012 1.3184954955977032e-010</rotation_covariance>
        <location_covariance>2.5225600701136066e-006 6.5793169396410853e-007 5.2654297781164676e-008 6.5793169396410853e-007 5.0099807091624216e-006 -9.3722300608054809e-007 5.2654297781164676e-008 -9.3722300608054809e-007 2.7864813414821933e-006</location_covariance>
      </camera>
      <camera id="12" sensor_id="0" label="DSC00603.JPG">
        <transform>9.9980563566471781e-001 1.9086576842248296e-002 4.9389753506555627e-003 7.7556783250945749e+000 1.9154602662489879e-002 -9.9971691586899980e-001 -1.4113444732499349e-002 3.4786774735779176e+001 4.6681998577147174e-003 1.4205305692597016e-002 -9.9988820235077702e-001 6.7444790149513456e-001 0 0 0 1</transform>
        <rotation_covariance>9.8695561188895502e-009 3.6614965582309032e-012 -1.0801553502922220e-010 3.6614965582309105e-012 3.6917009503651860e-009 -1.2326891006653776e-011 -1.0801553502922220e-010 -1.2326891006653776e-011 1.3556264954738379e-010</rotation_covariance>
        <location_covariance>2.6933121329230953e-006 8.2510143499626973e-007 9.7142018333656253e-008 8.2510143499626973e-007 5.2748616338098153e-006 -9.8751267217080280e-007 9.7142018333656253e-008 -9.8751267217080280e-007 2.8489257060829680e-006</location_covariance>
      </camera>
      <camera id="13" sensor_id="0" label="DSC00604.JPG">
        <transform>9.9980145843319290e-001 1.9382045864208691e-002 4.6238526121972550e-003 8.8048049280940646e+000 1.9452206636074491e-002 -9.9968837980067338e-001 -1.5644646000858964e-002 3.4965148563467167e+001 4.3191864800066282e-003 1.5731484024797016e-002 -9.9986692366460872e-001 6.4997688728167957e-001 0 0 0 1</transform>
        <rotation_covariance>9.9056213631097990e-009 6.6484149891691779e-011 -1.1196175463043339e-010 6.6484149891691779e-011 3.7121184372269852e-009 -7.8135250825146096e-012 -1.1196175463043340e-010 -7.8135250825146048e-012 1.3663058990832780e-010</rotation_covariance>
        <location_covariance>2.7824274823103679e-006 9.0927645122671339e-007 1.1508223476060949e-007 9.0927645122671339e-007 5.3178357114210531e-006 -1.0155202782820066e-006 1.1508223476060949e-007 -1.0155202782820066e-006 2.8900662383379960e-006</location_covariance>
      </camera>
      <camera id="14" sensor_id="0" label="DSC00605.JPG">
        <transform>9.9978841966085619e-001 1.9981376717773256e-002 4.8847207198227296e-003 1.0598207848410372e+001 2.0052722923513688e-002 -9.9968607108895202e-001 -1.5021570293669417e-002 3.5227545169950460e+001 4.5830356098360611e-003 1.5116343975885557e-002 -9.9987523818194524e-001 6.4724746809822920e-001 0 0 0 1</transform>
        <rotation_covariance>9.7301878484901270e-009 8.9501465722528397e-011 -1.0070206742509282e-010 8.9501465722528358e-011 3.5605300256612138e-009 -5.3988495162826823e-012 -1.0070206742509279e-010 -5.3988495162826807e-012 1.3563726087508828e-010</rotation_covariance>
        <location_covariance>2.8427711260149554e-006 1.0038432192955230e-006 1.6555273846277595e-007 1.0038432192955230e-006 5.2447428485594665e-006 -1.0552071533191600e-006 1.6555273846277595e-007 -1.0552071533191600e-006 2.9639300808798681e-006</location_covariance>
      </camera>
      <camera id="15" sensor_id="0" label="DSC00606.JPG">
        <transform>9.9978623197911798e-001 2.0188937236995497e-002 4.4606230772162849e-003 1.2716427726348389e+001 2.0256128084690544e-002 -9.9967358293596131e-001 -1.5569741648281302e-002 3.5657364796174363e+001 4.1448305167942510e-003 1.5656768287813132e-002 -9.9986883439117591e-001 6.2068712452135566e-001 0 0 0 1</transform>
        <rotation_covariance>9.9876858644729970e-009 -1.8923530525513883e-010 -8.0425856715080565e-011 -1.8923530525513885e-010 3.7602942250259430e-009 -5.4519463123974214e-012 -8.0425856715080578e-011 -5.4519463123974230e-012 1.4296499200292367e-010</rotation_covariance>
        <location_covariance>3.2100661088617792e-006 9.3309654034836459e-007 2.0284505309759055e-007 9.3309654034836459e-007 5.4595954433212278e-006 -1.1081640844501908e-006 2.0284505309759055e-007 -1.1081640844501908e-006 3.0990541467740602e-006</location_covariance>
      </camera>
      <camera id="16" sensor_id="0" label="DSC00607.JPG">
        <transform>9.9979313173258344e-001 1.9840492048833494e-002 4.4775680467156404e-003 1.3989828398958336e+001 1.9910305964007183e-002 -9.9967169947318435e-001 -1.6126778624852699e-002 3.5906524332468543e+001 4.1561348356873628e-003 1.6212592255884339e-002 -9.9985992938789781e-001 6.0122981142962506e-001 0 0 0 1</transform>
        <rotation_covariance>1.0078331854325145e-008 -1.9123248543963714e-010 -8.4344845340116908e-011 -1.9123248543963717e-010 3.6394702629880659e-009 -2.8478604380761327e-012 -8.4344845340116895e-011 -2.8478604380761440e-012 1.4510028692349961e-010</rotation_covariance>
        <location_covariance>3.2829897361735852e-006 1.0049398534429658e-006 2.5720272651411384e-007 1.0049398534429658e-006 5.5581562048237797e-006 -1.1376163091799980e-006 2.5720272651411384e-007 -1.1376163091799980e-006 3.1827660749415832e-006</location_covariance>
      </camera>
      <camera id="17" sensor_id="0" label="DSC00608.JPG">
        <transform>9.9979386100186840e-001 1.9811346007283678e-002 4.4436552921924711e-003 1.5431285322835313e+001 1.9879320271056936e-002 -9.9967732344315574e-001 -1.5813336747473428e-002 3.6197896021145802e+001 4.1289379429690944e-003 1.5898413848806858e-002 -9.9986508705352606e-001 5.7313919446627126e-001 0 0 0 1</transform>
        <rotation_covariance>1.0038298372535239e-008 -6.5990855318392615e-011 -8.3914429932987148e-011 -6.5990855318392628e-011 3.5722306817911718e-009 -5.3408253512200632e-012 -8.3914429932987135e-011 -5.3408253512200527e-012 1.4578253980908615e-010</rotation_covariance>
        <location_covariance>3.4319984980935431e-006 1.1818202764529999e-006 2.9500889448657866e-007 1.1818202764529999e-006 5.5765873981769210e-006 -1.1796057408101781e-006 2.9500889448657866e-007 -1.1796057408101781e-006 3.2877293979715499e-006</location_covariance>
      </camera>
      <camera id="18" sensor_id="0" label="DSC00609.JPG">
        <transform>9.9980248406657724e-001 1.9453912245333681e-002 4.0667127575305124e-003 1.7218401815639435e+001 1.9521823006203469e-002 -9.9965825752842030e-001 -1.7385815533269101e-002 3.6538079088610779e+001 3.7271008593637734e-003 1.7461771204355311e-002 -9.9984058492621253e-001 5.6780534862021359e-001 0 0 0 1</transform>
        <rotation_covariance>1.0119352516119731e-008 2.1133565023684794e-011 -9.1690853825827878e-011 2.1133565023684781e-011 3.6216012263911581e-009 -6.9542164627245923e-013 -9.1690853825827891e-011 -6.9542164627246084e-013 1.4772799890946480e-010</rotation_covariance>
        <location_covariance>3.7379021380434314e-006 1.3625928184933017e-006 3.3428875027916118e-007 1.3625928184933017e-006 5.6854932344815559e-006 -1.2491950348538368e-006 3.3428875027916118e-007 -1.2491950348538368e-006 3.4324410378704247e-006</location_covariance>
      </camera>
      <camera id="19" sensor_id="0" label="DSC00610.JPG">
        <transform>9.9980635268355655e-001 1.8957710971515548e-002 5.2784778415844160e-003 1.8844664159863957e+001 1.9051184192556306e-002 -9.9965174806851975e-001 -1.8260201653161327e-002 3.6749110918106069e+001 4.9304679762585861e-003 1.8357226867729830e-002 -9.9981933503371589e-001 5.8835189179798464e-001 0 0 0 1</transform>
        <rotation_covariance>1.0096090543897136e-008 7.7957343068486967e-011 -8.6410278588519833e-011 7.7957343068486954e-011 3.6558164557416418e-009 4.2393442768906570e-012 -8.6410278588519833e-011 4.2393442768906619e-012 1.4843289249799508e-010</rotation_covariance>
        <location_covariance>4.0361898045618898e-006 1.5088453902431704e-006 3.6435801469235542e-007 1.5088453902431704e-006 5.7181358380879958e-006 -1.3208662105742781e-006 3.6435801469235542e-007 -1.3208662105742781e-006 3.5558394110558371e-006</location_covariance>
      </camera>
      <camera id="20" sensor_id="0" label="DSC00611.JPG">
        <transform>9.9981560287770155e-001 1.8599960474334022e-002 4.7751138887440368e-003 2.0837699809871054e+001 1.8687202132020804e-002 -9.9964622635417555e-001 -1.8926452713948168e-002 3.7018710361874803e+001 4.4213933068956010e-003 1.9012196248974787e-002 -9.9980947568775136e-001 5.7667305873603525e-001 0 0 0 1</transform>
        <rotation_covariance>1.0674042309389736e-008 2.8297954277553007e-011 -9.2904636174370912e-011 2.8297954277553010e-011 3.9195922660938679e-009 1.3211460052664097e-011 -9.2904636174370873e-011 1.3211460052664074e-011 1.5699192677386511e-010</rotation_covariance>
        <location_covariance>4.5765694940051288e-006 1.6134358714514917e-006 3.9569265638953221e-007 1.6134358714514917e-006 6.1390397885141887e-006 -1.4136095479645813e-006 3.9569265638953221e-007 -1.4136095479645813e-006 3.7250407929312785e-006</location_covariance>
      </camera>
      <camera id="21" sensor_id="0" label="DSC00612.JPG">
        <transform>9.9982271330746542e-001 1.8308057777317584e-002 4.3996562275336777e-003 2.1559903523800347e+001 1.8386624854287870e-002 -9.9965913332410805e-001 -1.8535079934029246e-002 3.7123177297035042e+001 4.0588152170009245e-003 1.8612688739555371e-002 -9.9981853045286107e-001 5.7497866878582038e-001 0 0 0 1</transform>
        <rotation_covariance>1.0636225408010128e-008 -1.7611189535994242e-012 -9.1639507588257118e-011 -1.7611189535994416e-012 3.8730531294507232e-009 1.3735003002622150e-011 -9.1639507588257092e-011 1.3735003002622134e-011 1.5832570005116860e-010</rotation_covariance>
        <location_covariance>4.6880820483199880e-006 1.6467538115463364e-006 4.0502421721285632e-007 1.6467538115463364e-006 6.1341761553546015e-006 -1.4442404616516970e-006 4.0502421721285632e-007 -1.4442404616516970e-006 3.7917255323462361e-006</location_covariance>
      </camera>
      <camera id="22" sensor_id="0" label="DSC00613.JPG">
        <transform>9.9983066895832950e-001 1.8018601060999433e-002 3.7367668034802440e-003 2.2665927427001993e+001 1.8085032996748397e-002 -9.9966381044378916e-001 -1.8579495970302215e-002 3.7355546106234328e+001 3.4007340157035963e-003 1.8643929435837946e-002 -9.9982040332418998e-001 5.4924723664851982e-001 0 0 0 1</transform>
        <rotation_covariance>1.0947667078169280e-008 -3.3132022730701029e-011 -9.2684194981527075e-011 -3.3132022730701010e-011 3.9745810870478460e-009 1.8868994456695447e-011 -9.2684194981527062e-011 1.8868994456695421e-011 1.6527517131805160e-010</rotation_covariance>
        <location_covariance>4.9838079100859897e-006 1.7151637446297500e-006 4.1043943956958931e-007 1.7151637446297500e-006 6.3632080208415952e-006 -1.4927958454422844e-006 4.1043943956958931e-007 -1.4927958454422844e-006 3.9162667516159067e-006</location_covariance>
      </camera>
      <camera id="23" sensor_id="0" label="DSC00614.JPG">
        <transform>9.9983854663973060e-001 1.7639489739311086e-002 3.4247708081482729e-003 2.4061455511851729e+001 1.7701064223471757e-002 -9.9966526531596389e-001 -1.8868747868366287e-002 3.7652806790680494e+001 3.0907893341562166e-003 1.8926323533644561e-002 -9.9981610374047869e-001 5.1604207238332755e-001 0 0 0 1</transform>
        <rotation_covariance>1.1195664290937072e-008 1.1451743868101930e-010 -9.2419896931706781e-011 1.1451743868101930e-010 4.1437818369384324e-009 1.6624180093778551e-011 -9.2419896931706807e-011 1.6624180093778548e-011 1.7706964978999296e-010</rotation_covariance>
        <location_covariance>5.3967934621619780e-006 1.9289727386779780e-006 4.2122909018232019e-007 1.9289727386779780e-006 6.5613855645569633e-006 -1.5450186925959297e-006 4.2122909018232019e-007 -1.5450186925959297e-006 4.0835909078569359e-006</location_covariance>
      </camera>
      <camera id="24" sensor_id="0" label="DSC00615.JPG">
        <transform>9.9983750547424188e-001 1.7745620321684034e-002 3.1710576225355185e-003 2.4733654221767257e+001 1.7802954870898741e-002 -9.9965957270353045e-001 -1.9073371491680063e-002 3.7772821798846877e+001 2.8315092992163430e-003 1.9126726368971919e-002 -9.9981305797308673e-001 5.0589113930494944e-001 0 0 0 1</transform>
        <rotation_covariance>1.1218998900513089e-008 1.6634383309275520e-010 -8.4427619932929904e-011 1.6634383309275523e-010 4.1429534724297463e-009 1.7603426722212695e-011 -8.4427619932929917e-011 1.7603426722212688e-011 1.8059716928113523e-010</rotation_covariance>
        <location_covariance>5.5526072270051670e-006 2.0167254490665137e-006 4.1139281457287244e-007 2.0167254490665137e-006 6.5922277802223569e-006 -1.5650732779815011e-006 4.1139281457287244e-007 -1.5650732779815011e-006 4.1598755216928554e-006</location_covariance>
      </camera>
      <camera id="25" sensor_id="0" label="DSC00616.JPG">
        <transform>9.9984955555350674e-001 1.6923721300716857e-002 3.8018307156447054e-003 2.5690438587952741e+001 1.6990907885991648e-002 -9.9968640307407763e-001 -1.8395775548274689e-002 3.7944157733821342e+001 3.4893134947298590e-003 1.8457604561492171e-002 -9.9982355519620913e-001 4.9743486726831165e-001 0 0 0 1</transform>
        <rotation_covariance>1.1661599065111759e-008 2.6950723541947117e-010 -6.1086852039624392e-011 2.6950723541947117e-010 4.2536293628731783e-009 9.7974862901415524e-012 -6.1086852039624405e-011 9.7974862901415443e-012 1.9037714750008575e-010</rotation_covariance>
        <location_covariance>5.8577908786621182e-006 2.1626138646513075e-006 3.9742614291035275e-007 2.1626138646513075e-006 6.9000944920365513e-006 -1.6126663620565365e-006 3.9742614291035275e-007 -1.6126663620565365e-006 4.2778817752355910e-006</location_covariance>
      </camera>
      <camera id="26" sensor_id="0" label="DSC00617.JPG">
        <transform>9.9986857902649506e-001 1.6097912064171833e-002 1.9188284736960093e-003 2.6142976517783254e+001 1.6124728248045277e-002 -9.9975908043827466e-001 -1.4892085822415590e-002 3.8107052050523812e+001 1.6786347023597539e-003 1.4921069277692250e-002 -9.9988726558404895e-001 5.0490875047198602e-001 0 0 0 1</transform>
        <rotation_covariance>1.2538903649483701e-008 3.5480634441179894e-010 -7.3228809347043826e-011 3.5480634441179894e-010 4.5172814173179339e-009 -1.4896181664852447e-011 -7.3228809347043826e-011 -1.4896181664852457e-011 2.0146851731048278e-010</rotation_covariance>
        <location_covariance>6.1483092277366448e-006 2.2629763246776758e-006 3.9435101494702911e-007 2.2629763246776758e-006 7.4913770809350692e-006 -1.6817933703033880e-006 3.9435101494702911e-007 -1.6817933703033880e-006 4.3667737083503974e-006</location_covariance>
      </camera>
      <camera id="27" sensor_id="0" label="DSC00618.JPG">
        <transform>9.9984895873029311e-001 1.7360930492164865e-002 8.1106004388176492e-004 2.6499132405326044e+001 1.7372471329974135e-002 -9.9969584762656127e-001 -1.7504555924113960e-002 3.5373319628978109e+001 5.0691797934966165e-004 1.7516002131120752e-002 -9.9984645456365184e-001 4.2172882377302096e-001 0 0 0 1</transform>
        <rotation_covariance>1.0758964827211345e-008 1.7697559701344588e-010 -8.8677648823074291e-011 1.7697559701344593e-010 4.2509140059693598e-009 3.0884034722605890e-011 -8.8677648823074291e-011 3.0884034722605877e-011 1.7304231056691571e-010</rotation_covariance>
        <location_covariance>6.0203467094259455e-006 1.8384405995688314e-006 2.3266736528243795e-007 1.8384405995688314e-006 6.0191112526804184e-006 -1.5048768928453749e-006 2.3266736528243795e-007 -1.5048768928453749e-006 3.6400510361673470e-006</location_covariance>
      </camera>
      <camera id="28" sensor_id="0" label="DSC00619.JPG">
        <transform>9.9986742601833933e-001 1.6215249669553091e-002 1.4819128231014179e-003 2.5946861465660039e+001 1.6234570860670396e-002 -9.9976852740994260e-001 -1.4118438636222993e-002 3.5335838088398006e+001 1.2526357934713947e-003 1.4140625117334131e-002 -9.9989923173530837e-001 3.7657263958498277e-001 0 0 0 1</transform>
        <rotation_covariance>1.0516884272173350e-008 1.4915780278361310e-010 -8.1108885096022513e-011 1.4915780278361310e-010 4.0269692983033148e-009 2.1873198950540858e-011 -8.1108885096022500e-011 2.1873198950540851e-011 1.6491223830809109e-010</rotation_covariance>
        <location_covariance>5.7266788227911417e-006 1.7932728065816644e-006 2.2301569496623072e-007 1.7932728065816644e-006 5.8325203030554799e-006 -1.4527004629579774e-006 2.2301569496623072e-007 -1.4527004629579774e-006 3.5802603569419447e-006</location_covariance>
      </camera>
      <camera id="29" sensor_id="0" label="DSC00620.JPG">
        <transform>9.9987264248973506e-001 1.5886561330651989e-002 -1.5218310294576199e-003 2.3892084552390870e+001 1.5864056638779930e-002 -9.9977882902286486e-001 -1.3806692023458789e-002 3.5121610962724375e+001 -1.7408353042059018e-003 1.3780791223891715e-002 -9.9990352498912971e-001 4.1099227284974105e-001 0 0 0 1</transform>
        <rotation_covariance>1.0189705092385701e-008 3.9045932968432179e-011 -1.2173020424254574e-010 3.9045932968432172e-011 3.7984458769912998e-009 2.1944251793191453e-011 -1.2173020424254574e-010 2.1944251793191456e-011 1.5103042981255575e-010</rotation_covariance>
        <location_covariance>5.0931987442382571e-006 1.5918027057420920e-006 2.4889082166130526e-007 1.5918027057420920e-006 5.5960453715616640e-006 -1.4054530392880053e-006 2.4889082166130526e-007 -1.4054530392880053e-006 3.3881328379985411e-006</location_covariance>
      </camera>
      <camera id="30" sensor_id="0" label="DSC00621.JPG">
        <transform>9.9988116176568442e-001 1.5345502940352647e-002 -1.4757661101616486e-003 2.1730054050332850e+001 1.5324041616932616e-002 -9.9979015966474249e-001 -1.3594498375126151e-002 3.4803087472740145e+001 -1.6840708496944480e-003 1.3570268127653875e-002 -9.9990650149317306e-001 4.7366615838513854e-001 0 0 0 1</transform>
        <rotation_covariance>9.7462524735140733e-009 7.8898502480337004e-011 -1.2420948214373695e-010 7.8898502480336978e-011 3.6545137246282658e-009 2.0498461785584114e-011 -1.2420948214373695e-010 2.0498461785584114e-011 1.4091606737961748e-010</rotation_covariance>
        <location_covariance>4.5401176107687731e-006 1.4791892744371423e-006 2.6434407841000526e-007 1.4791892744371423e-006 5.2826386459409244e-006 -1.3395901292022284e-006 2.6434407841000526e-007 -1.3395901292022284e-006 3.1903721771133095e-006</location_covariance>
      </camera>
      <camera id="31" sensor_id="0" label="DSC00622.JPG">
        <transform>9.9988192894813732e-001 1.5327727943000415e-002 -1.0903756492555720e-003 1.9570577887658388e+001 1.5309827387186102e-002 -9.9977218668567758e-001 -1.4872253195574316e-002 3.4408388954523573e+001 -1.3180850980462403e-003 1.4853803750018661e-002 -9.9988880740101804e-001 4.9318514487593645e-001 0 0 0 1</transform>
        <rotation_covariance>9.4133650389290124e-009 -3.2299736449655864e-012 -1.1797213298566505e-010 -3.2299736449655687e-012 3.5243385860273906e-009 2.1208016739647438e-011 -1.1797213298566505e-010 2.1208016739647438e-011 1.3411561025778053e-010</rotation_covariance>
        <location_covariance>4.0406499487821801e-006 1.2881509733905397e-006 2.4964143485684378e-007 1.2881509733905397e-006 5.0170270811317677e-006 -1.2740342453503026e-006 2.4964143485684378e-007 -1.2740342453503026e-006 2.9925684062034542e-006</location_covariance>
      </camera>
      <camera id="32" sensor_id="0" label="DSC00623.JPG">
        <transform>9.9988786993916379e-001 1.4956181553076354e-002 -7.4845298628780136e-004 1.7779949710027072e+001 1.4943970745690024e-002 -9.9978630812815938e-001 -1.4283410580711040e-002 3.4113253839417048e+001 -9.6191832981042287e-004 1.4270624121482072e-002 -9.9989770676820244e-001 5.2077343485699912e-001 0 0 0 1</transform>
        <rotation_covariance>8.9576728752949158e-009 -4.8480958805149672e-011 -1.0862779974169994e-010 -4.8480958805149640e-011 3.3638480637366790e-009 1.7682682361415839e-011 -1.0862779974169994e-010 1.7682682361415839e-011 1.2883701978472842e-010</rotation_covariance>
        <location_covariance>3.6246368246415040e-006 1.1558346854167150e-006 2.3169588064635986e-007 1.1558346854167150e-006 4.6891682615385621e-006 -1.2166015065360669e-006 2.3169588064635986e-007 -1.2166015065360669e-006 2.8531452243085690e-006</location_covariance>
      </camera>
      <camera id="33" sensor_id="0" label="DSC00624.JPG">
        <transform>9.9988459651380668e-001 1.5191175842148293e-002 -1.4775302406079606e-004 1.6458737873032430e+001 1.5187309667905123e-002 -9.9977449071904678e-001 -1.4842955653165983e-002 3.3936212393101933e+001 -3.7320165372703494e-004 1.4838998753407407e-002 -9.9988982634914436e-001 5.2142025484877075e-001 0 0 0 1</transform>
        <rotation_covariance>9.0247990200929105e-009 -5.0666462678481150e-011 -1.0676576616102531e-010 -5.0666462678481124e-011 3.3396565148313159e-009 1.9185232349236017e-011 -1.0676576616102533e-010 1.9185232349236017e-011 1.2841320422317334e-010</rotation_covariance>
        <location_covariance>3.3949781082731934e-006 1.0825927622408020e-006 2.2071912907085584e-007 1.0825927622408020e-006 4.7045805797186581e-006 -1.1768313046680711e-006 2.2071912907085584e-007 -1.1768313046680711e-006 2.7675288740466890e-006</location_covariance>
      </camera>
      <camera id="34" sensor_id="0" label="DSC00625.JPG">
        <transform>9.9989180428866486e-001 1.4709307063879729e-002 1.2649924470309245e-004 1.4327095279542711e+001 1.4709392606950603e-002 -9.9975578336352877e-001 -1.6492646855840138e-002 3.3628590235665598e+001 -1.1612705541564827e-004 1.6492723149236593e-002 -9.9986397904796509e-001 5.6884222994793443e-001 0 0 0 1</transform>
        <rotation_covariance>8.8685150312104567e-009 -1.5498843302399653e-010 -9.8139667590455123e-011 -1.5498843302399653e-010 3.3879011002794913e-009 3.2616891480517846e-011 -9.8139667590455123e-011 3.2616891480517840e-011 1.2656331003258904e-010</rotation_covariance>
        <location_covariance>3.1290366848009142e-006 9.1265670838113258e-007 1.7447909031935690e-007 9.1265670838113258e-007 4.5580468006635552e-006 -1.0961874629200974e-006 1.7447909031935690e-007 -1.0961874629200974e-006 2.6455594661445028e-006</location_covariance>
      </camera>
      <camera id="35" sensor_id="0" label="DSC00626.JPG">
        <transform>9.9989428192440488e-001 1.4510644488912717e-002 -9.3068329439456598e-004 1.2736519452227926e+001 1.4494361460926355e-002 -9.9977316457075538e-001 -1.5605540362873689e-002 3.3304669223811459e+001 -1.1569186307130294e-003 1.5590400915103308e-002 -9.9987779300201896e-001 6.6527104813619764e-001 0 0 0 1</transform>
        <rotation_covariance>8.7931743451978905e-009 9.1231916200108004e-011 -1.0972982411046456e-010 9.1231916200107991e-011 3.5617965127277573e-009 2.2492014487651642e-011 -1.0972982411046456e-010 2.2492014487651636e-011 1.2545580082284032e-010</rotation_covariance>
        <location_covariance>3.0581989572542574e-006 9.9912173352954388e-007 1.3334164014421670e-007 9.9912173352954388e-007 4.5002503454954462e-006 -1.0793622105308823e-006 1.3334164014421670e-007 -1.0793622105308823e-006 2.5558465594544876e-006</location_covariance>
      </camera>
      <camera id="36" sensor_id="0" label="DSC00627.JPG">
        <transform>9.9989241126513106e-001 1.4626708152218499e-002 -1.1069340690252820e-003 1.1166028925279184e+001 1.4606814973803129e-002 -9.9976144128089406e-001 -1.6238888024444842e-002 3.3015375437532470e+001 -1.3441914761017511e-003 1.6220972121892149e-002 -9.9986752783191057e-001 6.3787068170276562e-001 0 0 0 1</transform>
        <rotation_covariance>8.7446776578131052e-009 1.1793718536113028e-010 -1.2234627034827176e-010 1.1793718536113026e-010 3.3419741608596877e-009 2.3711634378672875e-011 -1.2234627034827173e-010 2.3711634378672871e-011 1.2077591621907146e-010</rotation_covariance>
        <location_covariance>2.7310292602798856e-006 9.4372610257993835e-007 1.2561789212834911e-007 9.4372610257993835e-007 4.4228432709412669e-006 -1.0383793176994268e-006 1.2561789212834911e-007 -1.0383793176994268e-006 2.4613110539126892e-006</location_covariance>
      </camera>
      <camera id="37" sensor_id="0" label="DSC00628.JPG">
        <transform>9.9989415966045070e-001 1.4537894349966555e-002 -5.6489361013993219e-004 9.5031723534263275e+000 1.4526961768971228e-002 -9.9976572146086484e-001 -1.6045858456287018e-002 3.2729708873148518e+001 -7.9803426268219998e-004 1.6035953969301603e-002 -9.9987109735285884e-001 6.4477213940229483e-001 0 0 0 1</transform>
        <rotation_covariance>8.7940937610043643e-009 1.4122033107022569e-010 -1.2149529393863119e-010 1.4122033107022561e-010 3.3935836497787690e-009 2.3432258046799787e-011 -1.2149529393863119e-010 2.3432258046799787e-011 1.2084014107693580e-010</rotation_covariance>
        <location_covariance>2.6055740390004549e-006 8.9334168543999423e-007 9.9834026817731491e-008 8.9334168543999423e-007 4.4227013126242825e-006 -9.9407377472232925e-007 9.9834026817731491e-008 -9.9407377472232925e-007 2.3856196626303027e-006</location_covariance>
      </camera>
      <camera id="38" sensor_id="0" label="DSC00629.JPG">
        <transform>9.9989697087592300e-001 1.4352327826028679e-002 2.4149353462049464e-004 8.1956022349189830e+000 1.4354348493372091e-002 -9.9977541697447747e-001 -1.5590647608121408e-002 3.2511885289427141e+001 1.7677213779997042e-005 1.5592507799709393e-002 -9.9987842930429904e-001 6.7253250786089458e-001 0 0 0 1</transform>
        <rotation_covariance>8.7565332546031174e-009 1.1234631429698428e-010 -1.1652514169976374e-010 1.1234631429698429e-010 3.3373930555062224e-009 2.4031297344392298e-011 -1.1652514169976372e-010 2.4031297344392298e-011 1.1874782156496858e-010</rotation_covariance>
        <location_covariance>2.4660321726311823e-006 8.3047304969863923e-007 8.0704373354933270e-008 8.3047304969863923e-007 4.3732050263056511e-006 -9.6013697320393726e-007 8.0704373354933270e-008 -9.6013697320393726e-007 2.3367415987596983e-006</location_covariance>
      </camera>
      <camera id="39" sensor_id="0" label="DSC00630.JPG">
        <transform>9.9990004842591573e-001 1.4105353279970572e-002 9.6548780326123791e-004 5.9667913797848326e+000 1.4119875837377702e-002 -9.9975241486467059e-001 -1.7197036913277688e-002 3.2193636402588893e+001 7.2267848180233212e-004 1.7208950610273173e-002 -9.9985165387406605e-001 6.5037398529366730e-001 0 0 0 1</transform>
        <rotation_covariance>8.9610290754206500e-009 1.4779021576414299e-011 -1.0205595827517943e-010 1.4779021576414325e-011 3.4647601971257132e-009 2.9921993619972094e-011 -1.0205595827517943e-010 2.9921993619972094e-011 1.2022393705690089e-010</rotation_covariance>
        <location_covariance>2.4034867942471338e-006 7.0643169818103585e-007 1.4785176189771979e-008 7.0643169818103585e-007 4.4331104690038190e-006 -9.1316541572857212e-007 1.4785176189771979e-008 -9.1316541572857212e-007 2.2730029767751909e-006</location_covariance>
      </camera>
      <camera id="40" sensor_id="0" label="DSC00631.JPG">
        <transform>9.9990188819520864e-001 1.3899509250219728e-002 1.7371316182628082e-003 5.0180029564413662e+000 1.3925266549315252e-002 -9.9977791424205709e-001 -1.5818000674308198e-002 3.2022231252315784e+001 1.5168833793781911e-003 1.5840638762529405e-002 -9.9987337859771441e-001 6.6795347235202851e-001 0 0 0 1</transform>
        <rotation_covariance>8.9657363144049857e-009 5.9015945706848281e-012 -9.2221124010381913e-011 5.9015945706848200e-012 3.5052613410576792e-009 2.5745742515818817e-011 -9.2221124010381926e-011 2.5745742515818811e-011 1.2039180268185592e-010</rotation_covariance>
        <location_covariance>2.3844278294319305e-006 6.7994789315352518e-007 -5.9652870009187930e-009 6.7994789315352518e-007 4.4149461563926692e-006 -8.8910906914901963e-007 -5.9652870009187930e-009 -8.8910906914901963e-007 2.2474180357569571e-006</location_covariance>
      </camera>
      <camera id="41" sensor_id="0" label="DSC00632.JPG">
        <transform>9.9990168317427408e-001 1.3910296849721089e-002 1.7685097695260468e-003 3.3496761964109987e+000 1.3937397451265454e-002 -9.9976891189572614e-001 -1.6366788295849234e-002 3.1778497933814471e+001 1.5404342042842135e-003 1.6389827588730997e-002 -9.9986449112570952e-001 6.7976081707187985e-001 0 0 0 1</transform>
