# Cameras (593)
# PhotoID, X, Y, Z, Omega, Phi, Kappa, r11, r12, r13, r21, r22, r23, r31, r32, r33
DSC00001.JPG	2693785.8548337054000000	1256204.4655616584000000	583.8848240212455500	1.0872187132690880	0.6032755625097171	149.6502910770210200	-0.8629096708989356	0.5050131350986358	0.0186717231914519	-0.5052484943810844	-0.8629030914014835	-0.0110550339398328	0.0105289503151197	-0.0189733557287793	0.9997645487701845
DSC00002.JPG	2693785.4414456598000000	1256204.9353379009000000	583.8986244863971300	1.3420851672349021	0.3933409264408669	148.0721100434188300	-0.8486943586294821	0.5285699849614891	0.0182114422356805	-0.5288390651718475	-0.8485665693102074	-0.0162487106341235	0.0068650403246000	-0.0234211111375321	0.9997021170200775
DSC00003.JPG	2693783.5792233218000000	1256206.6929694498000000	583.9310805490071100	1.5987227412924159	0.2968179096009135	146.3646208423420200	-0.8325682002187524	0.5535698101870146	0.0197650508226158	-0.5538983256559255	-0.8323353363441000	-0.0203600763386626	0.0051804266301134	-0.0278989806707482	0.9995973239547330
DSC00004.JPG	2693781.9283821154000000	1256208.1621781238000000	583.9286568614819500	1.6199336273633971	0.1429074763599369	145.1173379214328300	-0.8203224201990357	0.5716112609433418	0.0182124485327943	-0.5718958872628703	-0.8200374454009903	-0.0217642429694317	0.0024942034020954	-0.0282693208793761	0.9995972311118152
DSC00005.JPG	2693779.3256029859000000	1256210.0676861941000000	583.9233536755099300	1.8116877487765775	-0.1596342981819225	144.8950153797159400	-0.8180965147135212	0.5748610255909624	0.0159026372057172	-0.5750741952432890	-0.8176400938559501	-0.0274653761036852	-0.0027861404977665	-0.0316145247590449	0.9994962527420434
DSC00006.JPG	2693777.6625638884000000	1256211.4216472167000000	583.9277466846219800	1.7844265560911066	-0.3361806659310572	144.9065095627669000	-0.8182009560532318	0.5747829913403966	0.0131037543995321	-0.5749023993928381	-0.8177132160387456	-0.0288500864457916	-0.0058674258355181	-0.0311385481575109	0.9994978559920512
DSC00007.JPG	2693775.8910008799000000	1256212.8098003657000000	583.9366571529742500	1.8108793336766311	-0.4975512363031591	144.9048078920122900	-0.8181671152131234	0.5748739841853243	0.0110667922510387	-0.5749149182565159	-0.8176315693295848	-0.0308456415356207	-0.0086837981286735	-0.0315993535144650	0.9994628920112684
DSC00008.JPG	2693774.8996986076000000	1256213.5900469332000000	583.9256060669501900	1.8721019544298907	-0.5491804930687025	144.9004324816852700	-0.8181164750830390	0.5749483487058504	0.0109466669867593	-0.5749726633821919	-0.8175373150822421	-0.0322362344467717	-0.0095848610262116	-0.0326670287680784	0.9994203298265320
DSC00009.JPG	2693773.0332131200000000	1256215.0864936924000000	583.8990446924384500	1.9656281222976097	-0.6831943990567537	144.8518512327280800	-0.8176080924846251	0.5756882490269321	0.0100023515214284	-0.5756516587869115	-0.8169496437304402	-0.0349062651193669	-0.0119237091347407	-0.0342975150850885	0.9993405353629256
DSC00010.JPG	2693772.2104289457000000	1256215.7039851209000000	583.8824951760289000	2.0122822334358816	-0.7816462769716663	144.8588419162036900	-0.8176603604953247	0.5756295715300477	0.0090626295736608	-0.5755392549952469	-0.8169564564602682	-0.0365611023821516	-0.0136418779561943	-0.0351104632270195	0.9992903254499228
DSC00011.JPG	2693770.2197842896000000	1256217.3265681441000000	583.8656899358611600	2.0305894200840844	-0.9001834694076798	144.8087307045139200	-0.8171318642571213	0.5764008324107691	0.0075892563439470	-0.5762366666626535	-0.8163987316654696	-0.0380054591937350	-0.0157105190619401	-0.0354286795010092	0.9992487119129146
DSC00012.JPG	2693768.6468199808000000	1256218.5772243270000000	583.8988803094965800	2.0287967814190653	-1.0254111118647837	144.7746480306306000	-0.8167589417213301	0.5769498052521361	0.0058097622821507	-0.5767014564397895	-0.8160122776250643	-0.0392350978765275	-0.0178958447265932	-0.0353961153896510	0.9992131172862196
DSC00013.JPG	2693767.4744855091000000	1256219.4734020198000000	583.8989452243087000	2.0965334277850101	-1.1202564326021553	144.7528062086421400	-0.8165137251666877	0.5773029948788561	0.0051564249555333	-0.5769948858005587	-0.8157103835098502	-0.0411518164145040	-0.0195509174827804	-0.0365762537463397	0.9991395994992216
DSC00014.JPG	2693765.6056969836000000	1256220.9504936589000000	583.8714100292103200	2.1845889950189381	-1.2129192043385248	144.7111392141546600	-0.8160670271040517	0.5779377053839738	0.0047556249917870	-0.5775695016982810	-0.8151905293178159	-0.0433344160978228	-0.0211678525494384	-0.0381104920730110	0.9990493042950376
DSC00015.JPG	2693764.8804105930000000	1256221.6285834908000000	583.8797475514867300	2.1501442131423771	-1.1853576856583021	144.7156874582371700	-0.8161210906224069	0.5778610156213233	0.0047970893660710	-0.5775105339626871	-0.8152727316979086	-0.0425670777944926	-0.0206869186546818	-0.0375102595955167	0.9990820946356970
DSC00016.JPG	2693763.2703275681000000	1256222.8937260539000000	583.9119109437351700	2.1513638391976064	-1.2855730032458137	144.6555985836475600	-0.8154842167753271	0.5787691563941597	0.0034286727934344	-0.5783443058288015	-0.8146273714945667	-0.0435902457810808	-0.0224355990723000	-0.0375301108264618	0.9990436099968911
DSC00017.JPG	2693761.4524327163000000	1256224.3735027409000000	583.9339090793913600	2.1541723494327774	-1.3517578648628568	144.6095371824419800	-0.8149973375644496	0.5794590843840822	0.0025513305586843	-0.5789843098502207	-0.8141345449286599	-0.0442957300545738	-0.0235904368361910	-0.0375780824226712	0.9990152045946610
DSC00018.JPG	2693759.3804360144000000	1256225.9986981244000000	583.9257012547278700	2.1643216060617494	-1.4292203193871662	144.5499958917190200	-0.8143684964248841	0.5803459246849041	0.0015999163406978	-0.5798119074263303	-0.8134944731269345	-0.0452205063944662	-0.0249420134975931	-0.0377538063452561	0.9989757484889865
DSC00019.JPG	2693758.4536426775000000	1256226.7262930165000000	583.9052025417632900	2.1529973210506794	-1.4221488904554886	144.5345626150364600	-0.8142147888805090	0.5805615597855235	0.0015977695916347	-0.5800330275722255	-0.8133497318548864	-0.0449877829747452	-0.0248186319861889	-0.0375564773505833	0.9989862594226956
DSC00020.JPG	2693756.6843831912000000	1256228.0249546079000000	583.8526816079783000	2.2280491397646229	-1.5332776757452398	144.4699267736576800	-0.8135192259887889	0.5815374229228348	0.0008334787759180	-0.5809221139473551	-0.8125908486104726	-0.0471763741871757	-0.0267575498418316	-0.0388630736661454	0.9988862272709952
DSC00021.JPG	2693755.5373798870000000	1256228.9490281595000000	583.8192813449558100	2.1692449945520806	-1.5801557236040276	144.4356388521514400	-0.8131533541626265	0.5820493640909235	-0.0004004690025083	-0.5813959224126644	-0.8122726740341354	-0.0468175652865706	-0.0275754241308691	-0.0378370292013919	0.9989033763108502
DSC00022.JPG	2693754.4959852397000000	1256229.7236574511000000	583.7669878433114300	2.2146278509053752	-1.6678354695572284	144.3821065759469200	-0.8125745371133845	0.5828561806532437	-0.0011376771434095	-0.5821301523131497	-0.8116567390702817	-0.0483510464174823	-0.0291051095658161	-0.0386265529928576	0.9988297562653267
DSC00023.JPG	2693753.2602424957000000	1256230.7491625275000000	583.7685404292390100	2.1948260049849710	-1.7140200630476914	144.1911576191165800	-0.8106106804997344	0.5855825893950639	-0.0018318452799318	-0.5848210553694645	-0.8097083667320630	-0.0485457932331999	-0.0299108317554541	-0.0382804367982806	0.9988192780990113
DSC00024.JPG	2693752.1712977756000000	1256231.6289175926000000	583.8175011458172300	2.1119070544204912	-1.6508003116109151	144.1442580477078100	-0.8101579584819931	0.5862090322729702	-0.0017472234765292	-0.5855033615292138	-0.8093219834384030	-0.0467305121020523	-0.0288079146464993	-0.0368360910645664	0.9989060048116655
DSC00025.JPG	2693751.3070368767000000	1256232.3270479438000000	583.8317022250381600	2.2656057362474615	-1.7118704950119423	144.1135174869253600	-0.8098183681541861	0.5866798007210614	-0.0010109530094843	-0.5859196145089558	-0.8088543929306313	-0.0495255123193722	-0.0298733314809058	-0.0395143323708706	0.9987723472361039
DSC00026.JPG	2693750.1442255490000000	1256233.3053715036000000	583.8633148905548800	2.1440927153415004	-1.6991866171947041	144.0391661277819800	-0.8090626857217182	0.5877189070832273	-0.0020141573069408	-0.5869738718708710	-0.8082004723666566	-0.0476830180172316	-0.0296520541224077	-0.0373962929073267	0.9988604872368871
DSC00027.JPG	2693750.0741901547000000	1256233.1859332377000000	583.8731055790132100	2.0704206693976301	-1.6726726678995638	143.9477755817446500	-0.8081364020395263	0.5889908023648881	-0.0023217295653833	-0.5882716454685666	-0.8073324775585634	-0.0463760910044902	-0.0291894987335238	-0.0361123996532655	0.9989213521368777
DSC00028.JPG	2693752.0573573261000000	1256235.1547292187000000	583.8572064761916600	2.1384484642774804	-1.5373081702112426	143.6721374242940500	-0.8053503189098273	0.5927989601617514	0.0005066191721598	-0.5921918010440307	-0.8044861949242911	-0.0459438021115228	-0.0268278699875016	-0.0373008714024496	0.9989438975160474
DSC00029.JPG	2693752.3221119121000000	1256234.8901002461000000	583.8613056877749200	2.1775889261417829	-1.5709394780850177	143.6111529614956300	-0.8047067305362398	0.5936723327334544	0.0004890567389838	-0.5930392194707999	-0.8038099765573599	-0.0468402151609157	-0.0274146311144202	-0.0379826662265187	0.9989022750335417
DSC00030.JPG	2693754.1213095076000000	1256233.2801456428000000	583.8481679570639900	2.1644867995461023	-1.6451555114273704	143.5409502774098200	-0.8039502597433735	0.5946962104575511	-0.0006301793318828	-0.5940031550402954	-0.8030635953728611	-0.0474248203896295	-0.0287094350473343	-0.0377528681591460	0.9988746113927519
DSC00031.JPG	2693756.0863506105000000	1256231.8874123183000000	583.8595630109757600	2.0158513658144526	-1.5072833257257310	143.4758980148951400	-0.8033285155026482	0.5955361115999249	-0.0001896332076944	-0.5949549517215452	-0.8025585623237509	-0.0439130898804459	-0.0263040225502749	-0.0351638140888644	0.9990353370008483
DSC00032.JPG	2693758.9868296701000000	1256229.6366611721000000	583.9026450391053200	2.1649723457289562	-1.5542550802008206	143.4323744676437100	-0.8028587493180550	0.5961688390548086	0.0007375523645881	-0.5955519642547216	-0.8019704924171366	-0.0464885702571941	-0.0271235417265373	-0.0377630061337467	0.9989185496585551
DSC00033.JPG	2693760.5672647581000000	1256228.4648555031000000	583.9087593019439700	2.1141672763470694	-1.5378569644909359	143.4088908798868300	-0.8026207853793100	0.5964894515514908	0.0004572361549275	-0.5958855816626150	-0.8017732739032188	-0.0456069163737368	-0.0268374448058420	-0.0368775194707536	0.9989593585897163
DSC00034.JPG	2693761.6584928352000000	1256227.5877316911000000	583.8778477611075500	2.1923185661883706	-1.5726620564627229	143.3833682600022100	-0.8023420329265844	0.5968639835054236	0.0008046075276093	-0.5962332190458451	-0.8014306776255589	-0.0470618472530207	-0.0274446844664873	-0.0382394319345244	0.9988916533537859
DSC00035.JPG	2693763.4773979355000000	1256226.1073172335000000	583.8462574022762500	2.2769325138114271	-1.5788411248644862	143.3435335752092500	-0.8019249309624170	0.5974225789461092	0.0016331767517373	-0.5967891298133488	-0.8009425862374021	-0.0483084680772177	-0.0275524887723081	-0.0397144270602239	0.9988311291933837
DSC00036.JPG	2693764.7370141968000000	1256225.1646062373000000	583.8162223448040300	2.3673965889458266	-1.5284029861910031	143.3283523635802500	-0.8017859196892929	0.5976022785769651	0.0032947879467551	-0.5970158429118488	-0.8007287014017764	-0.0490472227927233	-0.0266725008248043	-0.0412924132383174	0.9987910263457052
DSC00037.JPG	2693766.5659222789000000	1256223.7603166271000000	583.8187724933499100	2.3920863494490869	-1.4339744372087702	143.2752733016047600	-0.8012666430826581	0.5982872098396875	0.0049174409289921	-0.5977838387992451	-0.8001946473350942	-0.0484046324921736	-0.0250249626070923	-0.0417245841022554	0.9988157038853603
DSC00038.JPG	2693768.4018418193000000	1256222.3234019005000000	583.7994991709653000	2.4642619191101840	-1.3864772108496355	143.2381370482129300	-0.8008953657388391	0.5987704749419844	0.0063664335229352	-0.5983152643517951	-0.7997664191870643	-0.0489133845112233	-0.0241962307331749	-0.0429836373338942	0.9987827338014286
DSC00039.JPG	2693770.1317354385000000	1256220.8516607890000000	583.8125464472673200	2.5991386741494598	-1.3891784595360990	143.1870643836538200	-0.8003608035157315	0.5994680983166719	0.0077835272367766	-0.5990282493890714	-0.7991137399100229	-0.0508171931621635	-0.0242433625868412	-0.0453346422464020	0.9986776404740791
DSC00040.JPG	2693771.9796318952000000	1256219.4966076356000000	583.8527407951646600	2.5875258343564784	-1.2699516617681750	143.1820375043293700	-0.8003468974154846	0.5994645874846866	0.0093301741260452	-0.5991274023175138	-0.7991277079865913	-0.0494091299292464	-0.0221630230265508	-0.0451344068301787	0.9987350428068560
DSC00041.JPG	2693773.8446614016000000	1256217.9815239469000000	583.8437760959584500	2.5996879446369774	-1.2224607690360170	143.1613528940982600	-0.8001449789601182	0.5997209656646741	0.0101378492365496	-0.5994271084105680	-0.7989232708049281	-0.0490790084343658	-0.0213343466611313	-0.0453472238244663	0.9987434480105271
DSC00042.JPG	2693775.9967720304000000	1256216.1722676305000000	583.8243825472068200	2.7426344995521998	-1.2177870198384400	143.1302294766906900	-0.7998206380337481	0.6001245081926825	0.0117269621718168	-0.5998627057682444	-0.7984748040817922	-0.0510168744137117	-0.0212527928444408	-0.0478389163028907	0.9986289385368703
DSC00043.JPG	2693777.5919494033000000	1256214.8959570909000000	583.8187331711502600	2.7391418106318701	-1.2388905580017273	143.1199863231655300	-0.7997070679593598	0.6002820380439624	0.0114052732378861	-0.6000009469377168	-0.7983600501455124	-0.0511868538347346	-0.0216210344268511	-0.0477776635410552	0.9986239661338350
DSC00044.JPG	2693779.3062053472000000	1256213.4162436251000000	583.8768381058655500	2.7880816174934546	-1.1961037314545042	143.1075840732532900	-0.7995898629736412	0.6004158222076086	0.0125256326209541	-0.6001835628514272	-0.7982078846156141	-0.0514185163188687	-0.0208744320344449	-0.0486314032311247	0.9985986404492103
DSC00045.JPG	2693780.5580262765000000	1256212.4119542774000000	583.8987886586051000	2.7106359871408072	-1.1519508812220214	143.0482968405693500	-0.7989810084775209	0.6012287878577126	0.0123811446720169	-0.6010201144983234	-0.7976768311625018	-0.0498647670702695	-0.0201039812143265	-0.0472823188696968	0.9986792339192993
DSC00046.JPG	2693782.5145455971000000	1256210.7754001857000000	583.8479828586243900	2.7563842238097074	-1.1119927040776210	142.8412060752732500	-0.7968144378391987	0.6040710446958014	0.0135986988761702	-0.6039123537745704	-0.7954787558903589	-0.0500341671818844	-0.0194067155763020	-0.0480803690423656	0.9986549241371068
DSC00047.JPG	2693783.2661791518000000	1256210.2076611230000000	583.8481702319658100	2.8511456076876374	-1.1172904011181177	142.8157575752417800	-0.7965446924827646	0.6044046142342479	0.0145469986556748	-0.6042651203103856	-0.7951237650503928	-0.0513990527963624	-0.0194991603361082	-0.0497318865964105	0.9985722418542131
DSC00048.JPG	2693784.8269351646000000	1256209.0925378357000000	583.8273105163391400	2.9243561629063262	-1.1362806732024155	142.7806055673100600	-0.7961686246324217	0.6048866644423573	0.0150878868870762	-0.6047497588864577	-0.7946762628979900	-0.0526057631182717	-0.0198305390166070	-0.0510074540266790	0.9985013717346749
DSC00049.JPG	2693785.4495562837000000	1256208.5933259234000000	583.8133026390352100	2.9178942639531100	-1.1195609250324141	142.7897400505129600	-0.7962696027000231	0.6047498325201474	0.0152433553655725	-0.6046262943808468	-0.7947875976829408	-0.0523423223850989	-0.0195387809044736	-0.0508951337185960	0.9985128549019953
DSC00050.JPG	2693787.1771987043000000	1256207.0820865205000000	583.8266952422538900	2.8609933304130650	-1.0386246506309409	142.7607555957803500	-0.7959848150875571	0.6051105617857208	0.0157918385692531	-0.6050451278967290	-0.7945758103952816	-0.0506919593536577	-0.0181264270737151	-0.0499048048794057	0.9985894767578366
DSC00051.JPG	2693787.8074687161000000	1256206.5647660897000000	583.8235336320196900	2.9001047816616636	-1.0388795884257680	142.7643921142951100	-0.7960231510068824	0.6050493900049525	0.0161981083991103	-0.6049945573326399	-0.7945792891493436	-0.0512380605878760	-0.0181308758464022	-0.0505864498611888	0.9985550973438989
DSC00052.JPG	2693789.2651250288000000	1256209.4106309025000000	583.8290218004673300	2.8755766192171262	-1.0291852491402229	142.6322980118810100	-0.7946286623894830	0.6068798490295222	0.0161906686398580	-0.6068300141334690	-0.7932092482721063	-0.0507584712375517	-0.0179617052607703	-0.0501591197839864	0.9985797113133338
DSC00053.JPG	2693788.6657593120000000	1256209.7678639754000000	583.8438897201424400	2.8727974925699575	-1.0545442668007809	142.6385722925020300	-0.7946887131303568	0.6068113961256921	0.0158043903775323	-0.6067381095045782	-0.7932647031943412	-0.0509899709825840	-0.0184042304383498	-0.0501102803622404	0.9985741054643814
DSC00054.JPG	2693787.0779973473000000	1256211.0405272164000000	583.8800049631504400	2.9924129186528745	-1.0164907352018193	142.4825137033520300	-0.7930426930759833	0.6089076790463734	0.0177405004763168	-0.6089076883979273	-0.7915219945920016	-0.0521953933502986	-0.0177401794997684	-0.0521955024447377	0.9984793015159893
DSC00055.JPG	2693784.8272079434000000	1256212.9550542131000000	583.9007495342485800	2.9573322907490116	-1.0766587537503784	142.4710169041361200	-0.7929052842852153	0.6091202043927086	0.0165465027473273	-0.6090551214838960	-0.7913986062822446	-0.0523460119661263	-0.0187901342948700	-0.0515831617401059	0.9984919169818426
DSC00056.JPG	2693783.1572332084000000	1256214.2451076875000000	583.9159495625124200	2.9617555655791166	-1.1075941779613627	142.4334198360307700	-0.7924972990142071	0.6096602101504910	0.0162005930275969	-0.6095690146772996	-0.7909776874818175	-0.0527248921408304	-0.0193299612139381	-0.0516597141414438	0.9984776544992342
DSC00057.JPG	2693781.0411785170000000	1256215.8756724619000000	583.9068915882979800	2.8971701271493258	-1.0391120061876207	142.3972271247824300	-0.7921298256818405	0.6101297930985832	0.0164916596720153	-0.6100831611508909	-0.7906881932573628	-0.0510951810207536	-0.0181349316346461	-0.0505353007004798	0.9985576135795664
DSC00058.JPG	2693779.5291130245000000	1256217.0435467518000000	583.9045671705624700	2.8758982312392836	-1.0337562292829621	142.3788132111060100	-0.7919350533937863	0.6103862483272482	0.0163553984717010	-0.6103387391693343	-0.7905138426668897	-0.0507394128978170	-0.0180414709868133	-0.0501646529442324	0.9985779954112830
DSC00059.JPG	2693777.3742211740000000	1256218.4414349387000000	583.8868008649092200	3.0217559986124303	-1.1988182324467875	142.3350843134559500	-0.7914245763849048	0.6110658806699167	0.0156725675966978	-0.6109086824022746	-0.7898232835605509	-0.0544955274416767	-0.0209217986676714	-0.0527036073407604	0.9983910096318880
DSC00060.JPG	2693775.5595079567000000	1256220.0428420671000000	583.8918586174604600	2.7939772341545184	-1.0861809075093314	142.3240250449954700	-0.7913376681066590	0.6112000092320341	0.0148068818553092	-0.6110853899544209	-0.7899742711971741	-0.0501527370214938	-0.0189562976281984	-0.0487360191363162	0.9986317936151320
DSC00061.JPG	2693773.6042058840000000	1256221.6899113860000000	583.8685048911082700	2.7823509244711775	-1.0732405522709783	142.2977041110764600	-0.7910602271529372	0.6115571726337218	0.0148842741506563	-0.6114514583462833	-0.7897102732839774	-0.0498477517642395	-0.0187304859239376	-0.0485335849695274	0.9986459132380501
DSC00062.JPG	2693772.2716466635000000	1256222.7299168718000000	583.8528834845253600	2.8377763714870659	-1.1527447634321819	142.2776412640554300	-0.7908247515959296	0.6118732896854844	0.0143975564836512	-0.6117119297573830	-0.7894054713547520	-0.0514540259618267	-0.0201178342704920	-0.0494982743602774	0.9985715765930951
DSC00063.JPG	2693770.5390034169000000	1256224.1576134039000000	583.8358669890673100	2.7625367406942467	-1.1253257357920876	142.2554129967389300	-0.7905948968412743	0.6121796688277476	0.0139915032246191	-0.6120245125631694	-0.7892490283833051	-0.0501195293056864	-0.0196393765265054	-0.0481873870422362	0.9986452175921597
DSC00064.JPG	2693769.0081913620000000	1256225.3503541721000000	583.8449604268076900	2.8593662232472576	-1.2351069891609157	142.2467129948086900	-0.7904707523765546	0.6123505271087585	0.0135211533113587	-0.6121203893068262	-0.7890117303252564	-0.0526224135136772	-0.0215550140826472	-0.0498730524308530	0.9985229391501861
DSC00065.JPG	2693767.3827227280000000	1256226.7677171528000000	583.8547441431961700	2.7390422060411961	-1.1816735795756448	142.2618251994029500	-0.7906477294999860	0.6121341785238076	0.0129582143638801	-0.6119239126407317	-0.7893092625329202	-0.0503985438102720	-0.0206226325907995	-0.0477769354680802	0.9986451178783701
DSC00066.JPG	2693765.8698739950000000	1256227.8602005949000000	583.8767829149841200	2.9202888344099174	-1.3437910848797383	142.2153014950776000	-0.7901013125800207	0.6128446013892253	0.0127047395648501	-0.6125275066054685	-0.7885603128191475	-0.0546139789637802	-0.0234514287627936	-0.0509325789122300	0.9984267138324842
DSC00067.JPG	2693764.8550693113000000	1256228.6905834733000000	583.8828403128458100	2.9154927087511804	-1.3604975404633439	142.2536541046289900	-0.7905057081507531	0.6123294003002135	0.0123867230960241	-0.6119942799122804	-0.7889658548308899	-0.0547346441078492	-0.0237429302261969	-0.0508486522824791	0.9984241021857042
DSC00068.JPG	2693762.9410361182000000	1256230.3004068171000000	583.8670968004588500	2.8802303105736451	-1.3858698968925101	142.2110719198048500	-0.7900422696538443	0.6129407020728231	0.0117007650466708	-0.6125751115236485	-0.7885304545290043	-0.0545110541273205	-0.0241856342069413	-0.0502336343773483	0.9984446089169149
DSC00069.JPG	2693761.9138461147000000	1256231.0703889544000000	583.8787532677545200	2.8655550867657453	-1.4293699891160652	142.2113396392044000	-0.7900303930371634	0.6129699804823892	0.0109444554439518	-0.6125599919725615	-0.7885240045302570	-0.0547736297331358	-0.0249446249144022	-0.0499769677650328	0.9984388155419904
DSC00070.JPG	2693759.9594220798000000	1256232.4986267763000000	583.8512948107006700	2.8802481473744828	-1.4415664953302367	142.2030291031890700	-0.7899373214712061	0.6130899671384354	0.0109416790799367	-0.6126713082873262	-0.7884144620799315	-0.0551044824375327	-0.0251574273007481	-0.0502327400945268	0.9984206406491222
DSC00071.JPG	2693758.9040601756000000	1256233.3517651029000000	583.8373463746918300	2.8085054152561626	-1.3567088037585771	142.1848233334685600	-0.7897711733260986	0.6132963856919154	0.0113594489457380	-0.6129444524923677	-0.7883324687546915	-0.0532073008708869	-0.0236768228854510	-0.0489843036529758	0.9985188761629319
DSC00072.JPG	2693757.4992304612000000	1256234.5076749288000000	583.8612420093351100	2.7510683646539955	-1.3385226964938042	142.1689201100990100	-0.7896069077292619	0.6135142392145540	0.0110095207534356	-0.6131682190680967	-0.7882244902169735	-0.0522196145816025	-0.0233595032286993	-0.0479836566257706	0.9985749357488043
DSC00073.JPG	2693756.9977154694000000	1256234.9842187769000000	583.8675929552716800	2.7358785948614743	-1.3505086461349372	142.1555470453430400	-0.7894598941210422	0.6137089806482471	0.0106940472264882	-0.6133494882909686	-0.7880889632440818	-0.0521362755293776	-0.0235686399183243	-0.0477186869534142	0.9985827187208091
DSC00074.JPG	2693755.8854123410000000	1256235.9169191974000000	583.8713578221627400	2.6972379723455506	-1.3489125337267711	142.1612153761525700	-0.7895210877641511	0.6136370452915414	0.0102970200339136	-0.6132717857288310	-0.7881854607017701	-0.0515887232572117	-0.0235407902306331	-0.0470452567662814	0.9986153288484571
DSC00075.JPG	2693754.4751124699000000	1256236.9870929343000000	583.8734266543459600	2.6676916432756652	-1.3272675741616120	142.1363307709990800	-0.7892616227322612	0.6139706732224048	0.0103006458469868	-0.6136200460158828	-0.7879561579787150	-0.0509463662186801	-0.0231631174392272	-0.0465306944526891	0.9986482686432930
DSC00076.JPG	2693753.5124140214000000	1256237.5655536647000000	583.8459742749731700	2.5894406962184942	-1.2957627222049197	142.1399595514867000	-0.7893104206044302	0.6139146503535339	0.0098925227599196	-0.6135777816640341	-0.7880791295457904	-0.0495337402443230	-0.0226133980971472	-0.0451673295164499	0.9987234585063336
DSC00077.JPG	2693753.4438373074000000	1256237.6339916736000000	583.7867670538692000	2.5495145293144295	-1.3128026278552345	142.0663340922655800	-0.7885159783492989	0.6149440502716528	0.0092933806197224	-0.6145873824254370	-0.7873157813138182	-0.0491549576102111	-0.0229107235000913	-0.0444710639596926	0.9987479277670595
DSC00078.JPG	2693755.7065424286000000	1256239.9495873090000000	583.8972485557159200	2.4645338373431835	-1.3902367666347029	142.1317257178034200	-0.7891917287204966	0.6141039769615969	0.0072609089723655	-0.6136674824500118	-0.7880534948618941	-0.0488253030653052	-0.0242618280972127	-0.0429883090607809	0.9987809414388504
DSC00079.JPG	2693756.0457672328000000	1256239.4406437390000000	583.8846766605180400	2.5557110921935555	-1.4081052479497891	142.0627357268676900	-0.7884462324108522	0.6150509661881519	0.0080528000194395	-0.6146126233914544	-0.7872262519329576	-0.0502608340108057	-0.0245735989428995	-0.0445773177592417	0.9987036602398056
DSC00080.JPG	2693759.1122202855000000	1256236.6142535058000000	583.8815633992571700	2.4562553963556262	-1.3261492288640269	142.0190387063851700	-0.7880041643550420	0.6156159825050925	0.0081485608178149	-0.6152347605258443	-0.7868807130036836	-0.0480097171781045	-0.0231436038641146	-0.0428451349292331	0.9988136302699702
DSC00081.JPG	2693761.4802173432000000	1256234.9444714058000000	583.8969848521439900	2.3145363958338137	-1.2010195493936096	142.0272505859551000	-0.7881302988563325	0.6154519420967715	0.0083390043734515	-0.6151514460696895	-0.7871395374819940	-0.0447218842514758	-0.0209602104712190	-0.0403764225996443	0.9989646710845471
DSC00082.JPG	2693763.3927077577000000	1256233.5047461153000000	583.9053680214873300	2.2895676734289827	-1.2120820373143792	142.0279967591268100	-0.7881351050839724	0.6154513455253811	0.0079181705762287	-0.6151386806090115	-0.7871622222328299	-0.0444976348593660	-0.0211532445000912	-0.0399409211269733	0.9989781094031281
DSC00083.JPG	2693765.0260408875000000	1256232.1157057157000000	583.9110905323267400	2.2879815888760136	-1.3018993504223102	142.0435182687676800	-0.7882746036195830	0.6152876311216700	0.0066543427228424	-0.6149040000736713	-0.7872916687573276	-0.0454411597420342	-0.0227204749463480	-0.0399118941418032	0.9989448536952509
DSC00084.JPG	2693767.6781059895000000	1256229.9858350977000000	583.9655270055884600	2.3020845032914594	-1.3428887494466180	142.0682627332800200	-0.7885270679472766	0.6149685720448372	0.0062224200762048	-0.6145533596138963	-0.7875284513760362	-0.0460771793899638	-0.0234356843668754	-0.0401571123264098	0.9989185026957208
DSC00085.JPG	2693769.7911213562000000	1256228.0174879998000000	583.9509953998137900	2.6752842979653786	-1.5521088008573225	142.0648323234287600	-0.7884175199436861	0.6150965113462218	0.0073549966386797	-0.6145438614595009	-0.7870700557510594	-0.0534468865554430	-0.0270860958481160	-0.0466584297821098	0.9985436066301633
DSC00086.JPG	2693770.7039318457000000	1256227.3858959347000000	583.9395725640625900	2.6353236429229301	-1.5390153205177173	142.0677553237414900	-0.7884537320444376	0.6150530511234487	0.0071032900078017	-0.6145074277925134	-0.7871449763525792	-0.0527580078350814	-0.0268576546449452	-0.0459622726443583	0.9985820626670293
DSC00087.JPG	2693772.4375850782000000	1256226.0163691600000000	583.9250179090209900	2.6978160281896915	-1.5582557004676580	142.0684317756058300	-0.7884538288926071	0.6150481074115350	0.0075090128563415	-0.6144925402037194	-0.7870845137980291	-0.0538227291513554	-0.0271933399671283	-0.0470509692653519	0.9985222724369363
DSC00088.JPG	2693774.0712094605000000	1256224.6897620813000000	583.9320284521865000	2.7186718711342888	-1.5605913603277664	142.0777352343145300	-0.7885527222122185	0.6149190495354900	0.0076919964943442	-0.6143638243281840	-0.7871635403180352	-0.0541354980657378	-0.0272340898241121	-0.0474143787510363	0.9985039714688699
DSC00089.JPG	2693775.1729551181000000	1256223.8670251707000000	583.9306328976034600	2.6639618316249760	-1.5019427793556612	142.0725316397395400	-0.7885184986068698	0.6149600925801273	0.0079159262635211	-0.6144522511812489	-0.7871882555850478	-0.0527549171856528	-0.0262108445698251	-0.0464621868061662	0.9985761146873710
DSC00090.JPG	2693777.3767977022000000	1256222.0671185481000000	583.9176760378032900	2.7848715133913680	-1.5295326734204195	142.0668633063839400	-0.7884476600311835	0.6150383282628572	0.0088398053701029	-0.6145224270003669	-0.7869999575700379	-0.0547106342344681	-0.0266922105665698	-0.0485687301912351	0.9984631211730760
DSC00091.JPG	2693778.2669436987000000	1256221.3642825501000000	583.9116563450847900	2.7852078007530370	-1.5125348173632673	142.0797544956894600	-0.7885921158762441	0.6148498227897196	0.0090647776188296	-0.6143498552301240	-0.7871468524994751	-0.0545351994485673	-0.0263956465454844	-0.0485749731407002	0.9984707015370186
DSC00092.JPG	2693779.9058432151000000	1256220.0467941153000000	583.9180834500031100	2.8487193858675486	-1.4498712606965694	142.0847157533106300	-0.7886676129418785	0.6147283730441084	0.0106030029285574	-0.6142989407138336	-0.7871725433838788	-0.0547375408692922	-0.0253023266602364	-0.0496831391630918	0.9984444791516851
DSC00093.JPG	2693781.3468018398000000	1256218.9514351389000000	583.9330470601845500	2.8567177163138182	-1.4059754613081572	142.0773405736426000	-0.7886035932066013	0.6147980959765108	0.0112992904774908	-0.6144121873580968	-0.7871092192313514	-0.0543759232275801	-0.0245364383616754	-0.0498234702190659	0.9984566014644072
DSC00094.JPG	2693783.1942105684000000	1256217.5108196719000000	583.9099961019806000	2.8676749782901596	-1.3980305343748474	142.1088041302906500	-0.7889435517018171	0.6143581284839802	0.0114961817045402	-0.6139811225632772	-0.7874405573341683	-0.0544476794840047	-0.0243978147394509	-0.0500145841821781	0.9984504434397450
DSC00095.JPG	2693783.9793065432000000	1256216.8853795140000000	583.8949386717018800	2.8818991364550919	-1.3493220651735087	142.0895922766778200	-0.7887537124605434	0.6145855406480669	0.0123367056394217	-0.6142581507750246	-0.7872472265464595	-0.0541177281614330	-0.0235479359213848	-0.0502634809899881	0.9984583502543365
DSC00096.JPG	2693785.5269185025000000	1256215.5329489191000000	583.9008434297628600	2.9333948712139093	-1.3624423660979808	142.1016901479794700	-0.7888791183055385	0.6144172204279031	0.0126970840402881	-0.6140882651766796	-0.7873208212305188	-0.0549684184709475	-0.0237768642544049	-0.0511605678091141	0.9984073602631729
DSC00097.JPG	2693787.5503025260000000	1256213.9017578282000000	583.8959275211938100	2.9832353817636879	-1.3318789592286788	142.1220404308577700	-0.7891070790181580	0.6141043742829544	0.0136321432640595	-0.6138157328138086	-0.7875079225981683	-0.0553309858520933	-0.0232435796227188	-0.0520296966323921	0.9983750030297552
DSC00098.JPG	2693788.6795862149000000	1256212.9703775714000000	583.8858815566934500	3.0211508511918388	-1.3224921217856633	142.1178245784215300	-0.7890649069991910	0.6141463463224698	0.0141717268220743	-0.6138761240895941	-0.7874312479355903	-0.0557506416764524	-0.0230797923538184	-0.0526905596227670	0.9983441431247766
DSC00099.JPG	2693790.1333801169000000	1256211.7327237725000000	583.8822493976528000	2.9901344878842551	-1.2621671804851178	142.1273122203975800	-0.7891852927307826	0.6139801804106647	0.0146598704058661	-0.6137600317534185	-0.7875967082374843	-0.0546813368117653	-0.0220271913659359	-0.0521513493245089	0.9983962337690190
DSC00100.JPG	2693791.2549127825000000	1256210.8575964335000000	583.8740052351247400	3.0637543488365289	-1.3072720407899867	142.1208438919639400	-0.7891020666569332	0.6140829415448186	0.0148347329406344	-0.6138382846340621	-0.7874306527452000	-0.0561740815214633	-0.0228142217765343	-0.0534332108424255	0.9983107748911658
DSC00101.JPG	2693792.3919548467000000	1256210.1249437986000000	583.8802842563641200	3.0321781525608298	-1.2570018270999377	142.1607787628630600	-0.7895452212033619	0.6135053750785205	0.0151492054147600	-0.6133001785762161	-0.7879177816048201	-0.0552128643462762	-0.0219370607264485	-0.0528840635797122	0.9983596752603647
DSC00102.JPG	2693792.4805564806000000	1256210.2475321768000000	583.9067683713602700	3.0591348613580456	-1.1948079461843775	142.1982965957937500	-0.7899649964911225	0.6129363678797327	0.0162577135287127	-0.6127972795875125	-0.7883287715053553	-0.0549294287882317	-0.0208518212375912	-0.0533550086426633	0.9983578740130300
DSC00103.JPG	2693796.2772614732000000	1256210.6686569997000000	584.1283309684743000	2.9320722415297866	-1.1198225386917280	142.1459076362801300	-0.7894252203293083	0.6136387369788063	0.0159787980486270	-0.6135355565353173	-0.7879289147075479	-0.0523655061532312	-0.0195433460523390	-0.0511422119862003	0.9985001411007598
DSC00104.JPG	2693795.7893375866000000	1256211.0042065387000000	584.0447321868122100	2.9255565320802011	-1.1148351753108974	142.1760400636071900	-0.7897491164294489	0.6132225738053367	0.0159501747471080	-0.6131213459338321	-0.7882601993159610	-0.0522309614562819	-0.0194563166912689	-0.0510287482691862	0.9985076457348183
DSC00105.JPG	2693794.1004534364000000	1256212.8214819867000000	583.9985456346960300	2.9615444818617527	-0.9721369837360112	142.2217420060598300	-0.7902737698956920	0.6124818233036652	0.0182588262894652	-0.6125189935422036	-0.7887949296772752	-0.0512156369233897	-0.0169661770855081	-0.0516582523711416	0.9985206927235222
DSC00106.JPG	2693792.3626503479000000	1256214.3218566361000000	583.9542819038681500	2.9926104618459877	-1.0852503037230103	142.1807922175113700	-0.7898077972551956	0.6131168202977025	0.0170706784554830	-0.6130619198588592	-0.7882659162802205	-0.0528386946268936	-0.0189400584440861	-0.0521977959203186	0.9984571419380981
DSC00107.JPG	2693790.1265448760000000	1256215.9933694392000000	583.9346329320201200	2.9835429226435246	-1.0649725718484560	142.1415560353947900	-0.7893930298347738	0.6136446398003919	0.0172887388933930	-0.6136067122650059	-0.7878655223207866	-0.0524854399002656	-0.0185862075638530	-0.0520401266566649	0.9984720216941242
DSC00108.JPG	2693788.2003895007000000	1256217.3471682800000000	583.9349282214558300	2.9272900381273232	-1.0421248241818672	142.1405472426143300	-0.7893880149169422	0.6136591151773434	0.0170015371437215	-0.6136251107237787	-0.7879183641423194	-0.0514672219623530	-0.0181875065558677	-0.0510601782904421	0.9985299558842631
DSC00109.JPG	2693786.3161258735000000	1256218.6281410838000000	583.9207671082903100	3.0031047755475164	-1.1105728351893842	142.1149121339969700	-0.7890956781217360	0.6140379051736071	0.0168956142121478	-0.6139644543587191	-0.7875365150946778	-0.0532342575465372	-0.0193819388503292	-0.0523802291188090	0.9984391078297480
DSC00110.JPG	2693785.4695215151000000	1256219.3052438525000000	583.9191867996886500	2.9910879063444664	-1.0791443003970291	142.1292195353033800	-0.7892572411754001	0.6138221660260894	0.0171859171194491	-0.6137738233616826	-0.7877185390877060	-0.0527370546533716	-0.0188335075909541	-0.0521713683218179	0.9984605386890614
DSC00111.JPG	2693783.8692170531000000	1256220.5391917503000000	583.9233274043376700	2.9461470952842288	-1.0831824709719011	142.1350320907712300	-0.7893184535141149	0.6137583965242676	0.0166436065216217	-0.6136929351828772	-0.7878197072700383	-0.0521640694690898	-0.0189039744157474	-0.0513881263806277	0.9984998248464431
DSC00112.JPG	2693781.3743169289000000	1256222.3384541166000000	583.9341565254856100	2.9842252001819647	-1.0533027410467315	142.1173162363161600	-0.7891363355789576	0.6139693287781459	0.0174787639359337	-0.6139429331449507	-0.7876117257246063	-0.0523626235255834	-0.0183825653919516	-0.0520522124488549	0.9984751616684264
DSC00113.JPG	2693780.5822047349000000	1256223.0090964295000000	583.9428848891809600	2.9453135142461937	-1.0814570741764356	142.1500810285584200	-0.7894800640421166	0.6135504720324596	0.0166447213494748	-0.6134859457760891	-0.7879825940612489	-0.0521385250244215	-0.0188738659334244	-0.0513736286946040	0.9985011404397474
DSC00114.JPG	2693779.4562759586000000	1256223.9725845212000000	583.9397392482054600	2.8677327149393013	-1.0688532442136389	142.1422306974869200	-0.7893992593235397	0.6136717279485869	0.0159943645088833	-0.6135966430904488	-0.7879751468650466	-0.0509345414344840	-0.0186539263314685	-0.0500217776533817	0.9985739095293928
DSC00115.JPG	2693777.7206741478000000	1256225.4429960169000000	583.9291457824161900	2.9183514312606613	-1.1130094040554543	142.1538964671555000	-0.7895125883156141	0.6135278963323134	0.0159183326145059	-0.6134269014003922	-0.7880306993967942	-0.0521061747445820	-0.0194244569935277	-0.0509032143409981	0.9985146735227585
DSC00116.JPG	2693776.1191924978000000	1256226.7929302326000000	583.9189856032220400	2.8829139640740005	-1.1465356570650174	142.1537512888831100	-0.7895019234765499	0.6135628563640487	0.0150776031655470	-0.6134218232728812	-0.7880431687313024	-0.0519772156670805	-0.0200094867350936	-0.0502850425705106	0.9985344435392703
DSC00117.JPG	2693774.9761622623000000	1256227.7882414847000000	583.9132004592818200	2.8131073753194342	-1.1275088786575413	142.1695112894769300	-0.7896758284792562	0.6133510981323140	0.0145779400288436	-0.6132086781868323	-0.7882846486138304	-0.0508176126567135	-0.0196774721943076	-0.0490687597118024	0.9986015491217645
DSC00118.JPG	2693772.8576985765000000	1256229.4214519602000000	583.9511243219259300	2.8700982083361266	-1.2280419928053887	142.1801974942679300	-0.7897616940211630	0.6132586584345867	0.0137943652204114	-0.6130392706724225	-0.7882942297278152	-0.0526788381729735	-0.0214317351198422	-0.0500602160686645	0.9985162269572345
DSC00119.JPG	2693771.9407590851000000	1256230.0758684021000000	583.9415353874146600	2.9551082447150812	-1.3316100815003016	142.1785849591096600	-0.7897125482983256	0.6133332934880230	0.0132801415391418	-0.6130367404491900	-0.7881408138944542	-0.0549546388689811	-0.0232388880886645	-0.0515395825838968	0.9984005336073695
DSC00120.JPG	2693770.5440539122000000	1256231.2116283504000000	583.9214878434565900	2.9093464523679180	-1.3269619680184823	142.1848219382862900	-0.7897807629739987	0.6132546505597915	0.0128483463137134	-0.6129519258705444	-0.7882537396740177	-0.0542768685677088	-0.0231577850365586	-0.0507422452864869	0.9984432590465452
DSC00121.JPG	2693768.3531297743000000	1256232.8648908287000000	583.9367372395217900	3.0648819932550766	-1.4589173760714806	142.1598444832052300	-0.7894692656550711	0.6136582350980527	0.0127219920761776	-0.6132618191472722	-0.7877605775475201	-0.0578205295563438	-0.0254601602944962	-0.0534494430124482	0.9982459302593915
DSC00122.JPG	2693767.2782968413000000	1256233.6884498573000000	583.9591045557671100	3.1023973815631245	-1.4850351634972847	142.1683011061504900	-0.7895505235227708	0.6135529809471449	0.0127557977324428	-0.6131381079812817	-0.7877979868721901	-0.0586173389131470	-0.0259158512507833	-0.0541024163138490	0.9981990268493304
DSC00123.JPG	2693765.4001416024000000	1256235.3185322790000000	583.9380488954822100	3.0317915367578103	-1.4604122453707229	142.1693134462628300	-0.7895700804083766	0.6135363669276154	0.0123375273524440	-0.6131309318420012	-0.7878944000235226	-0.0573835763100632	-0.0254862422194622	-0.0528728746034871	0.9982759691531670
