<?xml version="1.0" encoding="UTF-8"?>
<document version="1.5.0">
  <chunk label="SonyA9" enabled="true">
    <sensors next_id="1">
      <sensor id="0" label="SonyA9" type="frame">
        <resolution width="6000" height="4000"/>
        <property name="pixel_width" value="0.006"/>
        <property name="pixel_height" value="0.006"/>
        <property name="focal_length" value="55"/>
        <property name="fixed" value="true"/>
        <property name="layer_index" value="0"/>
        <calibration type="frame" class="initial">
          <resolution width="6000" height="4000"/>
          <f>9227.77018581081</f>
          <cx>-37.8304617831239</cx>
          <cy>31.7622333680372</cy>
          <k1>-0.017282082281574</k1>
        </calibration>
      </sensor>
    </sensors>
    <cameras next_id="593" next_group_id="0">
      <camera id="0" sensor_id="0" label="DSC00001.JPG">
        <transform>9.9226481647737008e-001 1.2370237269249004e-001 1.0404661041088593e-002 5.2135911793543297e+000 1.2332542209904893e-001 -9.9187289072885043e-001 3.1289117937156476e-002 3.2961426468535194e+001 1.4190639352159799e-002 -2.9763931652961567e-002 -9.9945621921489625e-001 1.2721863569260585e+000 0 0 0 1</transform>
        <rotation_covariance>1.5560326084034072e-008 1.7494942847225021e-009 3.5779183255411153e-010 1.7494942847225019e-009 6.3023618722002028e-009 -8.7944479886580132e-011 3.5779183255411158e-010 -8.7944479886580093e-011 3.1801026609786928e-010</rotation_covariance>
        <location_covariance>3.7974592250231243e-006 1.5625118199585169e-007 2.1679337743781064e-008 1.5625118199585169e-007 6.2989561891487097e-006 1.1038694444233386e-006 2.1679337743781064e-008 1.1038694444233386e-006 7.3149211149867783e-006</location_covariance>
      </camera>
      <camera id="1" sensor_id="0" label="DSC00002.JPG">
        <transform>9.9529938732791434e-001 9.6307157398151669e-002 1.0201030269864034e-002 5.6964003943600341e+000 9.6021509652024092e-002 -9.9505174437364685e-001 2.5532248297179604e-002 3.2865644755807715e+001 1.2609491219921744e-002 -2.4432712760768697e-002 -9.9962195017832844e-001 1.2746315599529539e+000 0 0 0 1</transform>
        <rotation_covariance>1.5477228794389704e-008 1.6015868732992295e-009 3.5557124671934904e-010 1.6015868732992295e-009 6.0638948835214481e-009 -5.8253366845008678e-011 3.5557124671934904e-010 -5.8253366845008704e-011 3.0973473952545615e-010</rotation_covariance>
        <location_covariance>3.7237572770045415e-006 2.8888203929826710e-007 5.4370914818612758e-008 2.8888203929826710e-007 6.1645949824568074e-006 1.0936958106088632e-006 5.4370914818612758e-008 1.0936958106088632e-006 7.3020441505453037e-006</location_covariance>
      </camera>
      <camera id="2" sensor_id="0" label="DSC00003.JPG">
        <transform>9.9771356232315433e-001 6.6583688319047679e-002 1.1587062020766654e-002 7.6996517583598427e+000 6.6331276492177793e-002 -9.9757763234814023e-001 2.0953023590809923e-002 3.2658741937208902e+001 1.2954123488659597e-002 -2.0136531193596575e-002 -9.9971331430372068e-001 1.2728711468227059e+000 0 0 0 1</transform>
        <rotation_covariance>1.6329350118535927e-008 1.3481351988028190e-009 3.7969564523678767e-010 1.3481351988028188e-009 6.1140389045536667e-009 -3.4621345182600237e-011 3.7969564523678756e-010 -3.4621345182600262e-011 2.9821645224704884e-010</rotation_covariance>
        <location_covariance>3.9804040533354922e-006 5.2318867500597891e-007 2.6253495881753920e-007 5.2318867500597891e-007 6.5197836109623085e-006 1.0788657105668019e-006 2.6253495881753920e-007 1.0788657105668019e-006 7.3749091089464872e-006</location_covariance>
      </camera>
      <camera id="3" sensor_id="0" label="DSC00004.JPG">
        <transform>9.9894764320035334e-001 4.4832066701370799e-002 9.6794596823655994e-003 9.4327646800351879e+000 4.4642061455242757e-002 -9.9882184661336959e-001 1.9026431007543587e-002 3.2531754246205921e+001 1.0521050018179292e-002 -1.8574297379506090e-002 -9.9977212552829886e-001 1.2494200970020057e+000 0 0 0 1</transform>
        <rotation_covariance>1.6488909228273917e-008 1.2854265712638885e-009 3.5196157576243572e-010 1.2854265712638888e-009 6.0653273297681633e-009 -4.0380213634718335e-011 3.5196157576243572e-010 -4.0380213634718335e-011 2.9238415886532487e-010</rotation_covariance>
        <location_covariance>4.1841610079823941e-006 8.3129213786604592e-007 4.8240522104649080e-007 8.3129213786604592e-007 6.5728774600784464e-006 1.0695501175500915e-006 4.8240522104649080e-007 1.0695501175500915e-006 7.4843435392121234e-006</location_covariance>
      </camera>
      <camera id="4" sensor_id="0" label="DSC00005.JPG">
        <transform>9.9913470744885846e-001 4.0905416384361237e-002 7.5221859526512658e-003 1.1968763047364115e+001 4.0804121510022565e-002 -9.9908050000372994e-001 1.3159718085596746e-002 3.2587839610971685e+001 8.0535730504880040e-003 -1.2841394889929188e-002 -9.9988511266965130e-001 1.2233921630828253e+000 0 0 0 1</transform>
        <rotation_covariance>1.6366478140088069e-008 1.3001156907978075e-009 3.3404981267711022e-010 1.3001156907978079e-009 6.0829673003244079e-009 -3.3759921118491511e-011 3.3404981267711022e-010 -3.3759921118491498e-011 2.8857310175654277e-010</rotation_covariance>
        <location_covariance>4.6314983763079071e-006 1.2135085823019076e-006 8.4100910403355157e-007 1.2135085823019076e-006 6.6028881613188813e-006 1.0767255094997464e-006 8.4100910403355157e-007 1.0767255094997464e-006 7.8119658285453842e-006</location_covariance>
      </camera>
      <camera id="5" sensor_id="0" label="DSC00006.JPG">
        <transform>9.9914359788921070e-001 4.1099410794478472e-002 4.7863586733349044e-003 1.3654433473123010e+001 4.1041303199470816e-002 -9.9908936470893317e-001 1.1664165516208509e-002 3.2538341335912548e+001 5.2613903763367061e-003 -1.1457737902706077e-002 -9.9992051584786512e-001 1.2088532675983030e+000 0 0 0 1</transform>
        <rotation_covariance>1.6493471680838302e-008 1.3686250537353795e-009 3.0207587606044672e-010 1.3686250537353790e-009 6.1221647454853100e-009 -4.0974618890393243e-011 3.0207587606044667e-010 -4.0974618890393243e-011 2.8558712762791156e-010</rotation_covariance>
        <location_covariance>5.0045624669928246e-006 1.4549983503963773e-006 1.0489375785189796e-006 1.4549983503963773e-006 6.7138756160472287e-006 1.0490153376693192e-006 1.0489375785189796e-006 1.0490153376693192e-006 8.0130179246442918e-006</location_covariance>
      </camera>
      <camera id="6" sensor_id="0" label="DSC00007.JPG">
        <transform>9.9915272262891697e-001 4.1058782358181743e-002 2.8307692391725185e-003 1.5424237200345042e+001 4.1029949596371858e-002 -9.9911193828738987e-001 9.5853016506563370e-003 3.2519257635596986e+001 3.2218161557057939e-003 -9.4610339222705262e-003 -9.9995005312154495e-001 1.1982856029546018e+000 0 0 0 1</transform>
        <rotation_covariance>1.6766448231349421e-008 1.5628188252214543e-009 2.6931777867199900e-010 1.5628188252214543e-009 6.2532879526926555e-009 -4.6022912997942570e-011 2.6931777867199905e-010 -4.6022912997942577e-011 2.8551157635332705e-010</rotation_covariance>
        <location_covariance>5.5058719973630240e-006 1.7848330240447561e-006 1.2783103461102400e-006 1.7848330240447561e-006 6.9386341287868335e-006 1.0157256000504355e-006 1.2783103461102400e-006 1.0157256000504355e-006 8.2685712715729504e-006</location_covariance>
      </camera>
      <camera id="7" sensor_id="0" label="DSC00008.JPG">
        <transform>9.9915659921021760e-001 4.0968838789208602e-002 2.7648694249609177e-003 1.6416102458455285e+001 4.0944998533728967e-002 -9.9912784193361603e-001 8.1891738379518478e-003 3.2506908527607038e+001 3.0979589645732932e-003 -8.0690595077182736e-003 -9.9996264576678795e-001 1.1796689174094648e+000 0 0 0 1</transform>
        <rotation_covariance>1.6880645095302430e-008 1.5339927592675674e-009 2.7488008948331737e-010 1.5339927592675674e-009 6.3431449499074517e-009 -3.9466623932236915e-011 2.7488008948331737e-010 -3.9466623932236928e-011 2.8620169896161555e-010</rotation_covariance>
        <location_covariance>5.8277042814990844e-006 1.8953359663939517e-006 1.4088183553986124e-006 1.8953359663939517e-006 7.0405138195820717e-006 9.9792426223860890e-007 1.4088183553986124e-006 9.9792426223860890e-007 8.4155721053939511e-006</location_covariance>
      </camera>
      <camera id="8" sensor_id="0" label="DSC00009.JPG">
        <transform>9.9919395129687971e-001 4.0097852187221700e-002 1.8999846577666731e-003 1.8296683055600102e+001 4.0086937489981628e-002 -9.9918121633410062e-001 5.4712309201457605e-003 3.2466781197135305e+001 2.1178135900815961e-003 -5.3906562753502901e-003 -9.9998322770460435e-001 1.1392888651371753e+000 0 0 0 1</transform>
        <rotation_covariance>1.6803415578671861e-008 1.4137887685186015e-009 2.5967043620159572e-010 1.4137887685186015e-009 6.3387934444982721e-009 -2.8986963547301845e-011 2.5967043620159572e-010 -2.8986963547301839e-011 2.8331789495939245e-010</rotation_covariance>
        <location_covariance>6.3910446103252709e-006 2.0778549296835500e-006 1.6670368135290330e-006 2.0778549296835500e-006 7.0731305374273402e-006 9.4609921329203318e-007 1.6670368135290330e-006 9.4609921329203318e-007 8.7015209547006462e-006</location_covariance>
      </camera>
      <camera id="9" sensor_id="0" label="DSC00010.JPG">
        <transform>9.9919084235672084e-001 4.0206943485827512e-002 1.0306531882372633e-003 1.9105478842497156e+001 4.0202784771486158e-002 -9.9918439091793876e-001 3.7800849944593009e-003 3.2475544358521773e+001 1.1817982418803313e-003 -3.7355911814930401e-003 -9.9999232432626217e-001 1.1189279966580552e+000 0 0 0 1</transform>
        <rotation_covariance>1.6770252030269468e-008 1.3301477518953110e-009 2.4566370779254435e-010 1.3301477518953110e-009 6.3972227389485982e-009 -1.2482578683522481e-011 2.4566370779254429e-010 -1.2482578683522482e-011 2.8361334120668162e-010</rotation_covariance>
        <location_covariance>6.6953563324293295e-006 2.1479568574846118e-006 1.7848765428180512e-006 2.1479568574846118e-006 7.1020608402986354e-006 9.4525886506383912e-007 1.7848765428180512e-006 9.4525886506383912e-007 8.8460081144995454e-006</location_covariance>
      </camera>
      <camera id="10" sensor_id="0" label="DSC00011.JPG">
        <transform>9.9922627098683581e-001 3.9327911347985953e-002 -4.1804156165051881e-004 2.1123957882092952e+001 3.9328761211008617e-002 -9.9922374976595063e-001 2.2685778100877290e-003 3.2415802061154579e+001 -3.2849862978930695e-004 -2.2832636023718740e-003 -9.9999733939444679e-001 1.0841305760188056e+000 0 0 0 1</transform>
        <rotation_covariance>1.6626670127215688e-008 1.2644712230390838e-009 2.0822048001156727e-010 1.2644712230390836e-009 6.5658089220220486e-009 -7.6034407217693409e-012 2.0822048001156729e-010 -7.6034407217693425e-012 2.8158502009153570e-010</rotation_covariance>
        <location_covariance>7.5141408770531671e-006 2.3814310081780489e-006 2.0543125006423855e-006 2.3814310081780489e-006 7.0920053529532856e-006 8.9340163022740492e-007 2.0543125006423855e-006 8.9340163022740492e-007 9.1934226818322162e-006</location_covariance>
      </camera>
      <camera id="11" sensor_id="0" label="DSC00012.JPG">
        <transform>9.9924713135135568e-001 3.8735644828935781e-002 -2.1726264688462118e-003 2.2704213390084767e+001 3.8737812265368848e-002 -9.9924894373197992e-001 9.6454725928055011e-004 3.2386763472442404e+001 -2.1336323440625036e-003 -1.0479838781618377e-003 -9.9999717466741445e-001 1.0940727945343836e+000 0 0 0 1</transform>
        <rotation_covariance>1.6692872547573384e-008 1.3384459102486842e-009 1.6458356706212815e-010 1.3384459102486845e-009 6.7218587557822375e-009 2.7374202212691291e-012 1.6458356706212813e-010 2.7374202212691270e-012 2.8385144606562321e-010</rotation_covariance>
        <location_covariance>8.2446653779858914e-006 2.6375508371333414e-006 2.2604085144828826e-006 2.6375508371333414e-006 7.1931754164830025e-006 8.7166635012293113e-007 2.2604085144828826e-006 8.7166635012293113e-007 9.5168258998690873e-006</location_covariance>
      </camera>
      <camera id="12" sensor_id="0" label="DSC00013.JPG">
        <transform>9.9926101855884464e-001 3.8337350956707386e-002 -2.7684490898406593e-003 2.3864612398277444e+001 3.8334767356157845e-002 -9.9926447175181121e-001 -9.8036030257206809e-004 3.2388309094065811e+001 -2.8039972343151384e-003 8.7350798270641303e-004 -9.9999568728235733e-001 1.0831569746432039e+000 0 0 0 1</transform>
        <rotation_covariance>1.6838635686555417e-008 1.2987432604033573e-009 1.4543315455620819e-010 1.2987432604033575e-009 6.7877648555525190e-009 1.4798433526648409e-011 1.4543315455620819e-010 1.4798433526648412e-011 2.8437977411579002e-010</rotation_covariance>
        <location_covariance>8.7594360100650889e-006 2.7731264527533735e-006 2.4158227137267584e-006 2.7731264527533735e-006 7.3458692006371267e-006 8.3554948792201520e-007 2.4158227137267584e-006 8.3554948792201520e-007 9.7703490695633678e-006</location_covariance>
      </camera>
      <camera id="13" sensor_id="0" label="DSC00014.JPG">
        <transform>9.9928853618610614e-001 3.7585839733281438e-002 -3.1186693595791760e-003 2.5737368294700769e+001 3.7575910557773116e-002 -9.9928870499085820e-001 -3.1835551585901942e-003 3.2361383910421026e+001 -3.2361076596013759e-003 3.0641033333805058e-003 -9.9999006938968038e-001 1.0426098691491799e+000 0 0 0 1</transform>
        <rotation_covariance>1.7025781956957991e-008 1.4253181930639721e-009 1.1803926608670191e-010 1.4253181930639719e-009 6.9273381947880574e-009 2.9787310160248420e-011 1.1803926608670191e-010 2.9787310160248420e-011 2.8657330907008152e-010</rotation_covariance>
        <location_covariance>9.6447914629924407e-006 3.1057156073932212e-006 2.6639468204261855e-006 3.1057156073932212e-006 7.5571688172778074e-006 7.7620352494298955e-007 2.6639468204261855e-006 7.7620352494298955e-007 1.0178701381286149e-005</location_covariance>
      </camera>
      <camera id="14" sensor_id="0" label="DSC00015.JPG">
        <transform>9.9928521627503430e-001 3.7675352054148757e-002 -3.1023187704183864e-003 2.6514460038877179e+001 3.7667940242991436e-002 -9.9928739582558523e-001 -2.4138811011464836e-003 3.2284965426801620e+001 -3.1910518654147710e-003 2.2952977401625523e-003 -9.9999227436829541e-001 1.0387305815422909e+000 0 0 0 1</transform>
        <rotation_covariance>1.6977201990966220e-008 1.5046025731280412e-009 1.0835525104197381e-010 1.5046025731280412e-009 6.9751720931474462e-009 3.2882472275499779e-011 1.0835525104197379e-010 3.2882472275499779e-011 2.8770934388604384e-010</rotation_covariance>
        <location_covariance>1.0035218508155502e-005 3.2476677920832865e-006 2.7576179000775893e-006 3.2476677920832865e-006 7.5631281531882340e-006 7.5148857247894024e-007 2.7576179000775893e-006 7.5148857247894024e-007 1.0326746376074373e-005</location_covariance>
      </camera>
      <camera id="15" sensor_id="0" label="DSC00016.JPG">
        <transform>9.9931883279893730e-001 3.6630786231026377e-002 -4.4783829076221098e-003 2.8124807528694259e+001 3.6615292092767815e-002 -9.9932332666304136e-001 -3.4941625711605528e-003 3.2264669546075304e+001 -4.6033464275164653e-003 3.3278051639560537e-003 -9.9998386732709799e-001 1.0479263230688132e+000 0 0 0 1</transform>
        <rotation_covariance>1.7187631666936233e-008 1.5472208518991443e-009 6.7344557733950298e-011 1.5472208518991445e-009 7.0272960050117631e-009 4.9016671503555045e-011 6.7344557733950298e-011 4.9016671503555051e-011 2.8792189984334157e-010</rotation_covariance>
        <location_covariance>1.0841095262687102e-005 3.4826797680636651e-006 2.9817333948066443e-006 3.4826797680636651e-006 7.7671671427118604e-006 6.8645800091159509e-007 2.9817333948066443e-006 6.8645800091159509e-007 1.0732924095963838e-005</location_covariance>
      </camera>
      <camera id="16" sensor_id="0" label="DSC00017.JPG">
        <transform>9.9934350076357681e-001 3.5829774656915565e-002 -5.3660720861680436e-003 2.9967445104004806e+001 3.5807256257734253e-002 -9.9934973971506791e-001 -4.2353430461851268e-003 3.2210184343720620e+001 -5.5143341295438740e-003 4.0404182284224212e-003 -9.9997663329682218e-001 1.0455463219654231e+000 0 0 0 1</transform>
        <rotation_covariance>1.6994257476160550e-008 1.7989303232222166e-009 5.8831157776016436e-011 1.7989303232222158e-009 6.9911327379469433e-009 5.9421469258132478e-011 5.8831157776016436e-011 5.9421469258132465e-011 2.8767147903762109e-010</rotation_covariance>
        <location_covariance>1.1783478799267668e-005 3.8630714780742649e-006 3.2251677069880292e-006 3.8630714780742649e-006 7.7232099467615837e-006 6.2024628607811209e-007 3.2251677069880292e-006 6.2024628607811209e-007 1.1201381341705743e-005</location_covariance>
      </camera>
      <camera id="17" sensor_id="0" label="DSC00018.JPG">
        <transform>9.9937450056978561e-001 3.4792396088943439e-002 -6.3322022457688353e-003 3.2038024279609765e+001 3.4759728865678755e-002 -9.9938218081522545e-001 -5.1978763152334250e-003 3.2187433297353266e+001 -6.5091366613204667e-003 4.9745194133743557e-003 -9.9996644208519825e-001 1.0184945242946617e+000 0 0 0 1</transform>
        <rotation_covariance>1.6993775327659056e-008 2.0145832539251437e-009 6.2922228204671116e-011 2.0145832539251437e-009 7.1074236913404924e-009 6.0189588774041802e-011 6.2922228204671129e-011 6.0189588774041802e-011 2.9406055319951231e-010</rotation_covariance>
        <location_covariance>1.3009455382661710e-005 4.2708049753543399e-006 3.4980584239595592e-006 4.2708049753543399e-006 7.7934157116045458e-006 5.7299406566317293e-007 3.4980584239595592e-006 5.7299406566317293e-007 1.1779854362795997e-005</location_covariance>
      </camera>
      <camera id="18" sensor_id="0" label="DSC00019.JPG">
        <transform>9.9938357529046340e-001 3.4526648196813628e-002 -6.3545262564748059e-003 3.2964370340756766e+001 3.4495381368048889e-002 -9.9939251940349505e-001 -4.9659666337565920e-003 3.2177377927840503e+001 -6.5221241879948443e-003 4.7437036825864311e-003 -9.9996747905691818e-001 9.9315352407820767e-001 0 0 0 1</transform>
        <rotation_covariance>1.7016899981328317e-008 2.1286692584891185e-009 6.4258861872621820e-011 2.1286692584891181e-009 7.1578224159426423e-009 6.1574819807640548e-011 6.4258861872621832e-011 6.1574819807640561e-011 2.9718772508982921e-010</rotation_covariance>
        <location_covariance>1.3586895792426576e-005 4.4687609817573484e-006 3.6143057783895359e-006 4.4687609817573484e-006 7.8334761203833851e-006 5.5725051438046687e-007 3.6143057783895359e-006 5.5725051438046687e-007 1.2046185238084535e-005</location_covariance>
      </camera>
      <camera id="19" sensor_id="0" label="DSC00020.JPG">
        <transform>9.9941751553673841e-001 3.3380216717020073e-002 -7.0986456664166430e-003 3.4689484638665370e+001 3.3329221144660429e-002 -9.9941860203773514e-001 -7.1847699218266399e-003 3.2214932790006763e+001 -7.3343477053438490e-003 6.9439925737314837e-003 -9.9994899285457206e-001 9.3691984899890179e-001 0 0 0 1</transform>
        <rotation_covariance>1.6930787568933567e-008 2.2813492370711699e-009 4.1399823854893220e-011 2.2813492370711703e-009 7.2588306759691373e-009 7.4319195006323914e-011 4.1399823854893220e-011 7.4319195006323927e-011 3.0072579277199547e-010</rotation_covariance>
        <location_covariance>1.4708875495601157e-005 4.8306452763035642e-006 3.8359850857901490e-006 4.8306452763035642e-006 7.8462402511158419e-006 5.1319303197645761e-007 3.8359850857901490e-006 5.1319303197645761e-007 1.2594623115814765e-005</location_covariance>
      </camera>
      <camera id="20" sensor_id="0" label="DSC00021.JPG">
        <transform>9.9942663194154269e-001 3.2807222476600596e-002 -8.3721872503041642e-003 3.5847158809259376e+001 3.2750130783772126e-002 -9.9943997577114019e-001 -6.8675879483696750e-003 3.2188023335524186e+001 -8.5928051082952272e-003 6.5894600654077462e-003 -9.9994136963944902e-001 8.9855149174608673e-001 0 0 0 1</transform>
        <rotation_covariance>1.7092803805261812e-008 2.3941508665297573e-009 1.4863642712493943e-011 2.3941508665297573e-009 7.4898996003445048e-009 7.3604371947324609e-011 1.4863642712493943e-011 7.3604371947324583e-011 3.0536263596871739e-010</rotation_covariance>
        <location_covariance>1.5580430178203148e-005 5.0632368845288548e-006 3.9662165201636824e-006 5.0632368845288548e-006 7.9618328628492138e-006 4.8184171592511997e-007 3.9662165201636824e-006 4.8184171592511997e-007 1.2953837966280967e-005</location_covariance>
      </camera>
      <camera id="21" sensor_id="0" label="DSC00022.JPG">
        <transform>9.9945071945412656e-001 3.1864415373003614e-002 -9.1059549507559231e-003 3.6867301765700688e+001 3.1787909383803555e-002 -9.9945911503400453e-001 -8.4265172195597173e-003 3.2204419585797311e+001 -9.3695357214538446e-003 8.1324294267539187e-003 -9.9992303473416555e-001 8.4835210859209220e-001 0 0 0 1</transform>
        <rotation_covariance>1.7107168278699551e-008 2.4467324357299535e-009 8.2440733370241756e-012 2.4467324357299535e-009 7.6411755763077177e-009 8.6635164600754910e-011 8.2440733370241821e-012 8.6635164600754910e-011 3.0894035670474387e-010</rotation_covariance>
        <location_covariance>1.6342345097265116e-005 5.2627031037765348e-006 4.0761084082733772e-006 5.2627031037765348e-006 7.9912555371826245e-006 4.5230559065351148e-007 4.0761084082733772e-006 4.5230559065351148e-007 1.3298877804626833e-005</location_covariance>
      </camera>
      <camera id="22" sensor_id="0" label="DSC00023.JPG">
        <transform>9.9954291239754012e-001 2.8545415882840392e-002 -9.9561793836194651e-003 3.8129137483685255e+001 2.8459751694991469e-002 -9.9955757923299460e-001 -8.6422411060584469e-003 3.2155578022980237e+001 -1.0198470929632338e-002 8.3549404517027966e-003 -9.9991308930363842e-001 8.3562508938177149e-001 0 0 0 1</transform>
        <rotation_covariance>1.7078497025052411e-008 2.3610937379588771e-009 2.1544173058338731e-012 2.3610937379588775e-009 7.7385274006674328e-009 9.8716866767678457e-011 2.1544173058338767e-012 9.8716866767678457e-011 3.1188208985579793e-010</rotation_covariance>
        <location_covariance>1.7284835518384940e-005 5.4007299397118576e-006 4.2013933730171326e-006 5.4007299397118576e-006 7.9908352320179034e-006 3.9449786121898535e-007 4.2013933730171326e-006 3.9449786121898535e-007 1.3725968766113196e-005</location_covariance>
      </camera>
      <camera id="23" sensor_id="0" label="DSC00024.JPG">
        <transform>9.9956523003221720e-001 2.7751596886022425e-002 -9.9599086800781916e-003 3.9229989856815344e+001 2.7684394460681126e-002 -9.9959342831762121e-001 -6.8229295445571582e-003 3.2125965160420236e+001 -1.0145206453552075e-002 6.5442290990072437e-003 -9.9992712127010264e-001 8.6250862369064518e-001 0 0 0 1</transform>
        <rotation_covariance>1.7085612942253212e-008 2.3529348198926113e-009 1.2228537885520726e-011 2.3529348198926117e-009 7.7816924146366278e-009 8.7009005817117940e-011 1.2228537885520738e-011 8.7009005817117940e-011 3.1518801486724586e-010</rotation_covariance>
        <location_covariance>1.8110639870068434e-005 5.5409141936001507e-006 4.3203325488202877e-006 5.5409141936001507e-006 8.0306867336956098e-006 3.3604763318621621e-007 4.3203325488202877e-006 3.3604763318621621e-007 1.4140412710026028e-005</location_covariance>
      </camera>
      <camera id="24" sensor_id="0" label="DSC00025.JPG">
        <transform>9.9958889008222218e-001 2.7163397978777884e-002 -9.1760903677564273e-003 4.0103467880013810e+001 2.7075229913057074e-002 -9.9958730265325135e-001 -9.5998072664142432e-003 3.2103301344030037e+001 -9.4330668049053025e-003 9.3474159340282727e-003 -9.9991181764494141e-001 8.6447464663196838e-001 0 0 0 1</transform>
        <rotation_covariance>1.7025566307299325e-008 2.2998823157818550e-009 4.2728286353005656e-011 2.2998823157818555e-009 7.8313493306837599e-009 1.0931623853305410e-010 4.2728286353005663e-011 1.0931623853305410e-010 3.1840767687674927e-010</rotation_covariance>
        <location_covariance>1.8788237853572359e-005 5.6330308251924878e-006 4.4137261431443872e-006 5.6330308251924878e-006 8.0225060568636507e-006 2.8522458161358411e-007 4.4137261431443872e-006 2.8522458161358411e-007 1.4471892219838788e-005</location_covariance>
      </camera>
      <camera id="25" sensor_id="0" label="DSC00026.JPG">
        <transform>9.9961128919043452e-001 2.5911374167570240e-002 -1.0289373731444278e-002 4.1297437262746364e+001 2.5831910616437356e-002 -9.9963600921746509e-001 -7.7821250108456655e-003 3.2048074720385863e+001 -1.0487274047222803e-002 7.5133058322027733e-003 -9.9991678019649732e-001 8.7579498593817962e-001 0 0 0 1</transform>
        <rotation_covariance>1.7332596435804706e-008 2.2734164974046996e-009 5.0412028668958634e-011 2.2734164974046996e-009 8.0144417750365991e-009 8.7734455534612346e-011 5.0412028668958634e-011 8.7734455534612333e-011 3.2664441317041208e-010</rotation_covariance>
        <location_covariance>1.9811149739025050e-005 5.7645352879564580e-006 4.5148091596147835e-006 5.7645352879564580e-006 8.2149592071136041e-006 2.2916782632523236e-007 4.5148091596147835e-006 2.2916782632523236e-007 1.4934581411875445e-005</location_covariance>
      </camera>
      <camera id="26" sensor_id="0" label="DSC00027.JPG">
        <transform>9.9964641503761564e-001 2.4340946957754239e-002 -1.0703420184346770e-002 4.1284120281022666e+001 2.4272484465021359e-002 -9.9968437574391933e-001 -6.4803851263373676e-003 3.2155733261668040e+001 -1.0857780635939564e-002 6.2182951594590835e-003 -9.9992171763842175e-001 8.8793115249014443e-001 0 0 0 1</transform>
        <rotation_covariance>1.7514614155401605e-008 2.2706264585982357e-009 3.6479332944817498e-011 2.2706264585982357e-009 8.0616155500897031e-009 7.1698638885446902e-011 3.6479332944817511e-011 7.1698638885446889e-011 3.2906832191610820e-010</rotation_covariance>
        <location_covariance>1.9837153210870267e-005 5.8054853986438453e-006 4.5480998110840248e-006 5.8054853986438453e-006 8.3439458277488662e-006 2.3382293208598732e-007 4.5480998110840248e-006 2.3382293208598732e-007 1.5001858867464930e-005</location_covariance>
      </camera>
      <camera id="27" sensor_id="0" label="DSC00028.JPG">
        <transform>9.9977710887973936e-001 1.9494169932641171e-002 -8.1061642413027147e-003 4.0987365501900996e+001 1.9445945974916730e-002 -9.9979299057735438e-001 -5.9859149284656995e-003 2.9980373616925828e+001 -8.2211766317410954e-003 5.8269486892813345e-003 -9.9994922817299192e-001 7.9127229555453038e-001 0 0 0 1</transform>
        <rotation_covariance>1.7975163577542046e-008 2.1813982112123978e-009 7.2560162066176655e-011 2.1813982112123982e-009 8.0410189728926148e-009 1.2228949985357419e-010 7.2560162066176681e-011 1.2228949985357421e-010 3.1799213380997248e-010</rotation_covariance>
        <location_covariance>1.9547189058491899e-005 4.9590026098203445e-006 3.8950613576424784e-006 4.9590026098203445e-006 8.0100056398366892e-006 5.2703951633499774e-008 3.8950613576424784e-006 5.2703951633499774e-008 1.3572439309694562e-005</location_covariance>
      </camera>
      <camera id="28" sensor_id="0" label="DSC00029.JPG">
        <transform>9.9979708558431113e-001 1.8418792601530450e-002 -8.1569440490842689e-003 4.0695575460214492e+001 1.8362816332092104e-002 -9.9980768375698603e-001 -6.8849456675016850e-003 3.0018710463284012e+001 -8.2821877225727914e-003 6.7337641473700265e-003 -9.9994302927063583e-001 7.9880541095200730e-001 0 0 0 1</transform>
        <rotation_covariance>1.7597027015117865e-008 2.1893970774743108e-009 7.1438821720516886e-011 2.1893970774743108e-009 7.9259837424335704e-009 1.2050579036753231e-010 7.1438821720516848e-011 1.2050579036753231e-010 3.1212362442317239e-010</rotation_covariance>
        <location_covariance>1.9260511037976946e-005 4.9558439666073341e-006 3.8856413502869824e-006 4.9558439666073341e-006 7.8135354330810491e-006 4.1438905110622421e-008 3.8856413502869824e-006 4.1438905110622421e-008 1.3475859754590059e-005</location_covariance>
      </camera>
      <camera id="29" sensor_id="0" label="DSC00030.JPG">
        <transform>9.9980850320743087e-001 1.7205281604155784e-002 -9.3239047098881717e-003 3.8802428974248841e+001 1.7135709164405065e-002 -9.9982511130893215e-001 -7.4909457022691297e-003 3.0163038721694019e+001 -9.4511578946868003e-003 7.3297394908085631e-003 -9.9992847270864660e-001 8.1223478141257344e-001 0 0 0 1</transform>
        <rotation_covariance>1.8344322215342816e-008 2.3625242273493509e-009 2.6047459132550281e-011 2.3625242273493509e-009 7.8685997765412892e-009 1.1677916866358788e-010 2.6047459132550262e-011 1.1677916866358786e-010 3.0468931186941602e-010</rotation_covariance>
        <location_covariance>1.7811851515453959e-005 4.8601394936719092e-006 3.7564331254181754e-006 4.8601394936719092e-006 8.1975328707620653e-006 1.5168207525973003e-007 3.7564331254181754e-006 1.5168207525973003e-007 1.2832743986290372e-005</location_covariance>
      </camera>
      <camera id="30" sensor_id="0" label="DSC00031.JPG">
        <transform>9.9982982335835213e-001 1.6109246622277616e-002 -8.9897995789000491e-003 3.6909801506991123e+001 1.6074092254428431e-002 -9.9986292540940036e-001 -3.9691245825670286e-003 3.0091848548923014e+001 -9.0525069125783168e-003 3.8239462624952247e-003 -9.9995171361100199e-001 8.3635042067923959e-001 0 0 0 1</transform>
        <rotation_covariance>1.8700531718995870e-008 2.6597723509105821e-009 -8.7997567503123720e-012 2.6597723509105816e-009 7.7010673872523797e-009 9.5694734511699911e-011 -8.7997567503123606e-012 9.5694734511699924e-011 2.9839355425781768e-010</rotation_covariance>
        <location_covariance>1.6380929565131319e-005 4.7593776243320207e-006 3.5786113193127919e-006 4.7593776243320207e-006 8.3303761899141652e-006 2.4897636548995535e-007 3.5786113193127919e-006 2.4897636548995535e-007 1.2124989356434822e-005</location_covariance>
      </camera>
      <camera id="31" sensor_id="0" label="DSC00032.JPG">
        <transform>9.9985044274200585e-001 1.5302179207808193e-002 -8.0582541600192573e-003 3.4023150125772915e+001 1.5249707958057312e-002 -9.9986237256944965e-001 -6.5331712808602716e-003 3.0107565839841882e+001 -8.1571168809395234e-003 6.4093081750854052e-003 -9.9994618965867732e-001 8.9832802966231218e-001 0 0 0 1</transform>
        <rotation_covariance>1.8358114973470979e-008 2.4796807004647937e-009 -2.9729923814560833e-012 2.4796807004647941e-009 7.2087143291161109e-009 9.7140657260039126e-011 -2.9729923814560712e-012 9.7140657260039113e-011 2.8496610323817728e-010</rotation_covariance>
        <location_covariance>1.4222362388771356e-005 4.3023003931684913e-006 3.2668526564916783e-006 4.3023003931684913e-006 8.0706817344246249e-006 3.0410002479774649e-007 3.2668526564916783e-006 3.0410002479774649e-007 1.1199050728315029e-005</location_covariance>
      </camera>
      <camera id="32" sensor_id="0" label="DSC00033.JPG">
        <transform>9.9985382426178382e-001 1.4909034710913234e-002 -8.3696351816229878e-003 3.2476228469562876e+001 1.4861988313534477e-002 -9.9987356079033884e-001 -5.6554165025149957e-003 3.0082624499491690e+001 -8.4528937325061386e-003 5.5302003975749954e-003 -9.9994898143410782e-001 9.1684839625630887e-001 0 0 0 1</transform>
        <rotation_covariance>1.8392745308501840e-008 2.4584979469373806e-009 -1.2915092505286744e-011 2.4584979469373806e-009 7.1706069208070092e-009 8.8276180477756292e-011 -1.2915092505286763e-011 8.8276180477756280e-011 2.8339449597874482e-010</rotation_covariance>
        <location_covariance>1.3251274032383562e-005 4.0893043797837637e-006 3.0846276732594690e-006 4.0893043797837637e-006 8.0284050416009979e-006 3.3462348688319332e-007 3.0846276732594690e-006 3.3462348688319332e-007 1.0720898550479178e-005</location_covariance>
      </camera>
      <camera id="33" sensor_id="0" label="DSC00034.JPG">
        <transform>9.9986357266764325e-001 1.4438560397861958e-002 -8.0227193602640471e-003 3.1375343645118246e+001 1.4381644774480153e-002 -9.9987131915835603e-001 -7.1072792339687118e-003 3.0108937983408474e+001 -8.1243058704686209e-003 6.9909297068578447e-003 -9.9994255962828027e-001 9.0403703238651723e-001 0 0 0 1</transform>
        <rotation_covariance>1.8666757880233260e-008 2.2662580431924498e-009 -1.6309542747544084e-011 2.2662580431924502e-009 7.1094835862500344e-009 1.0874895261409051e-010 -1.6309542747544116e-011 1.0874895261409053e-010 2.8404310009002376e-010</rotation_covariance>
        <location_covariance>1.2573227922224622e-005 3.8572668047065887e-006 2.9535349468025714e-006 3.8572668047065887e-006 8.1281721155548601e-006 3.8944642669603862e-007 2.9535349468025714e-006 3.8944642669603862e-007 1.0410881984114761e-005</location_covariance>
      </camera>
      <camera id="34" sensor_id="0" label="DSC00035.JPG">
        <transform>9.9987998367449316e-001 1.3712296442245409e-002 -7.2104905086115964e-003 2.9531698808050191e+001 1.3652008438411942e-002 -9.9987198416632361e-001 -8.3449352841520278e-003 3.0163639261601350e+001 -7.3239956780655662e-003 8.2454960784139799e-003 -9.9993918359154654e-001 8.9888642465738222e-001 0 0 0 1</transform>
        <rotation_covariance>1.8344331684941323e-008 1.8937340913150625e-009 -1.5844212105781817e-012 1.8937340913150625e-009 6.9220900738839688e-009 1.0854096067272387e-010 -1.5844212105781877e-012 1.0854096067272390e-010 2.7619926116176959e-010</rotation_covariance>
        <location_covariance>1.1447632331046564e-005 3.4537038771443874e-006 2.7180557753641997e-006 3.4537038771443874e-006 7.8700849206960542e-006 4.4009107167421820e-007 2.7180557753641997e-006 4.4009107167421820e-007 9.9257698327901451e-006</location_covariance>
      </camera>
      <camera id="35" sensor_id="0" label="DSC00036.JPG">
        <transform>9.9989467887799655e-001 1.3409275466762008e-002 -5.5517999715359607e-003 2.8294336352411413e+001 1.3358619362430693e-002 -9.9986969648023416e-001 -9.0629658089478940e-003 3.0150329689412871e+001 -5.6726043575366612e-003 8.9878469046241159e-003 -9.9994351848883034e-001 8.8647741505669464e-001 0 0 0 1</transform>
        <rotation_covariance>1.8922556668499029e-008 1.8275441362462857e-009 1.6287446859472362e-011 1.8275441362462861e-009 7.0261195760113755e-009 1.2449732597082578e-010 1.6287446859472356e-011 1.2449732597082581e-010 2.7855372069853212e-010</rotation_covariance>
        <location_covariance>1.0859145175715424e-005 3.2742095055567124e-006 2.5660432570736404e-006 3.2742095055567124e-006 8.1342562119031479e-006 5.1017620900868737e-007 2.5660432570736404e-006 5.1017620900868737e-007 9.5931146540164287e-006</location_covariance>
      </camera>
      <camera id="36" sensor_id="0" label="DSC00037.JPG">
        <transform>9.9991433716040634e-001 1.2468758677198759e-002 -3.9810046615313139e-003 2.6481102628919135e+001 1.2434966486238871e-002 -9.9988737277624673e-001 -8.4031762507465833e-003 3.0151702693137935e+001 -4.0853334688210636e-003 8.3529527512596364e-003 -9.9995676818089674e-001 9.0577422759484383e-001 0 0 0 1</transform>
        <rotation_covariance>1.8731637711443247e-008 1.5204224706609837e-009 5.0209819253161269e-011 1.5204224706609835e-009 6.8611337238939282e-009 1.2621064471971337e-010 5.0209819253161275e-011 1.2621064471971339e-010 2.7320318602336771e-010</rotation_covariance>
        <location_covariance>9.8793393388967341e-006 2.8961265942863935e-006 2.3390124003773338e-006 2.8961265942863935e-006 7.9448537061207500e-006 5.6358214686562481e-007 2.3390124003773338e-006 5.6358214686562481e-007 9.1516630729336750e-006</location_covariance>
      </camera>
      <camera id="37" sensor_id="0" label="DSC00038.JPG">
        <transform>9.9992721088701098e-001 1.1791323014424674e-002 -2.5568788182992208e-003 2.4647728326769435e+001 1.1768142049822140e-002 -9.9989115189711286e-001 -8.8991679700922317e-003 3.0170755507896821e+001 -2.6615334709855164e-003 8.8684304944114251e-003 -9.9995713267127040e-001 9.0879290382404920e-001 0 0 0 1</transform>
        <rotation_covariance>1.9328015989544935e-008 1.0778458577387911e-009 9.8694263413119624e-011 1.0778458577387911e-009 6.8534097743306402e-009 1.3437377955971353e-010 9.8694263413119637e-011 1.3437377955971353e-010 2.7285482214427777e-010</rotation_covariance>
        <location_covariance>9.0421167094516894e-006 2.4400044909046637e-006 2.1106581447696329e-006 2.4400044909046637e-006 8.1882389957513427e-006 6.4729463482939915e-007 2.1106581447696329e-006 6.4729463482939915e-007 8.7384578550482338e-006</location_covariance>
      </camera>
      <camera id="38" sensor_id="0" label="DSC00039.JPG">
        <transform>9.9994049787012207e-001 1.0846528285882983e-002 -1.1634188392423209e-003 2.2864132707309473e+001 1.0833343429916186e-002 -9.9988303116335586e-001 -1.0796418929856430e-002 3.0261197654224322e+001 -1.2803864188030952e-003 1.0783172804096706e-002 -9.9994104015931640e-001 9.3962911652330627e-001 0 0 0 1</transform>
        <rotation_covariance>1.9858799164542279e-008 7.1265515214327956e-010 1.5351633432068246e-010 7.1265515214327956e-010 6.8561474817374198e-009 1.4378319667487076e-010 1.5351633432068249e-010 1.4378319667487076e-010 2.7258267056105826e-010</rotation_covariance>
        <location_covariance>8.3024058536292340e-006 2.0476302354206575e-006 1.9063955704980703e-006 2.0476302354206575e-006 8.4256338308398522e-006 7.0979877364792585e-007 1.9063955704980703e-006 7.0979877364792585e-007 8.4067064105110722e-006</location_covariance>
      </camera>
      <camera id="39" sensor_id="0" label="DSC00040.JPG">
        <transform>9.9994201104345171e-001 1.0762923203246779e-002 3.6610722154742847e-004 2.1062869439969408e+001 1.0765881853095632e-002 -9.9989813759781931e-001 -9.3707105567074137e-003 3.0221605391161194e+001 2.6521369090469016e-004 9.3741086260728627e-003 -9.9995602690776597e-001 9.8679957154258202e-001 0 0 0 1</transform>
        <rotation_covariance>1.8684078259231947e-008 8.9485457098875737e-010 2.1244243621073577e-010 8.9485457098875748e-010 6.5348812854877867e-009 1.2011780330713190e-010 2.1244243621073577e-010 1.2011780330713190e-010 2.6731632973129876e-010</rotation_covariance>
        <location_covariance>7.4254968088397872e-006 1.9335508728022411e-006 1.6953705594672161e-006 1.9335508728022411e-006 7.6788378060608383e-006 7.0024310419116587e-007 1.6953705594672161e-006 7.0024310419116587e-007 8.0354770800342356e-006</location_covariance>
      </camera>
      <camera id="40" sensor_id="0" label="DSC00041.JPG">
        <transform>9.9994527857879234e-001 1.0397545325011257e-002 1.1536460441473374e-003 1.9174020892394292e+001 1.0407550921083255e-002 -9.9990501762478945e-001 -9.0354088227643254e-003 3.0275167232575441e+001 1.0595903953412136e-003 9.0469210223017241e-003 -9.9995851438357697e-001 9.9983627261596231e-001 0 0 0 1</transform>
        <rotation_covariance>1.9167364319082952e-008 1.1794386650705982e-009 2.2703988331060489e-010 1.1794386650705980e-009 6.2820259144619151e-009 1.2063766354276411e-010 2.2703988331060489e-010 1.2063766354276411e-010 2.6624782199093832e-010</rotation_covariance>
        <location_covariance>6.6056710588297111e-006 1.8867904062515591e-006 1.4867226070364794e-006 1.8867904062515591e-006 7.8685581953138439e-006 7.6559125447615508e-007 1.4867226070364794e-006 7.6559125447615508e-007 7.7085393317120807e-006</location_covariance>
      </camera>
      <camera id="41" sensor_id="0" label="DSC00042.JPG">
        <transform>9.9994826367068301e-001 9.7974415509579950e-003 2.7349809946714742e-003 1.6965208692600378e+001 9.8268805519977145e-003 -9.9989157960296893e-001 -1.0966378513270094e-002 3.0375273556070447e+001 2.6272420144367141e-003 1.0992687484646541e-002 -9.9993612717076208e-001 1.0095658418502602e+000 0 0 0 1</transform>
