<?xml version="1.0" encoding="UTF-8"?>
<document version="1.5.0">
  <chunk label="SonyA9" enabled="true">
    <sensors next_id="1">
      <sensor id="0" label="SonyA9" type="frame">
        <resolution width="6000" height="4000"/>
        <property name="pixel_width" value="0.006"/>
        <property name="pixel_height" value="0.006"/>
        <property name="focal_length" value="55"/>
        <property name="fixed" value="true"/>
        <property name="layer_index" value="0"/>
        <calibration type="frame" class="initial">
          <resolution width="6000" height="4000"/>
          <f>9227.77018581081</f>
          <cx>-37.8304617831239</cx>
          <cy>31.7622333680372</cy>
          <k1>-0.017282082281574</k1>
        </calibration>
      </sensor>
    </sensors>
    <cameras next_id="600" next_group_id="0">
      <camera id="0" sensor_id="0" label="DSC00617.JPG">
        <transform>9.9768157770656907e-001 -6.7308366464428226e-002 1.0052527484254599e-002 3.3456967552349024e+000 -6.7417115810375489e-002 -9.9766531495403588e-001 1.0901918797844754e-002 1.6948257345278655e+001 9.2952676530521933e-003 -1.1554355955855631e-002 -9.9989004138340309e-001 8.9458480249164984e-001 0 0 0 1</transform>
        <rotation_covariance>1.1285633989265975e-008 -9.1004745499170153e-010 -1.2138715406182899e-010 -9.1004745499170143e-010 4.6364651501714476e-009 -2.6799122530232962e-011 -1.2138715406182891e-010 -2.6799122530232968e-011 1.7307918497228601e-010</rotation_covariance>
        <location_covariance>2.3437907571556865e-006 -8.0453708719761972e-007 1.4852761630482633e-007 -8.0453708719761972e-007 4.4453118944450885e-006 -1.1148085730369548e-006 1.4852761630482633e-007 -1.1148085730369548e-006 7.6743013548252259e-007</location_covariance>
      </camera>
      <camera id="1" sensor_id="0" label="DSC00618.JPG">
        <transform>9.9949683903612474e-001 -2.9803590781394586e-002 1.0854249551675939e-002 3.9861262126187000e+000 -2.9883902677723104e-002 -9.9952661957470879e-001 7.3136257973621327e-003 1.6954308840632034e+001 1.0631139052014118e-002 -7.6343132035985124e-003 -9.9991434440374249e-001 7.8968097455316077e-001 0 0 0 1</transform>
        <rotation_covariance>1.0946858490699803e-008 -6.4592410735519058e-010 -8.3699018199944800e-011 -6.4592410735519058e-010 4.4127016052058326e-009 3.1378565810273511e-012 -8.3699018199944800e-011 3.1378565810273450e-012 1.6319970488341015e-010</rotation_covariance>
        <location_covariance>2.1739264741194255e-006 -7.7678010008957177e-007 1.0165516378382206e-007 -7.7678010008957177e-007 4.2462993835344866e-006 -1.0894798252212686e-006 1.0165516378382206e-007 -1.0894798252212686e-006 7.4794378402021145e-007</location_covariance>
      </camera>
      <camera id="2" sensor_id="0" label="DSC00619.JPG">
        <transform>9.9993237973397531e-001 3.5513000225720397e-004 1.1623675934486984e-002 5.5867782872850098e+000 2.8057025531305944e-004 -9.9997938127090635e-001 6.4154745254801377e-003 1.7054421823737734e+001 1.1625714596544535e-002 -6.4117794516614368e-003 -9.9991186203804128e-001 7.6178301138916260e-001 0 0 0 1</transform>
        <rotation_covariance>1.1717939282901470e-008 -7.5080470482483407e-010 -1.0229509496436469e-010 -7.5080470482483407e-010 4.0402119923791038e-009 1.9513335494472452e-011 -1.0229509496436474e-010 1.9513335494472461e-011 1.4923683120936074e-010</rotation_covariance>
        <location_covariance>1.8454480589533455e-006 -8.4500120702252535e-007 1.4834572006043771e-008 -8.4500120702252535e-007 4.4998195903740623e-006 -1.0166232135345400e-006 1.4834572006043771e-008 -1.0166232135345400e-006 7.3519867726760697e-007</location_covariance>
      </camera>
      <camera id="3" sensor_id="0" label="DSC00620.JPG">
        <transform>9.9989171825893086e-001 9.2856469467676398e-003 1.1416151627532662e-002 6.9362381083264282e+000 9.2247967166004131e-003 -9.9994302428403836e-001 5.3713416599917791e-003 1.7187287526028058e+001 1.1465377566405305e-002 -5.2654483637150822e-003 -9.9992040691786510e-001 7.1028678435970494e-001 0 0 0 1</transform>
        <rotation_covariance>1.2172866241839634e-008 -5.1950276232661133e-010 -1.2623732241395304e-010 -5.1950276232661123e-010 4.0198979202361261e-009 2.3431265659342655e-011 -1.2623732241395312e-010 2.3431265659342645e-011 1.4703118743325040e-010</rotation_covariance>
        <location_covariance>1.6906888798490194e-006 -7.4246211718890285e-007 -2.1983158188913265e-008 -7.4246211718890285e-007 4.6164903754971212e-006 -9.6223268234214164e-007 -2.1983158188913265e-008 -9.6223268234214164e-007 7.4320355057668893e-007</location_covariance>
      </camera>
      <camera id="4" sensor_id="0" label="DSC00621.JPG">
        <transform>9.9986865049082296e-001 1.1805571663504261e-002 1.1104514548565826e-002 8.6799060307824956e+000 1.1741129623545678e-002 -9.9991395429631746e-001 5.8506306211338491e-003 1.7444532198332357e+001 1.1172629091871932e-002 -5.7194825989521246e-003 -9.9992122683638218e-001 6.8143796046427541e-001 0 0 0 1</transform>
        <rotation_covariance>1.2005519301388873e-008 -4.0194497190691562e-010 -1.1804569498432860e-010 -4.0194497190691567e-010 3.9954305143402970e-009 1.4522113429459479e-011 -1.1804569498432854e-010 1.4522113429459474e-011 1.4243926028898427e-010</rotation_covariance>
        <location_covariance>1.5197212994286763e-006 -6.5943617807250924e-007 -5.5425792541149341e-008 -6.5943617807250924e-007 4.5146191128594613e-006 -9.2364911222048119e-007 -5.5425792541149341e-008 -9.2364911222048119e-007 7.7870571714460403e-007</location_covariance>
      </camera>
      <camera id="5" sensor_id="0" label="DSC00622.JPG">
        <transform>9.9985888362425923e-001 1.2488384661973722e-002 1.1236239859679413e-002 9.5073529468538638e+000 1.2431832429724383e-002 -9.9990977239884515e-001 5.0888705749754385e-003 1.7598381957864344e+001 1.1298777813946167e-002 -4.9484654009275602e-003 -9.9992392226113225e-001 6.7008036008865723e-001 0 0 0 1</transform>
        <rotation_covariance>1.1954041501924370e-008 -3.1105407960768447e-010 -1.1637090709885570e-010 -3.1105407960768458e-010 4.0033672395581277e-009 1.8081970117665764e-011 -1.1637090709885573e-010 1.8081970117665767e-011 1.4138958314373335e-010</rotation_covariance>
        <location_covariance>1.4553202906135828e-006 -6.0895953131433516e-007 -6.0055733463178450e-008 -6.0895953131433516e-007 4.4805006156181366e-006 -9.0368124639396939e-007 -6.0055733463178450e-008 -9.0368124639396939e-007 8.0541552357223813e-007</location_covariance>
      </camera>
      <camera id="6" sensor_id="0" label="DSC00623.JPG">
        <transform>9.9985664086263171e-001 1.2831077989714302e-002 1.1048129276733298e-002 1.1024778054558031e+001 1.2781051798474613e-002 -9.9990779879313585e-001 4.5867883742881158e-003 1.7888991442707425e+001 1.1105964065233198e-002 -4.4449241037013160e-003 -9.9992844754607024e-001 6.8257295124667816e-001 0 0 0 1</transform>
        <rotation_covariance>1.1955277563773064e-008 -2.8144770529402187e-010 -1.1183548417339433e-010 -2.8144770529402198e-010 3.9954335906498138e-009 7.3152884254482547e-012 -1.1183548417339434e-010 7.3152884254482563e-012 1.4188376542956050e-010</rotation_covariance>
        <location_covariance>1.3537062572707249e-006 -5.5935838406998389e-007 -8.1801716924712760e-008 -5.5935838406998389e-007 4.4821671573152888e-006 -8.9694813494305721e-007 -8.1801716924712760e-008 -8.9694813494305721e-007 8.6563058241007173e-007</location_covariance>
      </camera>
      <camera id="7" sensor_id="0" label="DSC00624.JPG">
        <transform>9.9986196701830110e-001 1.2995505253317672e-002 1.0351992731094477e-002 1.2019031942919618e+001 1.2950527514047702e-002 -9.9990645714620441e-001 4.4000902756218471e-003 1.8058758745595604e+001 1.0408205772443856e-002 -4.2654191513520987e-003 -9.9993673572484665e-001 6.9849783863951920e-001 0 0 0 1</transform>
        <rotation_covariance>1.1792512846502536e-008 -3.4925822315113883e-010 -1.1099201857260754e-010 -3.4925822315113893e-010 3.9696548182764507e-009 6.5303888285882834e-012 -1.1099201857260753e-010 6.5303888285882874e-012 1.4125297366765749e-010</rotation_covariance>
        <location_covariance>1.2908844874026093e-006 -5.5995834744470567e-007 -8.0570342195793607e-008 -5.5995834744470567e-007 4.4243894232864401e-006 -8.8211584942597328e-007 -8.0570342195793607e-008 -8.8211584942597328e-007 9.0920482927747154e-007</location_covariance>
      </camera>
      <camera id="8" sensor_id="0" label="DSC00625.JPG">
        <transform>9.9987180411273113e-001 1.2988645362729702e-002 9.3632490084728775e-003 1.3320221071499370e+001 1.2970233250042580e-002 -9.9991383356408348e-001 2.0244744053330844e-003 1.8297953177468564e+001 9.3887373907740133e-003 -1.9027713524223152e-003 -9.9995411448295346e-001 6.9790394046099646e-001 0 0 0 1</transform>
        <rotation_covariance>1.1725821837644299e-008 -2.1394503131854715e-010 -1.2702578666519912e-010 -2.1394503131854713e-010 4.0487121396133044e-009 1.3431012082444725e-011 -1.2702578666519914e-010 1.3431012082444727e-011 1.4351169330901293e-010</rotation_covariance>
        <location_covariance>1.2582157780826297e-006 -4.7602657390140126e-007 -7.3117265387156632e-008 -4.7602657390140126e-007 4.3974528208472873e-006 -8.5856629506678076e-007 -7.3117265387156632e-008 -8.5856629506678076e-007 9.7534875614668943e-007</location_covariance>
      </camera>
      <camera id="9" sensor_id="0" label="DSC00626.JPG">
        <transform>9.9987676524736036e-001 1.3507033587534373e-002 8.0008975833176441e-003 1.4781616148584831e+001 1.3482289638497163e-002 -9.9990418408298687e-001 3.1385537178800133e-003 1.8570183928390119e+001 8.0425235204624572e-003 -3.0302965204027058e-003 -9.9996306687718284e-001 7.1587331903235463e-001 0 0 0 1</transform>
        <rotation_covariance>1.1441269304823874e-008 -3.4298913889589992e-012 -1.4388830060557674e-010 -3.4298913889589750e-012 4.1516400839595509e-009 6.8047943963944637e-012 -1.4388830060557674e-010 6.8047943963944654e-012 1.4489893263957984e-010</rotation_covariance>
        <location_covariance>1.2428709014399868e-006 -3.6221247938325854e-007 -5.4247666816332956e-008 -3.6221247938325854e-007 4.3001353511564391e-006 -8.2548493738462768e-007 -5.4247666816332956e-008 -8.2548493738462768e-007 1.0615682876145300e-006</location_covariance>
      </camera>
      <camera id="10" sensor_id="0" label="DSC00627.JPG">
        <transform>9.9987364221905417e-001 1.3320510496663340e-002 8.6754593948366529e-003 1.5555560815194504e+001 1.3307515456845109e-002 -9.9991024365837788e-001 1.5539174396420503e-003 1.8745503828503935e+001 8.6953796909051799e-003 -1.4382722800905831e-003 -9.9996116011817149e-001 7.0851693963049700e-001 0 0 0 1</transform>
        <rotation_covariance>1.1187431111304142e-008 5.1513576154637132e-011 -1.4593434029540463e-010 5.1513576154637113e-011 4.1590631525453544e-009 7.7320312176701628e-012 -1.4593434029540461e-010 7.7320312176701644e-012 1.4455981837294115e-010</rotation_covariance>
        <location_covariance>1.2227940857124405e-006 -3.1889060390521059e-007 -3.9848982175554946e-008 -3.1889060390521059e-007 4.2060240550820798e-006 -8.1661165721998365e-007 -3.9848982175554946e-008 -8.1661165721998365e-007 1.1148744933047349e-006</location_covariance>
      </camera>
      <camera id="11" sensor_id="0" label="DSC00628.JPG">
        <transform>9.9987946020752538e-001 1.3431280221022308e-002 7.7888231930173515e-003 1.7003650736240594e+001 1.3412944089493256e-002 -9.9990715822083009e-001 2.4016389395761502e-003 1.8966233241771803e+001 7.8203571504016373e-003 -2.2968783965058846e-003 -9.9996678263013905e-001 6.9818526849672125e-001 0 0 0 1</transform>
        <rotation_covariance>1.1051158686872864e-008 6.3405058722110523e-011 -1.5685709084957498e-010 6.3405058722110497e-011 4.1335754204405671e-009 1.2848115526324116e-011 -1.5685709084957503e-010 1.2848115526324122e-011 1.4503821557030444e-010</rotation_covariance>
        <location_covariance>1.1917965838723298e-006 -2.6484224061459414e-007 -1.1667422244411708e-008 -2.6484224061459414e-007 4.1542307631191605e-006 -7.7616708626419128e-007 -1.1667422244411708e-008 -7.7616708626419128e-007 1.2076295236815900e-006</location_covariance>
      </camera>
      <camera id="12" sensor_id="0" label="DSC00629.JPG">
        <transform>9.9988168251629450e-001 1.3819672721113653e-002 6.7555617283505858e-003 1.7817540590686882e+001 1.3807553017303836e-002 -9.9990298302335279e-001 1.8373950786663648e-003 1.9129577081749090e+001 6.7802985228227015e-003 -1.7438999059782147e-003 -9.9997549288223031e-001 6.9889745797357949e-001 0 0 0 1</transform>
        <rotation_covariance>1.0933718217549780e-008 1.1341628955768199e-010 -1.6782911829496568e-010 1.1341628955768198e-010 4.2520085689093794e-009 1.4740739935974979e-011 -1.6782911829496568e-010 1.4740739935974979e-011 1.4780102404534210e-010</rotation_covariance>
        <location_covariance>1.2334250011091955e-006 -2.1575726748397092e-007 1.0265427508533723e-008 -2.1575726748397092e-007 4.1206002788905725e-006 -7.5706853805767482e-007 1.0265427508533723e-008 -7.5706853805767482e-007 1.2725982165003252e-006</location_covariance>
      </camera>
      <camera id="13" sensor_id="0" label="DSC00630.JPG">
        <transform>9.9988399314757803e-001 1.3942049590267406e-002 6.1334737690365111e-003 1.8833628914777467e+001 1.3934772452669008e-002 -9.9990215276576233e-001 1.2276037986565134e-003 1.9330278588492003e+001 6.1499889386300117e-003 -1.1419928268878727e-003 -9.9998043655285485e-001 6.8634310153123579e-001 0 0 0 1</transform>
        <rotation_covariance>1.1011224536209984e-008 1.7140627102646102e-010 -1.8699643341039600e-010 1.7140627102646105e-010 4.2739841282510111e-009 1.2350607498866652e-011 -1.8699643341039600e-010 1.2350607498866654e-011 1.5025802638477792e-010</rotation_covariance>
        <location_covariance>1.2455183194653735e-006 -1.5371484815766264e-007 4.4779266904196559e-008 -1.5371484815766264e-007 4.1539959697009346e-006 -7.4040353959846791e-007 4.4779266904196559e-008 -7.4040353959846791e-007 1.3569942115709694e-006</location_covariance>
      </camera>
      <camera id="14" sensor_id="0" label="DSC00631.JPG">
        <transform>9.9988638367696425e-001 1.3638603802540774e-002 6.4193631864203288e-003 2.0264830279432012e+001 1.3630309069822150e-002 -9.9990621299424054e-001 1.3341252480792145e-003 1.9539383783082048e+001 6.4369567392497115e-003 -1.2464757654117118e-003 -9.9997850571204938e-001 6.7307223061093824e-001 0 0 0 1</transform>
        <rotation_covariance>1.0998938810544576e-008 2.4053526936255622e-010 -1.8526250147231445e-010 2.4053526936255622e-010 4.2852069106106367e-009 1.6361242999343059e-011 -1.8526250147231442e-010 1.6361242999343059e-011 1.5316245937279541e-010</rotation_covariance>
        <location_covariance>1.2769149948874934e-006 -6.3586931334418984e-008 1.0296285422956207e-007 -6.3586931334418984e-008 4.1592183123563064e-006 -6.9734799918519394e-007 1.0296285422956207e-007 -6.9734799918519394e-007 1.4739807680417658e-006</location_covariance>
      </camera>
      <camera id="15" sensor_id="0" label="DSC00632.JPG">
        <transform>9.9987993206643355e-001 1.3856644749334518e-002 6.9364866549856364e-003 2.1689790866399001e+001 1.3840032315491578e-002 -9.9990125181593537e-001 2.4372366384033156e-003 1.9707603551600826e+001 6.9695736117930856e-003 -2.3409428049755532e-003 -9.9997297214997449e-001 6.4326747198745127e-001 0 0 0 1</transform>
        <rotation_covariance>1.1323346601568987e-008 2.0475266981014659e-010 -1.8253155947752384e-010 2.0475266981014653e-010 4.5554588355271980e-009 1.8938253410320824e-011 -1.8253155947752386e-010 1.8938253410320824e-011 1.6078536942451199e-010</rotation_covariance>
        <location_covariance>1.4211878795033756e-006 -1.0132241314484184e-008 1.8025133670353754e-007 -1.0132241314484184e-008 4.2806251028413154e-006 -6.4342620461638072e-007 1.8025133670353754e-007 -6.4342620461638072e-007 1.5949769905541120e-006</location_covariance>
      </camera>
      <camera id="16" sensor_id="0" label="DSC00633.JPG">
        <transform>9.9987616651424793e-001 1.4178220158339494e-002 6.8285950175596462e-003 2.2496915192469096e+001 1.4156979017048011e-002 -9.9989482641995486e-001 3.1489750267618103e-003 1.9801070047645982e+001 6.8725236909775132e-003 -3.0519128018281889e-003 -9.9997172672349444e-001 6.3509019534528843e-001 0 0 0 1</transform>
        <rotation_covariance>1.1350295096067774e-008 1.3182966631010781e-010 -1.7033753676425918e-010 1.3182966631010781e-010 4.5008235997755769e-009 1.3344085049468735e-011 -1.7033753676425918e-010 1.3344085049468737e-011 1.6156764866580918e-010</rotation_covariance>
        <location_covariance>1.4412722434456167e-006 3.0493739288655281e-009 2.2583999949543032e-007 3.0493739288655281e-009 4.2909995515932744e-006 -6.1680776738617003e-007 2.2583999949543032e-007 -6.1680776738617003e-007 1.6683671686055704e-006</location_covariance>
      </camera>
      <camera id="17" sensor_id="0" label="DSC00634.JPG">
        <transform>9.9988547425348262e-001 1.3827195657433747e-002 6.1519945658934936e-003 2.4013573247716057e+001 1.3821863208649910e-002 -9.9990406079723104e-001 9.0845949200672597e-004 2.0060493959139585e+001 6.1639657955822333e-003 -8.2332342265508589e-004 -9.9998066364515903e-001 6.2377216677514713e-001 0 0 0 1</transform>
        <rotation_covariance>1.1112565713894345e-008 1.6094348083096929e-010 -1.6427868589225890e-010 1.6094348083096931e-010 4.3804618621337910e-009 3.0330043419000454e-011 -1.6427868589225890e-010 3.0330043419000448e-011 1.6355694316579716e-010</rotation_covariance>
        <location_covariance>1.5027638252913876e-006 1.0773723349457532e-007 3.3445149953875543e-007 1.0773723349457532e-007 4.2334159488466262e-006 -5.5744434430864978e-007 3.3445149953875543e-007 -5.5744434430864978e-007 1.8299011169178475e-006</location_covariance>
      </camera>
      <camera id="18" sensor_id="0" label="DSC00635.JPG">
        <transform>9.9989447270504839e-001 1.3711927899222766e-002 4.7985922080256227e-003 2.5435734923860753e+001 1.3711521639929966e-002 -9.9990598575862122e-001 1.1755168128176776e-004 2.0273003808651872e+001 4.7997529321976663e-003 -5.1743275469282478e-005 -9.9998847978085392e-001 6.0374539633550806e-001 0 0 0 1</transform>
        <rotation_covariance>1.1277781205822766e-008 3.0418270038795273e-010 -1.7281773217797288e-010 3.0418270038795268e-010 4.5713615969401765e-009 2.6530712157058258e-011 -1.7281773217797291e-010 2.6530712157058264e-011 1.7101284603027082e-010</rotation_covariance>
        <location_covariance>1.7037913231670303e-006 2.5536908316722654e-007 4.4111605329820441e-007 2.5536908316722654e-007 4.3124001390441154e-006 -5.1185835341615675e-007 4.4111605329820441e-007 -5.1185835341615675e-007 1.9902513933196143e-006</location_covariance>
      </camera>
      <camera id="19" sensor_id="0" label="DSC00636.JPG">
        <transform>9.9988966123953238e-001 1.4055264520416456e-002 4.8077942504280062e-003 2.6276381408198837e+001 1.4061013299345533e-002 -9.9990046153332535e-001 -1.1640147931204611e-003 2.0436015841999225e+001 4.7909551541372450e-003 1.2314888160668074e-003 -9.9998776501715603e-001 5.9539621463232950e-001 0 0 0 1</transform>
        <rotation_covariance>1.1275432422299581e-008 3.5672756310875583e-010 -1.7087235434269338e-010 3.5672756310875583e-010 4.6520963380954616e-009 3.1987458265791824e-011 -1.7087235434269338e-010 3.1987458265791830e-011 1.7329595700271938e-010</rotation_covariance>
        <location_covariance>1.8285201674334487e-006 3.3737721654852809e-007 5.1360127474939632e-007 3.3737721654852809e-007 4.3278337381209119e-006 -4.9161840599217134e-007 5.1360127474939632e-007 -4.9161840599217134e-007 2.0988603509099945e-006</location_covariance>
      </camera>
      <camera id="20" sensor_id="0" label="DSC00637.JPG">
        <transform>9.9989725596963130e-001 1.3767611502829492e-002 3.9912877507987631e-003 2.7613800013178384e+001 1.3770080719120212e-002 -9.9990501279497457e-001 -5.9183145469408839e-004 2.0745458057536680e+001 3.9827605239874803e-003 6.4673100204686864e-004 -9.9999185964567705e-001 5.7249719136882493e-001 0 0 0 1</transform>
        <rotation_covariance>1.1233189100520159e-008 4.6064203042726316e-010 -1.9523720051129143e-010 4.6064203042726305e-010 4.6702373045569613e-009 3.7960741016062282e-011 -1.9523720051129145e-010 3.7960741016062282e-011 1.7753737723617453e-010</rotation_covariance>
        <location_covariance>2.0090744883283991e-006 4.8484409413062219e-007 6.3592129434637737e-007 4.8484409413062219e-007 4.3421744802536960e-006 -4.5805752149050018e-007 6.3592129434637737e-007 -4.5805752149050018e-007 2.2891806945904799e-006</location_covariance>
      </camera>
      <camera id="21" sensor_id="0" label="DSC00638.JPG">
        <transform>9.9990326601617463e-001 1.3358808303991131e-002 3.8730931932957936e-003 2.8197355691713899e+001 1.3361513348839064e-002 -9.9991050425102557e-001 -6.7338658177739080e-004 2.0890582850421193e+001 3.8637509256591682e-003 7.2507182881420052e-004 -9.9999227281995906e-001 5.7280978230807611e-001 0 0 0 1</transform>
        <rotation_covariance>1.1383840302222952e-008 4.5710930413542006e-010 -2.0191546373306109e-010 4.5710930413542011e-010 4.7391761880192419e-009 4.3041587606282753e-011 -2.0191546373306109e-010 4.3041587606282759e-011 1.8198932752455634e-010</rotation_covariance>
        <location_covariance>2.1181011086073102e-006 5.3311355350574904e-007 6.9296219508139516e-007 5.3311355350574904e-007 4.4132465600056318e-006 -4.4479734859293977e-007 6.9296219508139516e-007 -4.4479734859293977e-007 2.3814288223456999e-006</location_covariance>
      </camera>
      <camera id="22" sensor_id="0" label="DSC00639.JPG">
        <transform>9.9990760525630917e-001 1.3010933938654266e-002 3.9365655890087640e-003 2.9313191528997145e+001 1.3014127436556671e-002 -9.9991500317228632e-001 -7.8671343685302411e-004 2.1063513225219555e+001 3.9259951168660644e-003 8.3787171490439199e-004 -9.9999194223420207e-001 5.6442382065408570e-001 0 0 0 1</transform>
        <rotation_covariance>1.1777919904830972e-008 4.6111404978108590e-010 -2.0161981923998286e-010 4.6111404978108595e-010 4.9738538223926892e-009 5.5765881323500733e-011 -2.0161981923998281e-010 5.5765881323500733e-011 1.9121912707101305e-010</rotation_covariance>
        <location_covariance>2.3780371432744007e-006 6.2271385228511271e-007 8.0687651297856042e-007 6.2271385228511271e-007 4.5700266341509262e-006 -4.0831504634746802e-007 8.0687651297856042e-007 -4.0831504634746802e-007 2.5432828460558234e-006</location_covariance>
      </camera>
      <camera id="23" sensor_id="0" label="DSC00640.JPG">
        <transform>9.9991082801466458e-001 1.2969087208898273e-002 3.1841476091304458e-003 2.9839923735628044e+001 1.2970975826833571e-002 -9.9991570906264104e-001 -5.7319792002460772e-004 2.1103306281355270e+001 3.1764453605310243e-003 6.1444830849518965e-004 -9.9999476631037809e-001 5.5914719965632098e-001 0 0 0 1</transform>
        <rotation_covariance>1.1812930399640136e-008 5.0025476493609082e-010 -2.0665167045095204e-010 5.0025476493609072e-010 5.0292710507941747e-009 4.9735817508439995e-011 -2.0665167045095204e-010 4.9735817508439995e-011 1.9495756084948125e-010</rotation_covariance>
        <location_covariance>2.4877261524570064e-006 6.7507370004595990e-007 8.5977583600201395e-007 6.7507370004595990e-007 4.5849988193693599e-006 -3.9027663451293630e-007 8.5977583600201395e-007 -3.9027663451293630e-007 2.6135123817490926e-006</location_covariance>
      </camera>
      <camera id="24" sensor_id="0" label="DSC00642.JPG">
        <transform>9.9991917842254241e-001 1.2675612117033030e-002 9.8258854350933037e-004 3.1728465829377182e+001 1.2675118693015004e-002 -9.9991953903366715e-001 5.0677886359323744e-004 2.1365170661275453e+001 9.8893321578963052e-004 -4.9428347851068223e-004 -9.9999938884728201e-001 5.5575462092158234e-001 0 0 0 1</transform>
        <rotation_covariance>1.2601338865293499e-008 7.4618710723722620e-010 -2.1606925442004630e-010 7.4618710723722620e-010 5.3564531232272744e-009 3.2020251810568751e-011 -2.1606925442004630e-010 3.2020251810568751e-011 2.1929920151781349e-010</rotation_covariance>
        <location_covariance>2.9674323353494903e-006 9.1357029108985319e-007 1.0429575422557416e-006 9.1357029108985319e-007 4.8979884896771194e-006 -3.3517039778123433e-007 1.0429575422557416e-006 -3.3517039778123433e-007 2.9109177915428878e-006</location_covariance>
      </camera>
      <camera id="25" sensor_id="0" label="DSC00643.JPG">
        <transform>9.9991863851030072e-001 1.2720848584025746e-002 -9.4676872014257498e-004 3.1789011667114558e+001 1.2721780211816440e-002 -9.9991859014383400e-001 9.8457757922557022e-004 2.1424144371450744e+001 -9.3416698153269068e-004 -9.9654205609607614e-004 -9.9999906711755537e-001 5.6670130088569837e-001 0 0 0 1</transform>
        <rotation_covariance>1.2714311902867467e-008 7.9350980288037940e-010 -2.3883618164528356e-010 7.9350980288037940e-010 5.3853799111364685e-009 3.2602398770762976e-011 -2.3883618164528350e-010 3.2602398770762969e-011 2.2130203448061373e-010</rotation_covariance>
        <location_covariance>2.9900396309559700e-006 9.3887243466980197e-007 1.0457036683118345e-006 9.3887243466980197e-007 4.9509148268512136e-006 -3.3529510555658124e-007 1.0457036683118345e-006 -3.3529510555658124e-007 2.9340972385742150e-006</location_covariance>
      </camera>
      <camera id="26" sensor_id="0" label="DSC00644.JPG">
        <transform>9.9992021587558144e-001 1.2631306795794578e-002 -1.0941646274138308e-004 3.1943283865688468e+001 1.2631472735306251e-002 -9.9991881065699606e-001 1.6786872358409487e-003 1.9342853882849887e+001 -8.8203565800567892e-005 -1.6799353943155750e-003 -9.9999858501759986e-001 4.6919202441182700e-001 0 0 0 1</transform>
        <rotation_covariance>1.1415702994023252e-008 5.9715092138358449e-010 -2.0357743766841236e-010 5.9715092138358470e-010 5.1530742876877470e-009 5.5113313149904576e-011 -2.0357743766841239e-010 5.5113313149904563e-011 1.9340099748335759e-010</rotation_covariance>
        <location_covariance>2.9332999167624030e-006 6.7142719985744608e-007 9.9426665534677593e-007 6.7142719985744608e-007 4.1918659231104080e-006 -2.2906715215640380e-007 9.9426665534677593e-007 -2.2906715215640380e-007 2.5380116385080743e-006</location_covariance>
      </camera>
      <camera id="27" sensor_id="0" label="DSC00645.JPG">
        <transform>9.9994138420993228e-001 1.0826455314492285e-002 -1.2652923689203399e-004 3.1317192587512420e+001 1.0826862311627366e-002 -9.9993397431198616e-001 3.8504634943499132e-003 1.9339981955745888e+001 -8.4834011750451165e-005 -3.8516077110162905e-003 -9.9999257893307936e-001 4.6969764626175525e-001 0 0 0 1</transform>
        <rotation_covariance>1.1480986764681831e-008 5.7219000884833350e-010 -2.1751901459344166e-010 5.7219000884833350e-010 5.1758413629957513e-009 4.7658801977378756e-011 -2.1751901459344163e-010 4.7658801977378762e-011 1.8840119030255415e-010</rotation_covariance>
        <location_covariance>2.8133375259971152e-006 6.3211062251736682e-007 9.3494653796597858e-007 6.3211062251736682e-007 4.2142133022787056e-006 -2.4753986693001962e-007 9.3494653796597858e-007 -2.4753986693001962e-007 2.4552575708267965e-006</location_covariance>
      </camera>
      <camera id="28" sensor_id="0" label="DSC00646.JPG">
        <transform>9.9991970050458012e-001 1.2667516535876666e-002 3.5576346762371746e-004 2.9882399623682439e+001 1.2665645574313506e-002 -9.9990805472484934e-001 4.8439156220624587e-003 1.9218833412793000e+001 4.1709113809466566e-004 -4.8390206840929371e-003 -9.9998820488733842e-001 4.9370647531193756e-001 0 0 0 1</transform>
        <rotation_covariance>1.1428118668981418e-008 6.9190131746664010e-010 -2.2569619845802456e-010 6.9190131746664000e-010 5.0921825138947198e-009 4.6471422169994717e-011 -2.2569619845802453e-010 4.6471422169994704e-011 1.7998109156658842e-010</rotation_covariance>
        <location_covariance>2.5122113865035749e-006 5.7793279875059240e-007 8.0378707003784791e-007 5.7793279875059240e-007 4.1933139870557146e-006 -2.8305687341220899e-007 8.0378707003784791e-007 -2.8305687341220899e-007 2.2613226495202139e-006</location_covariance>
      </camera>
      <camera id="29" sensor_id="0" label="DSC00648.JPG">
        <transform>9.9991164918174458e-001 1.2844598819129225e-002 3.4220040646234127e-003 2.6394852088602967e+001 1.2840677739885679e-002 -9.9991687600991819e-001 1.1653607794309474e-003 1.8753898852892675e+001 3.4366882056828234e-003 -1.1213169674341142e-003 -9.9999346588987048e-001 5.1188271031520938e-001 0 0 0 1</transform>
        <rotation_covariance>1.1611664234107400e-008 5.9088694732306877e-010 -1.5013603420381615e-010 5.9088694732306887e-010 4.6569792332305136e-009 5.3873828422796539e-011 -1.5013603420381617e-010 5.3873828422796552e-011 1.6225284626053623e-010</rotation_covariance>
        <location_covariance>1.8346255719388086e-006 3.2009062535750539e-007 4.5739888689934648e-007 3.2009062535750539e-007 4.2200437283264732e-006 -3.7461920787905824e-007 4.5739888689934648e-007 -3.7461920787905824e-007 1.8129532090530150e-006</location_covariance>
      </camera>
      <camera id="30" sensor_id="0" label="DSC00649.JPG">
        <transform>9.9991836734907991e-001 1.2350441185853201e-002 3.2749412920349613e-003 2.5465526505199414e+001 1.2345548965173061e-002 -9.9992265087025500e-001 1.5098666664869525e-003 1.8628728027655558e+001 3.2933354976389835e-003 -1.4693124639895457e-003 -9.9999349750995037e-001 5.2074475423739575e-001 0 0 0 1</transform>
        <rotation_covariance>1.1445570149771164e-008 5.3318358519885749e-010 -1.5723601549445693e-010 5.3318358519885749e-010 4.5334621734309712e-009 4.8092284249173870e-011 -1.5723601549445690e-010 4.8092284249173864e-011 1.5895271750907049e-010</rotation_covariance>
        <location_covariance>1.6784632606923870e-006 2.4473004596860272e-007 3.8699645928798811e-007 2.4473004596860272e-007 4.1544157518365590e-006 -4.0354707012625629e-007 3.8699645928798811e-007 -4.0354707012625629e-007 1.7075956181076002e-006</location_covariance>
      </camera>
      <camera id="31" sensor_id="0" label="DSC00650.JPG">
        <transform>9.9991505260998936e-001 1.2615827420359580e-002 3.2754331716614293e-003 2.3978830783536274e+001 1.2614967109035598e-002 -9.9992038803690142e-001 2.8318363383023076e-004 1.8397746193295159e+001 3.2787450038493076e-003 -2.4184009639129008e-004 -9.9999459565768034e-001 5.2530049243478971e-001 0 0 0 1</transform>
        <rotation_covariance>1.1600848381841833e-008 4.3584938498970998e-010 -1.7936613190495419e-010 4.3584938498970998e-010 4.3755090912192706e-009 5.4798568747484980e-011 -1.7936613190495422e-010 5.4798568747484980e-011 1.5453716151606454e-010</rotation_covariance>
        <location_covariance>1.4817610211705809e-006 1.2368888751130901e-007 2.7328331179900577e-007 1.2368888751130901e-007 4.1861147731012752e-006 -4.3995808913160301e-007 2.7328331179900577e-007 -4.3995808913160301e-007 1.5459057259147198e-006</location_covariance>
      </camera>
      <camera id="32" sensor_id="0" label="DSC00651.JPG">
        <transform>9.9990975799633119e-001 1.2703252594863192e-002 4.3707250235157291e-003 2.2600476934176701e+001 1.2701463487392019e-002 -9.9991923773058178e-001 4.3685417567649985e-004 1.8183412657271365e+001 4.3759215027845662e-003 -3.8130014878075968e-004 -9.9999035291406591e-001 5.5068351840398366e-001 0 0 0 1</transform>
        <rotation_covariance>1.1458507583035848e-008 3.2253057079243471e-010 -1.8788235189929680e-010 3.2253057079243476e-010 4.3958523411749740e-009 5.9911775911484844e-011 -1.8788235189929677e-010 5.9911775911484857e-011 1.5040246749434167e-010</rotation_covariance>
        <location_covariance>1.3972946605970111e-006 1.6402651521164413e-008 1.7878757578444928e-007 1.6402651521164413e-008 4.1267605489831313e-006 -4.7263538681725372e-007 1.7878757578444928e-007 -4.7263538681725372e-007 1.4109945771113758e-006</location_covariance>
      </camera>
      <camera id="33" sensor_id="0" label="DSC00652.JPG">
        <transform>9.9989948722346611e-001 1.2708837560960541e-002 6.2849739935370366e-003 2.0945320446789655e+001 1.2699054246201392e-002 -9.9991809310080548e-001 1.5940862275818785e-003 1.7888831991348628e+001 6.3047181937302098e-003 -1.5141127758692171e-003 -9.9997897877455388e-001 5.7491317995871827e-001 0 0 0 1</transform>
        <rotation_covariance>1.1317601805464916e-008 1.5271002528303899e-010 -1.8164118927228980e-010 1.5271002528303899e-010 4.3943497974175208e-009 6.2981676594493010e-011 -1.8164118927228980e-010 6.2981676594493036e-011 1.4517410888353676e-010</rotation_covariance>
        <location_covariance>1.3247991962516698e-006 -1.1601011092919058e-007 9.1271722932361044e-008 -1.1601011092919058e-007 4.0606267030593183e-006 -5.0610915652710837e-007 9.1271722932361044e-008 -5.0610915652710837e-007 1.2569919943557559e-006</location_covariance>
      </camera>
      <camera id="34" sensor_id="0" label="DSC00653.JPG">
        <transform>9.9989672362835613e-001 1.2425736989513089e-002 7.2210205335319997e-003 2.0271950615089263e+001 1.2420220961948225e-002 -9.9992253943848375e-001 8.0822902099002638e-004 1.7799872947483284e+001 7.2305040304688657e-003 -7.1845887943204872e-004 -9.9997360146571068e-001 5.7907358714198964e-001 0 0 0 1</transform>
        <rotation_covariance>1.0853211035548892e-008 1.6092029050692334e-010 -1.5952874801761920e-010 1.6092029050692334e-010 4.2354751221599151e-009 6.0500163291592457e-011 -1.5952874801761925e-010 6.0500163291592483e-011 1.4036700454598801e-010</rotation_covariance>
        <location_covariance>1.2451613235433413e-006 -1.3477809636856756e-007 6.3120808468425107e-008 -1.3477809636856756e-007 3.8932931612162625e-006 -5.2884002161480525e-007 6.3120808468425107e-008 -5.2884002161480525e-007 1.2009628096353602e-006</location_covariance>
      </camera>
      <camera id="35" sensor_id="0" label="DSC00654.JPG">
        <transform>9.9989462905659676e-001 1.2494140288957118e-002 7.3910244357434842e-003 1.9610462568391778e+001 1.2489284470065564e-002 -9.9992175887536172e-001 7.0278092518167483e-004 1.7688785905084053e+001 7.3992267971510258e-003 -6.1039826578937668e-004 -9.9997243904857769e-001 5.8220077857456032e-001 0 0 0 1</transform>
        <rotation_covariance>1.0925568564713727e-008 3.1591731664328856e-011 -1.5398298236126020e-010 3.1591731664328888e-011 4.2703964874008781e-009 6.2534495950846511e-011 -1.5398298236126017e-010 6.2534495950846498e-011 1.3925563265060439e-010</rotation_covariance>
        <location_covariance>1.2441567325517887e-006 -2.0476782968647135e-007 3.3467364542017529e-008 -2.0476782968647135e-007 3.9152791752820484e-006 -5.4259026619452043e-007 3.3467364542017529e-008 -5.4259026619452043e-007 1.1468678689052104e-006</location_covariance>
      </camera>
      <camera id="36" sensor_id="0" label="DSC00655.JPG">
        <transform>9.9988777203192425e-001 1.2332642073242701e-002 8.5058380262030900e-003 1.8551676374735763e+001 1.2324830768574425e-002 -9.9992357575243118e-001 9.7015514119909863e-004 1.7497018928007876e+001 8.5171525500439202e-003 -8.6521324844102533e-004 -9.9996335408777559e-001 5.8180404311287981e-001 0 0 0 1</transform>
        <rotation_covariance>1.1253926237233116e-008 -2.6346749771812201e-012 -1.4752420408488651e-010 -2.6346749771812338e-012 4.3127561533856307e-009 6.4700067504808333e-011 -1.4752420408488651e-010 6.4700067504808333e-011 1.3900848318765929e-010</rotation_covariance>
        <location_covariance>1.2439011116414510e-006 -2.5435502666618296e-007 -1.6210355752706877e-009 -2.5435502666618296e-007 4.0253968019319567e-006 -5.5815133583081044e-007 -1.6210355752706877e-009 -5.5815133583081044e-007 1.0633893279766307e-006</location_covariance>
      </camera>
      <camera id="37" sensor_id="0" label="DSC00656.JPG">
        <transform>9.9987917653016301e-001 1.2144432366172183e-002 9.7028399896857825e-003 1.7135665387020509e+001 1.2136426285554190e-002 -9.9992596047691151e-001 8.8358437135629584e-004 1.7248510727359800e+001 9.7128522266780870e-003 -7.6571981133130649e-004 -9.9995253596097911e-001 5.8158759441425867e-001 0 0 0 1</transform>
        <rotation_covariance>1.0864506286815781e-008 -1.6003473918667287e-012 -1.2548120069441255e-010 -1.6003473918667113e-012 4.1017695126139777e-009 5.9934921167047972e-011 -1.2548120069441255e-010 5.9934921167047959e-011 1.3305621599950893e-010</rotation_covariance>
        <location_covariance>1.1633642926425173e-006 -2.9221442236792236e-007 -3.6494308688077323e-008 -2.9221442236792236e-007 3.8792283365194154e-006 -5.9517475968990331e-007 -3.6494308688077323e-008 -5.9517475968990331e-007 9.6027434360460125e-007</location_covariance>
      </camera>
      <camera id="38" sensor_id="0" label="DSC00657.JPG">
        <transform>9.9986649593992283e-001 1.2157325984838213e-002 1.0917404532153107e-002 1.5764736597252437e+001 1.2147131186128911e-002 -9.9992572120468148e-001 9.9963855698028260e-004 1.7007716957663103e+001 1.0928746532300677e-002 -8.6688995611021403e-004 -9.9993990369473540e-001 6.0267094959840639e-001 0 0 0 1</transform>
        <rotation_covariance>1.1035134168359449e-008 -3.7404501608501454e-011 -1.1198879700706494e-010 -3.7404501608501435e-011 4.0600164650220374e-009 6.2148413771378305e-011 -1.1198879700706493e-010 6.2148413771378305e-011 1.3209158710046106e-010</rotation_covariance>
        <location_covariance>1.1667617242511383e-006 -3.4141982032770067e-007 -6.1506293690689193e-008 -3.4141982032770067e-007 3.9475842468297314e-006 -6.1047441933197019e-007 -6.1506293690689193e-008 -6.1047441933197019e-007 8.7580777333440720e-007</location_covariance>
      </camera>
      <camera id="39" sensor_id="0" label="DSC00658.JPG">
        <transform>9.9985534657225594e-001 1.1841951244671368e-002 1.2208772321256096e-002 1.4121995515421681e+001 1.1819440027924387e-002 -9.9992831545145933e-001 1.9143656476847484e-003 1.6786999810293061e+001 1.2230566965588370e-002 -1.7697878758661863e-003 -9.9992363762568126e-001 6.3341239996582932e-001 0 0 0 1</transform>
        <rotation_covariance>1.1587876109906419e-008 -3.0153529346293806e-010 -9.6232326381576425e-011 -3.0153529346293806e-010 4.1327589256773651e-009 7.0252466135770290e-011 -9.6232326381576425e-011 7.0252466135770277e-011 1.3424423675878871e-010</rotation_covariance>
        <location_covariance>1.2474166576079612e-006 -4.7262873304055708e-007 -8.5253265793978838e-008 -4.7262873304055708e-007 4.1735729408849655e-006 -6.2960765044098513e-007 -8.5253265793978838e-008 -6.2960765044098513e-007 7.9666595849070652e-007</location_covariance>
      </camera>
      <camera id="40" sensor_id="0" label="DSC00659.JPG">
        <transform>9.9984246821436340e-001 1.1938012015843817e-002 1.3134786793817892e-002 1.2354464348321770e+001 1.1933253619526036e-002 -9.9992869912678539e-001 4.4059126947282041e-004 1.6512181381921948e+001 1.3139110055919050e-002 -2.8378112029437438e-004 -9.9991363789840082e-001 6.3776981613466688e-001 0 0 0 1</transform>
        <rotation_covariance>1.2039103233369135e-008 -3.8744782962055394e-010 -7.8298760315249193e-011 -3.8744782962055394e-010 4.0809205477181757e-009 8.0572454106142505e-011 -7.8298760315249167e-011 8.0572454106142505e-011 1.3516494322415803e-010</rotation_covariance>
        <location_covariance>1.3075714892510794e-006 -5.3188077789154165e-007 -9.7513963547286417e-008 -5.3188077789154165e-007 4.3623001409595772e-006 -6.4740271436346219e-007 -9.7513963547286417e-008 -6.4740271436346219e-007 7.1808300672364908e-007</location_covariance>
      </camera>
      <camera id="41" sensor_id="0" label="DSC00660.JPG">
        <transform>9.9982720156540117e-001 1.2087710975907393e-002 1.4122827382017365e-002 1.1312991974684772e+001 1.2067170952295531e-002 -9.9992600515732843e-001 1.5386992280459820e-003 1.6331791266505242e+001 1.4140381717174627e-002 -1.3680107708794929e-003 -9.9989908398369054e-001 6.4799149526374666e-001 0 0 0 1</transform>
