<?xml version="1.0" encoding="UTF-8"?>
<document version="1.4.0">
  <chunk label="SONY-A-9" enabled="1">
    <sensors next_id="1">
      <sensor id="0" label="SONY-A-9" type="frame">
        <resolution width="6000" height="4000"/>
        <property name="pixel_width" value="0.006"/>
        <property name="pixel_height" value="0.006"/>
        <property name="focal_length" value="55"/>
        <property name="fixed" value="1"/>
        <property name="layer_index" value="0"/>
        <calibration type="frame" class="initial">
          <resolution width="6000" height="4000"/>
          <f>9227.77018581081</f>
          <cx>-37.8304617831239</cx>
          <cy>31.7622333680372</cy>
          <k1>-0.017282082281574</k1>
        </calibration>
      </sensor>
    </sensors>
    <cameras next_id="592" next_group_id="0">
      <camera id="0" sensor_id="0" label="_DSC0564.JPG" enabled="1"/>
      <camera id="1" sensor_id="0" label="_DSC0565.JPG" enabled="1"/>
      <camera id="2" sensor_id="0" label="_DSC0566.JPG" enabled="1"/>
      <camera id="3" sensor_id="0" label="_DSC0567.JPG" enabled="1">
        <transform>-3.6068153654648105e-002 -9.9780693539959620e-001 -5.5501423048519967e-002 1.5077711737266415e+000 -9.9740738218597924e-001 3.2481908489233047e-002 6.4214013905137618e-002 1.4689076823418576e+001 -6.2270396279908179e-002 5.7673609990733087e-002 -9.9639156583031152e-001 -5.2075504937063668e+000 0.0000000000000000e+000 0.0000000000000000e+000 0.0000000000000000e+000 1.0000000000000000e+000</transform>
      </camera>
      <camera id="4" sensor_id="0" label="_DSC0568.JPG" enabled="1">
        <transform>-3.6220752873196926e-002 -9.9768025773866775e-001 -5.7638185084231422e-002 1.5579837220465751e+000 -9.9741226434923036e-001 3.2506337094502458e-002 6.4125759055462070e-002 1.4714063705925518e+001 -6.2103397548277733e-002 5.9811715969397362e-002 -9.9627592897036144e-001 -5.1607101691342976e+000 0.0000000000000000e+000 0.0000000000000000e+000 0.0000000000000000e+000 1.0000000000000000e+000</transform>
      </camera>
      <camera id="5" sensor_id="0" label="_DSC0569.JPG" enabled="1">
        <transform>-3.3664059498299759e-002 -9.9780278301739667e-001 -5.7064325991231957e-002 1.3713431674210634e+000 -9.9757069974761714e-001 3.0062371081888029e-002 6.2840694219470736e-002 1.4397269338477154e+001 -6.0987130635446876e-002 5.9041172478818120e-002 -9.9639084191354421e-001 -3.1952885815808885e+000 0.0000000000000000e+000 0.0000000000000000e+000 0.0000000000000000e+000 1.0000000000000000e+000</transform>
      </camera>
      <camera id="6" sensor_id="0" label="_DSC0570.JPG" enabled="1">
        <transform>-3.1741579096278394e-002 -9.9787100678804941e-001 -5.6973028428186752e-002 1.3147913025656854e+000 -9.9763866789843481e-001 2.8157569736204979e-002 6.2643751327540770e-002 1.4314030043312698e+001 -6.0906161185143852e-002 5.8826907774886632e-002 -9.9640846767344082e-001 -6.6364637165085005e-001 0.0000000000000000e+000 0.0000000000000000e+000 0.0000000000000000e+000 1.0000000000000000e+000</transform>
      </camera>
      <camera id="7" sensor_id="0" label="_DSC0571.JPG" enabled="1">
        <transform>-3.1370299774490462e-002 -9.9787677686878362e-001 -5.7077512892788215e-002 1.3077788968061597e+000 -9.9759861878039036e-001 2.7731350465027838e-002 6.3466274578261039e-002 1.4342199331720089e+001 -6.1748685002322307e-002 5.8931404084355619e-002 -9.9635043509456567e-001 -5.8398212804299543e-001 0.0000000000000000e+000 0.0000000000000000e+000 0.0000000000000000e+000 1.0000000000000000e+000</transform>
      </camera>
      <camera id="8" sensor_id="0" label="_DSC0572.JPG" enabled="1">
        <transform>-2.9642741395203731e-002 -9.9787016804248785e-001 -5.8107104672616310e-002 1.3368537168593364e+000 -9.9777599858743760e-001 2.6067599896625548e-002 6.1347672152017960e-002 1.4222343810017851e+001 -5.9702299163592508e-002 5.9796387570544507e-002 -9.9642361850173655e-001 2.1433894016462651e+000 0.0000000000000000e+000 0.0000000000000000e+000 0.0000000000000000e+000 1.0000000000000000e+000</transform>
      </camera>
      <camera id="9" sensor_id="0" label="_DSC0573.JPG" enabled="1">
        <transform>9.4347468765974363e-001 -3.2790446218751546e-001 -4.8313325520652657e-002 2.0786225442222140e+001 -3.2461595987037251e-001 -9.4360343552939940e-001 6.5092511509015780e-002 1.1555216396804585e+001 -6.6932744921936543e-002 -4.5729860426540536e-002 -9.9670897834954020e-001 1.7657660841131357e+000 0.0000000000000000e+000 0.0000000000000000e+000 0.0000000000000000e+000 1.0000000000000000e+000</transform>
      </camera>
      <camera id="10" sensor_id="0" label="_DSC0574.JPG" enabled="1">
        <transform>9.9871654058110193e-001 -2.5963709608068517e-002 -4.3487439026723682e-002 1.9987445185562144e+001 -2.3680202116621172e-002 -9.9835449075785720e-001 5.2226035761251913e-002 1.1191481009763894e+001 -4.4771861670373836e-002 -5.1129214418055402e-002 -9.9768796917451175e-001 1.7587553623908665e+000 0.0000000000000000e+000 0.0000000000000000e+000 0.0000000000000000e+000 1.0000000000000000e+000</transform>
      </camera>
      <camera id="11" sensor_id="0" label="_DSC0575.JPG" enabled="1">
        <transform>9.9881851662683152e-001 2.6492337869855061e-002 -4.0739745673789456e-002 1.8720371634570075e+001 2.8436347577307876e-002 -9.9844713791087092e-001 4.7902890664893005e-002 1.1223139724604035e+001 -3.9407422902774804e-002 -4.9004783764236740e-002 -9.9802083454624446e-001 1.7447415611664137e+000 0.0000000000000000e+000 0.0000000000000000e+000 0.0000000000000000e+000 1.0000000000000000e+000</transform>
      </camera>
      <camera id="12" sensor_id="0" label="_DSC0576.JPG" enabled="1">
        <transform>9.9793930159750766e-001 5.2730521645319085e-002 -3.6560120542614961e-002 1.7527737889425893e+001 5.4257254792414437e-002 -9.9763879235520558e-001 4.2106891246421189e-002 1.1571446789348098e+001 -3.4253476166208628e-002 -4.4003773418417831e-002 -9.9844397303778221e-001 1.7400140366326609e+000 0.0000000000000000e+000 0.0000000000000000e+000 0.0000000000000000e+000 1.0000000000000000e+000</transform>
      </camera>
      <camera id="13" sensor_id="0" label="_DSC0577.JPG" enabled="1">
        <transform>9.9696777732789021e-001 7.0211826168171870e-002 -3.3549224074741840e-002 1.6498514258918870e+001 7.1432367893728616e-002 -9.9677068043737804e-001 3.6682794843106777e-002 1.1915429103481413e+001 -3.0865316894239561e-002 -3.8968064957563241e-002 -9.9876364677859664e-001 1.7236753991189957e+000 0.0000000000000000e+000 0.0000000000000000e+000 0.0000000000000000e+000 1.0000000000000000e+000</transform>
      </camera>
      <camera id="14" sensor_id="0" label="_DSC0578.JPG" enabled="1">
        <transform>9.9569901634585078e-001 8.7399467425820790e-002 -3.0737630708762571e-002 1.5531114315155998e+001 8.8380185072959486e-002 -9.9556812770538461e-001 3.2141032709986937e-002 1.2168877865178553e+001 -2.7792296313453542e-002 -3.4719392144418527e-002 -9.9901058656790376e-001 1.7187949854447759e+000 0.0000000000000000e+000 0.0000000000000000e+000 0.0000000000000000e+000 1.0000000000000000e+000</transform>
      </camera>
      <camera id="15" sensor_id="0" label="_DSC0579.JPG" enabled="1">
        <transform>9.9419650100041412e-001 1.0399310532451932e-001 -2.7545443243773435e-002 1.4583337675488563e+001 1.0473158537219814e-001 -9.9413725935087616e-001 2.6877585378056901e-002 1.2317352041565425e+001 -2.4588867886881000e-002 -2.9606479278904377e-002 -9.9925914754919776e-001 1.6923626605070310e+000 0.0000000000000000e+000 0.0000000000000000e+000 0.0000000000000000e+000 1.0000000000000000e+000</transform>
      </camera>
      <camera id="16" sensor_id="0" label="_DSC0580.JPG" enabled="1">
        <transform>9.9136099020079627e-001 1.2888545549552724e-001 -2.4329539038108978e-002 1.3116413966166540e+001 1.2942591076361823e-001 -9.9134232093973651e-001 2.2120947918757662e-002 1.2519619754019367e+001 -2.1267833248930959e-002 -2.5078717581386099e-002 -9.9945922237646534e-001 1.6217510077993993e+000 0.0000000000000000e+000 0.0000000000000000e+000 0.0000000000000000e+000 1.0000000000000000e+000</transform>
      </camera>
      <camera id="17" sensor_id="0" label="_DSC0581.JPG" enabled="1">
        <transform>9.9108681275087918e-001 1.3121710632992492e-001 -2.3000012993577183e-002 1.2609094319589348e+001 1.3167074659251823e-001 -9.9110251597884347e-001 1.9458091175016221e-002 1.2617155725911136e+001 -2.0242136326790960e-002 -2.2313086447364766e-002 -9.9954608802702039e-001 1.6068685584302873e+000 0.0000000000000000e+000 0.0000000000000000e+000 0.0000000000000000e+000 1.0000000000000000e+000</transform>
      </camera>
      <camera id="18" sensor_id="0" label="_DSC0582.JPG" enabled="1">
        <transform>9.9177196667257950e-001 1.2638967251050373e-001 -2.0347402907794687e-002 1.1607366582003589e+001 1.2672903407864031e-001 -9.9180260219276695e-001 1.6350847230371439e-002 1.2749470676581272e+001 -1.8114028925099522e-002 -1.8794918630942112e-002 -9.9965925844247394e-001 1.5876755626873613e+000 0.0000000000000000e+000 0.0000000000000000e+000 0.0000000000000000e+000 1.0000000000000000e+000</transform>
      </camera>
      <camera id="19" sensor_id="0" label="_DSC0583.JPG" enabled="1">
        <transform>9.9174222781162658e-001 1.2691441511431756e-001 -1.8441388543766739e-002 1.0685327047713949e+001 1.2718100550103950e-001 -9.9177959106986235e-001 1.4079580144348687e-002 1.2873448719639034e+001 -1.6502891109622251e-002 -1.6308708516840315e-002 -9.9973080407254467e-001 1.5837200475293436e+000 0.0000000000000000e+000 0.0000000000000000e+000 0.0000000000000000e+000 1.0000000000000000e+000</transform>
      </camera>
      <camera id="20" sensor_id="0" label="_DSC0584.JPG" enabled="1">
        <transform>9.9226873907930524e-001 1.2296121503875844e-001 -1.6831192535226015e-002 9.7563282294685933e+000 1.2317495048603837e-001 -9.9230862933390951e-001 1.2309172280041906e-002 1.2987525400636788e+001 -1.5188186815009897e-002 -1.4287188164574562e-002 -9.9978257398077430e-001 1.5778735795408658e+000 0.0000000000000000e+000 0.0000000000000000e+000 0.0000000000000000e+000 1.0000000000000000e+000</transform>
      </camera>
      <camera id="21" sensor_id="0" label="_DSC0585.JPG" enabled="1">
        <transform>9.9251963526179598e-001 1.2114026999250581e-001 -1.5159439499336420e-002 8.7930043889229097e+000 1.2128302335199258e-001 -9.9257826502144342e-001 8.8778405944892249e-003 1.3122649057775826e+001 -1.3971466150382032e-002 -1.0650013763555949e-002 -9.9984567576223726e-001 1.5587978171108281e+000 0.0000000000000000e+000 0.0000000000000000e+000 0.0000000000000000e+000 1.0000000000000000e+000</transform>
      </camera>
      <camera id="22" sensor_id="0" label="_DSC0586.JPG" enabled="1">
        <transform>9.9323891065569314e-001 1.1537072954409487e-001 -1.2886470577887724e-002 7.8631383857887762e+000 1.1546006879463171e-001 -9.9329140120361625e-001 6.4159807430789074e-003 1.3236155135606269e+001 -1.2059804037809395e-002 -7.8604745034865139e-003 -9.9989638166519523e-001 1.5372693646684665e+000 0.0000000000000000e+000 0.0000000000000000e+000 0.0000000000000000e+000 1.0000000000000000e+000</transform>
      </camera>
      <camera id="23" sensor_id="0" label="_DSC0587.JPG" enabled="1">
        <transform>9.9350448934966440e-001 1.1323228232113548e-001 -1.1281838609376992e-002 6.9002176872378289e+000 1.1328569905821749e-001 -9.9355352695272192e-001 4.2118248655134355e-003 1.3317555854370239e+001 -1.0732195998598908e-002 -5.4625378857674082e-003 -9.9992748769542994e-001 1.5178165963439525e+000 0.0000000000000000e+000 0.0000000000000000e+000 0.0000000000000000e+000 1.0000000000000000e+000</transform>
      </camera>
      <camera id="24" sensor_id="0" label="_DSC0588.JPG" enabled="1">
        <transform>9.9395128098999586e-001 1.0928142892115483e-001 -1.0882109689598154e-002 5.9331548184496112e+000 1.0931120593340965e-001 -9.9400518848818076e-001 2.1784205195239902e-003 1.3429704096103428e+001 -1.0578812585993327e-002 -3.3547803991853791e-003 -9.9993841519002746e-001 1.5066969459858817e+000 0.0000000000000000e+000 0.0000000000000000e+000 0.0000000000000000e+000 1.0000000000000000e+000</transform>
      </camera>
      <camera id="25" sensor_id="0" label="_DSC0589.JPG" enabled="1">
        <transform>9.9424764155371603e-001 1.0667291317015110e-001 -9.6185685352227750e-003 4.9714913635317721e+000 1.0667540981521584e-001 -9.9429386608469916e-001 -2.5457238293738422e-004 1.3563926039165381e+001 -9.5908396727878934e-003 -7.7295674899042609e-004 -9.9995370809464723e-001 1.4860093917981885e+000 0.0000000000000000e+000 0.0000000000000000e+000 0.0000000000000000e+000 1.0000000000000000e+000</transform>
      </camera>
      <camera id="26" sensor_id="0" label="_DSC0590.JPG" enabled="1">
        <transform>9.9463548914640543e-001 1.0312591020206686e-001 -8.0802460040038503e-003 3.9718561051948549e+000 1.0311238513570038e-001 -9.9466754967424909e-001 -2.0740435511804149e-003 1.3684229546900449e+001 -8.2510461225818611e-003 1.2297438840832313e-003 -9.9996520337852890e-001 1.4857646270455567e+000 0.0000000000000000e+000 0.0000000000000000e+000 0.0000000000000000e+000 1.0000000000000000e+000</transform>
      </camera>
      <camera id="27" sensor_id="0" label="_DSC0591.JPG" enabled="1">
        <transform>9.9510606378134114e-001 9.8584517243029593e-002 -6.7093058928121372e-003 2.9840579229432151e+000 9.8588115378868232e-002 -9.9512830364065175e-001 2.0687996938261843e-004 1.3727532733251394e+001 -6.6562250298115317e-003 -8.6732533548022548e-004 -9.9997747095377854e-001 1.4899091375095539e+000 0.0000000000000000e+000 0.0000000000000000e+000 0.0000000000000000e+000 1.0000000000000000e+000</transform>
      </camera>
      <camera id="28" sensor_id="0" label="_DSC0592.JPG" enabled="1">
        <transform>9.9526718877162001e-001 9.7007921338794351e-002 -5.7171804381288913e-003 2.0045421905506458e+000 9.7006631446472646e-002 -9.9528360797256132e-001 -5.0314662783672109e-004 1.3790930079703243e+001 -5.7390251823861357e-003 -5.3839085847578094e-005 -9.9998353021002739e-001 1.4875002460044544e+000 0.0000000000000000e+000 0.0000000000000000e+000 0.0000000000000000e+000 1.0000000000000000e+000</transform>
      </camera>
      <camera id="29" sensor_id="0" label="_DSC0593.JPG" enabled="1">
        <transform>9.9565346241916419e-001 9.2950319590288488e-002 -5.8669294178944663e-003 1.0529436272862414e+000 9.2937357258183168e-002 -9.9566895523806331e-001 -2.4452404806550969e-003 1.3882791954298634e+001 -6.0688053681224449e-003 1.8893552356923444e-003 -9.9997979976507390e-001 1.4639462394105218e+000 0.0000000000000000e+000 0.0000000000000000e+000 0.0000000000000000e+000 1.0000000000000000e+000</transform>
      </camera>
      <camera id="30" sensor_id="0" label="_DSC0594.JPG" enabled="1">
        <transform>9.9599619177430365e-001 8.9202970673965751e-002 -5.8665146402236525e-003 6.9748706865695828e-002 8.9192711606340777e-002 -9.9601240306783356e-001 -1.9882483113530763e-003 1.4003336151221973e+001 -6.0204790002519768e-003 1.4570373979695098e-003 -9.9998081525328697e-001 1.4703298101811941e+000 0.0000000000000000e+000 0.0000000000000000e+000 0.0000000000000000e+000 1.0000000000000000e+000</transform>
      </camera>
      <camera id="31" sensor_id="0" label="_DSC0595.JPG" enabled="1">
        <transform>9.9624135928193525e-001 8.6427824543732587e-002 -5.7779927933132953e-003 -8.3859589838340109e-001 8.6415239075837300e-002 -9.9625633026127813e-001 -2.3939235152873784e-003 1.4122274319769213e+001 -5.9632634980927883e-003 1.8856189882742532e-003 -9.9998044177347956e-001 1.4659200363129776e+000 0.0000000000000000e+000 0.0000000000000000e+000 0.0000000000000000e+000 1.0000000000000000e+000</transform>
      </camera>
      <camera id="32" sensor_id="0" label="_DSC0596.JPG" enabled="1">
        <transform>9.9644111084005238e-001 8.4122377532996950e-002 -5.3421181227459053e-003 -1.7691927615095679e+000 8.4116099535225114e-002 -9.9645499187620823e-001 -1.3895912945154931e-003 1.4235568751607284e+001 -5.4400759940963148e-003 9.3528775337886041e-004 -9.9998476528895019e-001 1.4532435516073978e+000 0.0000000000000000e+000 0.0000000000000000e+000 0.0000000000000000e+000 1.0000000000000000e+000</transform>
      </camera>
      <camera id="33" sensor_id="0" label="_DSC0597.JPG" enabled="1">
        <transform>9.9699499185403528e-001 7.7206386803569865e-002 -6.3371961236961894e-003 -2.7328795753482291e+000 7.7185754716272953e-002 -9.9701080025525102e-001 -3.4385234132268024e-003 1.4422938044719315e+001 -6.5837289473355326e-003 2.9390493567674350e-003 -9.9997400791321900e-001 1.4447781197078153e+000 0.0000000000000000e+000 0.0000000000000000e+000 0.0000000000000000e+000 1.0000000000000000e+000</transform>
      </camera>
      <camera id="34" sensor_id="0" label="_DSC0598.JPG" enabled="1">
        <transform>9.9774061333710962e-001 6.6916349021547097e-002 -5.9892179218955796e-003 -2.9278895426748166e+000 6.6923572659435063e-002 -9.9775758970698014e-001 1.0137083480076681e-003 1.4346765014047195e+001 -5.9079539763590453e-003 -1.4122378496552877e-003 -9.9998155066184558e-001 1.4436757204359310e+000 0.0000000000000000e+000 0.0000000000000000e+000 0.0000000000000000e+000 1.0000000000000000e+000</transform>
      </camera>
      <camera id="35" sensor_id="0" label="_DSC0599.JPG" enabled="1">
        <transform>9.9702253604331226e-001 7.7012934627361071e-002 -3.8820770013489650e-003 -2.6600580919805608e+000 7.7002320912315972e-002 -9.9702694431286509e-001 -2.8133411218343131e-003 1.2791704055345399e+001 -4.0871990261425011e-003 2.5060355609819894e-003 -9.9998850722890198e-001 1.3396793889077248e+000 0.0000000000000000e+000 0.0000000000000000e+000 0.0000000000000000e+000 1.0000000000000000e+000</transform>
      </camera>
      <camera id="36" sensor_id="0" label="_DSC0600.JPG" enabled="1">
        <transform>9.9804937218227452e-001 6.2388916720316941e-002 -2.2525001738849240e-003 -1.9249521015786080e+000 6.2388300301410675e-002 -9.9805189362138380e-001 -3.4296395000184634e-004 1.2803074625185042e+001 -2.2695092132430806e-003 2.0176529770318328e-004 -9.9999740430597905e-001 1.3791011320239737e+000 0.0000000000000000e+000 0.0000000000000000e+000 0.0000000000000000e+000 1.0000000000000000e+000</transform>
      </camera>
      <camera id="37" sensor_id="0" label="_DSC0601.JPG" enabled="1">
        <transform>9.9777792660299491e-001 6.6620945743037077e-002 -9.2669959038489008e-004 -8.4788933138822609e-001 6.6619305868007975e-002 -9.9777701768745974e-001 -1.7003118488488585e-003 1.2651430139766815e+001 -1.0379159370148292e-003 1.6347975476633111e-003 -9.9999812508198527e-001 1.3798617452091344e+000 0.0000000000000000e+000 0.0000000000000000e+000 0.0000000000000000e+000 1.0000000000000000e+000</transform>
      </camera>
      <camera id="38" sensor_id="0" label="_DSC0602.JPG" enabled="1">
        <transform>9.9785654060900231e-001 6.5431398496277673e-002 -1.0278398004929089e-003 2.7558301128158247e-001 6.5432112939538892e-002 -9.9785679310796505e-001 6.7752826903558303e-004 1.2463838926226416e+001 -9.8130530498482431e-004 -7.4332974461425766e-004 -9.9999924225010750e-001 1.4144359421092876e+000 0.0000000000000000e+000 0.0000000000000000e+000 0.0000000000000000e+000 1.0000000000000000e+000</transform>
      </camera>
      <camera id="39" sensor_id="0" label="_DSC0603.JPG" enabled="1">
        <transform>9.9789045445291147e-001 6.4917368150578456e-002 -6.1337114736778500e-004 1.3810396567555752e+000 6.4916611449510206e-002 -9.9788999199832462e-001 -1.1821283758501205e-003 1.2303498255015278e+001 -6.8881759231514982e-004 1.1398166457507440e-003 -9.9999911317377610e-001 1.4113341450719232e+000 0.0000000000000000e+000 0.0000000000000000e+000 0.0000000000000000e+000 1.0000000000000000e+000</transform>
      </camera>
      <camera id="40" sensor_id="0" label="_DSC0604.JPG" enabled="1">
        <transform>9.9788743333758911e-001 6.4960210003063845e-002 -9.1733487672609429e-004 2.4114048940643156e+000 6.4959718424057733e-002 -9.9788773213841231e-001 -5.5590459913230027e-004 1.2163795084182482e+001 -9.5150889924897552e-004 4.9514039831599784e-004 -9.9999942473323489e-001 1.3781435107844842e+000 0.0000000000000000e+000 0.0000000000000000e+000 0.0000000000000000e+000 1.0000000000000000e+000</transform>
      </camera>
      <camera id="41" sensor_id="0" label="_DSC0605.JPG" enabled="1">
        <transform>9.9819332856710152e-001 6.0082658316601825e-002 -3.9111857390792659e-004 3.3551407820284758e+000 6.0082742732890521e-002 -9.9819337848708789e-001 2.0777446071803410e-004 1.2051335731969621e+001 -3.7792832874796714e-004 -2.3089855718953412e-004 -9.9999990192801247e-001 1.3563605173916704e+000 0.0000000000000000e+000 0.0000000000000000e+000 0.0000000000000000e+000 1.0000000000000000e+000</transform>
      </camera>
      <camera id="42" sensor_id="0" label="_DSC0606.JPG" enabled="1">
        <transform>9.9825803089669685e-001 5.8988059864148894e-002 -1.1456630013486719e-003 4.3249071948252942e+000 5.8987088802180711e-002 -9.9825837206500090e-001 -8.6368789374361354e-004 1.1977357669926715e+001 -1.1946149558415171e-003 7.9460405091988828e-004 -9.9999897074922506e-001 1.3410154393585494e+000 0.0000000000000000e+000 0.0000000000000000e+000 0.0000000000000000e+000 1.0000000000000000e+000</transform>
      </camera>
      <camera id="43" sensor_id="0" label="_DSC0607.JPG" enabled="1">
        <transform>9.9834921388576148e-001 5.7427169959151328e-002 -9.8350605677975677e-004 5.2921890572022496e+000 5.7425725331500463e-002 -9.9834874433349319e-001 -1.4390128173511704e-003 1.1910330690634769e+001 -1.0645204704658785e-003 1.3801587662955752e-003 -9.9999848097782018e-001 1.3503317651407960e+000 0.0000000000000000e+000 0.0000000000000000e+000 0.0000000000000000e+000 1.0000000000000000e+000</transform>
      </camera>
      <camera id="44" sensor_id="0" label="_DSC0608.JPG" enabled="1">
        <transform>9.9833509516693786e-001 5.7668465549927328e-002 -1.1772166911240541e-003 6.2403027871575159e+000 5.7664252959306175e-002 -9.9833043194478954e-001 -3.3440370175956504e-003 1.1845886047752719e+001 -1.3680967312893891e-003 3.2705861931382218e-003 -9.9999371576889773e-001 1.3504094808364113e+000 0.0000000000000000e+000 0.0000000000000000e+000 0.0000000000000000e+000 1.0000000000000000e+000</transform>
      </camera>
      <camera id="45" sensor_id="0" label="_DSC0609.JPG" enabled="1">
        <transform>9.9849916810866879e-001 5.4746223251062168e-002 -1.5041030692796748e-003 7.1897242967740125e+000 5.4738112309047585e-002 -9.9848828515268906e-001 -4.9883337583238206e-003 1.1777319756005710e+001 -1.7749217279219643e-003 4.8985153452041049e-003 -9.9998642700802320e-001 1.3460402718503353e+000 0.0000000000000000e+000 0.0000000000000000e+000 0.0000000000000000e+000 1.0000000000000000e+000</transform>
      </camera>
      <camera id="46" sensor_id="0" label="_DSC0610.JPG" enabled="1">
        <transform>9.9854189157199702e-001 5.3959576562788318e-002 -1.5668034283553847e-003 8.1462322707424164e+000 5.3949289065417370e-002 -9.9852566517752395e-001 -5.9975154121852383e-003 1.1670621362739414e+001 -1.8881168275712977e-003 5.9042424533506206e-003 -9.9998078728338446e-001 1.3643117594241436e+000 0.0000000000000000e+000 0.0000000000000000e+000 0.0000000000000000e+000 1.0000000000000000e+000</transform>
      </camera>
      <camera id="47" sensor_id="0" label="_DSC0611.JPG" enabled="1">
        <transform>9.9859261802635391e-001 5.3010377359504729e-002 -1.6380218180719764e-003 9.0964675607033207e+000 5.3000805455536940e-002 -9.9857976402073600e-001 -5.4193642944123481e-003 1.1568204971599434e+001 -1.9229779868465556e-003 5.3249207030842093e-003 -9.9998397355916058e-001 1.3889805670122810e+000 0.0000000000000000e+000 0.0000000000000000e+000 0.0000000000000000e+000 1.0000000000000000e+000</transform>
      </camera>
      <camera id="48" sensor_id="0" label="_DSC0612.JPG" enabled="1">
        <transform>9.9861875430548208e-001 5.2523991584523047e-002 -1.3467952315816018e-003 1.0045818611581703e+001 5.2516279175482072e-002 -9.9860634784030167e-001 -5.2347373016549386e-003 1.1441892411781634e+001 -1.6198675654777496e-003 5.1567781689211487e-003 -9.9998539172729262e-001 1.3931949008586182e+000 0.0000000000000000e+000 0.0000000000000000e+000 0.0000000000000000e+000 1.0000000000000000e+000</transform>
      </camera>
      <camera id="49" sensor_id="0" label="_DSC0613.JPG" enabled="1">
        <transform>9.9867797497365451e-001 5.1376791183749812e-002 -1.6515538693451350e-003 1.1017201478395004e+001 5.1363145151908554e-002 -9.9865224516537077e-001 -7.4512110605109878e-003 1.1362588531214991e+001 -2.0321472943549941e-003 7.3565313718950351e-003 -9.9997087548765562e-001 1.3908874971057517e+000 0.0000000000000000e+000 0.0000000000000000e+000 0.0000000000000000e+000 1.0000000000000000e+000</transform>
      </camera>
      <camera id="50" sensor_id="0" label="_DSC0614.JPG" enabled="1">
        <transform>9.9868519600749650e-001 5.1224763968950565e-002 -1.9755586029991416e-003 1.1975492870267290e+001 5.1207997912814912e-002 -9.9865781696729905e-001 -7.7656654492599441e-003 1.1220477667912508e+001 -2.3707014214622646e-003 7.6542907205037853e-003 -9.9996789528881191e-001 1.3651099773753845e+000 0.0000000000000000e+000 0.0000000000000000e+000 0.0000000000000000e+000 1.0000000000000000e+000</transform>
      </camera>
      <camera id="51" sensor_id="0" label="_DSC0615.JPG" enabled="1">
        <transform>9.9868186266043080e-001 5.1290380512615925e-002 -1.9580755764922915e-003 1.2896824666808465e+001 5.1272689943165341e-002 -9.9865092425715629e-001 -8.2123532753718437e-003 1.1118373694116318e+001 -2.3766487086272405e-003 8.1011324639550710e-003 -9.9996436096178809e-001 1.3429393942968730e+000 0.0000000000000000e+000 0.0000000000000000e+000 0.0000000000000000e+000 1.0000000000000000e+000</transform>
      </camera>
      <camera id="52" sensor_id="0" label="_DSC0616.JPG" enabled="1">
        <transform>9.9866007427310377e-001 5.1704538224901925e-002 -2.1672055249840456e-003 1.3822637331299822e+001 5.1684641760947780e-002 -9.9862808422068561e-001 -8.4051895734536079e-003 1.0990790930236452e+001 -2.5988187471154820e-003 8.2819160025235546e-003 -9.9996232729460699e-001 1.3429488835109860e+000 0.0000000000000000e+000 0.0000000000000000e+000 0.0000000000000000e+000 1.0000000000000000e+000</transform>
      </camera>
      <camera id="53" sensor_id="0" label="_DSC0617.JPG" enabled="1">
        <transform>9.9878756274529223e-001 4.9197562334093191e-002 -1.7333106191182533e-003 1.4768558716886668e+001 4.9179601899158674e-002 -9.9874747328835978e-001 -9.2114796399527035e-003 1.0887563637939680e+001 -2.1843219450440416e-003 9.1150677726504203e-003 -9.9995607117369933e-001 1.3597031765373422e+000 0.0000000000000000e+000 0.0000000000000000e+000 0.0000000000000000e+000 1.0000000000000000e+000</transform>
      </camera>
      <camera id="54" sensor_id="0" label="_DSC0618.JPG" enabled="1">
        <transform>9.9882642513285502e-001 4.8417843207338482e-002 -1.2185710776798772e-003 1.5715017992658321e+001 4.8404332152193322e-002 -9.9878377770301330e-001 -9.3800866839220762e-003 1.0795312558367117e+001 -1.6712525906981226e-003 9.3100943307431096e-003 -9.9995526352848940e-001 1.3536443586251019e+000 0.0000000000000000e+000 0.0000000000000000e+000 0.0000000000000000e+000 1.0000000000000000e+000</transform>
      </camera>
      <camera id="55" sensor_id="0" label="_DSC0619.JPG" enabled="1">
        <transform>9.9888360755210059e-001 4.7231157067549941e-002 -8.6969291164137766e-004 1.6654055038617592e+001 4.7221854582811564e-002 -9.9884670828941158e-001 -8.6804256328264408e-003 1.0666986883280350e+001 -1.2786764484928363e-003 8.6296663590001727e-003 -9.9996194619849033e-001 1.3441177824900219e+000 0.0000000000000000e+000 0.0000000000000000e+000 0.0000000000000000e+000 1.0000000000000000e+000</transform>
      </camera>
      <camera id="56" sensor_id="0" label="_DSC0620.JPG" enabled="1">
        <transform>9.9895331435263746e-001 4.5732926564880184e-002 -8.8043835261036852e-004 1.7608720947669518e+001 4.5722570422127289e-002 -9.9890933057595388e-001 -9.4655080314404137e-003 1.0581063115568938e+001 -1.3123634691205668e-003 9.4153447154593367e-003 -9.9995481347209580e-001 1.3338549088414735e+000 0.0000000000000000e+000 0.0000000000000000e+000 0.0000000000000000e+000 1.0000000000000000e+000</transform>
      </camera>
      <camera id="57" sensor_id="0" label="_DSC0621.JPG" enabled="1">
        <transform>9.9889889923598141e-001 4.6907598776374758e-002 -8.1626109756504544e-004 1.8509217562093653e+001 4.6898577884279445e-002 -9.9886056947703383e-001 -8.8366360368598573e-003 1.0491185848437690e+001 -1.2298364025056466e-003 8.7886245255102552e-003 -9.9996062301541289e-001 1.3389123446572906e+000 0.0000000000000000e+000 0.0000000000000000e+000 0.0000000000000000e+000 1.0000000000000000e+000</transform>
      </camera>
      <camera id="58" sensor_id="0" label="_DSC0622.JPG" enabled="1">
        <transform>9.9894306425845136e-001 4.5963702965383664e-002 -3.0394020071960803e-004 1.9511832630694816e+001 4.5959303072664472e-002 -9.9890516700041898e-001 -8.7298225033560183e-003 1.0403029927645971e+001 -7.0486240544273895e-004 8.7066267621340072e-003 -9.9996184818192657e-001 1.3464816675596962e+000 0.0000000000000000e+000 0.0000000000000000e+000 0.0000000000000000e+000 1.0000000000000000e+000</transform>
      </camera>
      <camera id="59" sensor_id="0" label="_DSC0623.JPG" enabled="1">
        <transform>9.9879348638801757e-001 4.9104673131106967e-002 5.5011412962130868e-004 2.0486956979406056e+001 4.9107147854861498e-002 -9.9877415837762162e-001 -6.2184070817590349e-003 1.0292019569428131e+001 2.4408692967822220e-004 6.2379190248704084e-003 -9.9998051420405687e-001 1.3692936729093355e+000 0.0000000000000000e+000 0.0000000000000000e+000 0.0000000000000000e+000 1.0000000000000000e+000</transform>
      </camera>
      <camera id="60" sensor_id="0" label="_DSC0624.JPG" enabled="1">
        <transform>9.9947835902982363e-001 3.2265587717715892e-002 -1.3934418832877370e-003 2.0202057922687526e+001 3.2248078619855687e-002 -9.9941766247196262e-001 -1.1153356642992298e-002 8.4467129583840137e+000 -1.7525000368973965e-003 1.1102602771807857e-002 -9.9993682848233578e-001 1.2642119749910785e+000 0.0000000000000000e+000 0.0000000000000000e+000 0.0000000000000000e+000 1.0000000000000000e+000</transform>
      </camera>
      <camera id="61" sensor_id="0" label="_DSC0625.JPG" enabled="1">
        <transform>9.9890182377954406e-001 4.6723657083797186e-002 -3.4707806926255829e-003 1.9081533268580447e+001 4.6681665282906661e-002 -9.9884558036709581e-001 -1.1328226142438667e-002 8.5721507171817866e+000 -3.9960701088995222e-003 1.1153763931305573e-002 -9.9992981002360837e-001 1.2695148841934536e+000 0.0000000000000000e+000 0.0000000000000000e+000 0.0000000000000000e+000 1.0000000000000000e+000</transform>
      </camera>
      <camera id="62" sensor_id="0" label="_DSC0626.JPG" enabled="1">
        <transform>9.9911675329271188e-001 4.1768920544806312e-002 -4.5902686579260780e-003 1.7909750872260677e+001 4.1705101756729104e-002 -9.9904255733345981e-001 -1.3215639374676525e-002 8.8018793517215883e+000 -5.1378767298517758e-003 1.3012529083244602e-002 -9.9990213336584421e-001 1.2526500388782085e+000 0.0000000000000000e+000 0.0000000000000000e+000 0.0000000000000000e+000 1.0000000000000000e+000</transform>
      </camera>
      <camera id="63" sensor_id="0" label="_DSC0627.JPG" enabled="1">
        <transform>9.9910421432710705e-001 4.2138967238971953e-002 -3.8828280733729545e-003 1.6839900277220661e+001 4.2083175177481238e-002 -9.9902321188077925e-001 -1.3476961467374675e-002 9.1004662297191334e+000 -4.4469406107964958e-003 1.3301487264382272e-002 -9.9990164274080451e-001 1.2719243663700428e+000 0.0000000000000000e+000 0.0000000000000000e+000 0.0000000000000000e+000 1.0000000000000000e+000</transform>
      </camera>
      <camera id="64" sensor_id="0" label="_DSC0628.JPG" enabled="1">
        <transform>9.9918582262831324e-001 4.0142308037783861e-002 -4.0357110874051361e-003 1.5846650938154458e+001 4.0082464189272762e-002 -9.9909895645720370e-001 -1.3952464679842508e-002 9.3153074334592407e+000 -4.5921588710537749e-003 1.3779343653681752e-002 -9.9989451531917939e-001 1.2985356552991190e+000 0.0000000000000000e+000 0.0000000000000000e+000 0.0000000000000000e+000 1.0000000000000000e+000</transform>
      </camera>
      <camera id="65" sensor_id="0" label="_DSC0629.JPG" enabled="1">
        <transform>9.9919137390352142e-001 4.0079256015130314e-002 -3.2018048140257742e-003 1.4891167350443597e+001 4.0021846248889166e-002 -9.9906523975347994e-001 -1.6337029691838669e-002 9.4779508485304707e+000 -3.8535878897144938e-003 1.6195677003305011e-002 -9.9986141535053785e-001 1.3150532538354220e+000 0.0000000000000000e+000 0.0000000000000000e+000 0.0000000000000000e+000 1.0000000000000000e+000</transform>
      </camera>
      <camera id="66" sensor_id="0" label="_DSC0630.JPG" enabled="1">
        <transform>9.9918530033353781e-001 4.0219142685696686e-002 -3.3400836823045980e-003 1.3937062221638366e+001 4.0164487392586955e-002 -9.9907936306070944e-001 -1.5074490329625104e-002 9.5856353102567233e+000 -3.9432917553676936e-003 1.4928056398433368e-002 -9.9988079468619517e-001 1.3176563884600210e+000 0.0000000000000000e+000 0.0000000000000000e+000 0.0000000000000000e+000 1.0000000000000000e+000</transform>
      </camera>
      <camera id="67" sensor_id="0" label="_DSC0631.JPG" enabled="1">
        <transform>9.9923102972548827e-001 3.9103953189917433e-002 -2.8688113672437842e-003 1.3019687241280295e+001 3.9056559207545465e-002 -9.9912373034315327e-001 -1.5045153639941460e-002 9.6687074444205319e+000 -3.4546224985628382e-003 1.4921538462996847e-002 -9.9988269975697130e-001 1.3212675304958161e+000 0.0000000000000000e+000 0.0000000000000000e+000 0.0000000000000000e+000 1.0000000000000000e+000</transform>
      </camera>
      <camera id="68" sensor_id="0" label="_DSC0632.JPG" enabled="1">
        <transform>9.9925037821033169e-001 3.8621153073789050e-002 -2.6623639422018257e-003 1.2076936701295484e+001 3.8576841938061837e-002 -9.9914213187295098e-001 -1.5060796209381158e-002 9.7469814490266948e+000 -3.2417453008488574e-003 1.4946800715392930e-002 -9.9988303527751621e-001 1.3079374040480869e+000 0.0000000000000000e+000 0.0000000000000000e+000 0.0000000000000000e+000 1.0000000000000000e+000</transform>
      </camera>
      <camera id="69" sensor_id="0" label="_DSC0633.JPG" enabled="1">
        <transform>9.9933160279169087e-001 3.6459693707764140e-002 -2.6529976490546050e-003 1.1146176118779907e+001 3.6419817886211167e-002 -9.9924153091765988e-001 -1.3782588815841055e-002 9.8251602708862897e+000 -3.1534943990878970e-003 1.3676754880722159e-002 -9.9990149607299195e-001 1.3001709315984058e+000 0.0000000000000000e+000 0.0000000000000000e+000 0.0000000000000000e+000 1.0000000000000000e+000</transform>
      </camera>
      <camera id="70" sensor_id="0" label="_DSC0634.JPG" enabled="1">
        <transform>9.9928058153765131e-001 3.7830480972443015e-002 -2.6784456623954256e-003 1.0222568718879920e+001 3.7794388039577492e-002 -9.9920808137301442e-001 -1.2441637817152738e-002 9.9075348148119780e+000 -3.1469976940918304e-003 1.2331456858497731e-002 -9.9991901250914339e-001 1.3076392827935259e+000 0.0000000000000000e+000 0.0000000000000000e+000 0.0000000000000000e+000 1.0000000000000000e+000</transform>
      </camera>
      <camera id="71" sensor_id="0" label="_DSC0635.JPG" enabled="1">
        <transform>9.9932739813009031e-001 3.6556165100458705e-002 -2.8979543978789853e-003 9.2755175994448535e+000 3.6509429648887599e-002 -9.9922360680928279e-001 -1.4806928842965588e-002 1.0046672616328115e+001 -3.4369889812316569e-003 1.4691167012723142e-002 -9.9988617188085327e-001 1.2990951732323517e+000 0.0000000000000000e+000 0.0000000000000000e+000 0.0000000000000000e+000 1.0000000000000000e+000</transform>
      </camera>
      <camera id="72" sensor_id="0" label="_DSC0636.JPG" enabled="1">
        <transform>9.9925770721663110e-001 3.8418350812815548e-002 -2.8398748185666234e-003 8.3304551092332417e+000 3.8372664924034246e-002 -9.9915547948623873e-001 -1.4692392563913114e-002 1.0167836032123409e+001 -3.4019339778258465e-003 1.4572512942103438e-002 -9.9988802808702670e-001 1.2670061319494370e+000 0.0000000000000000e+000 0.0000000000000000e+000 0.0000000000000000e+000 1.0000000000000000e+000</transform>
      </camera>
      <camera id="73" sensor_id="0" label="_DSC0637.JPG" enabled="1">
        <transform>9.9930593561665959e-001 3.7140482458289090e-002 -2.8690772171004199e-003 7.3508141405445473e+000 3.7089642378314941e-002 -9.9918215372995745e-001 -1.6105343703637545e-002 1.0298740505909986e+001 -3.4648909883096177e-003 1.5987752510253375e-002 -9.9986618419672035e-001 1.2722539894726552e+000 0.0000000000000000e+000 0.0000000000000000e+000 0.0000000000000000e+000 1.0000000000000000e+000</transform>
      </camera>
      <camera id="74" sensor_id="0" label="_DSC0638.JPG" enabled="1">
        <transform>9.9941443028156629e-001 3.4106534086487256e-002 -2.7460658368755166e-003 6.4419087202387795e+000 3.4058669681994003e-002 -9.9929313461660318e-001 -1.5913457437536502e-002 1.0403514321440985e+001 -3.2868776165221030e-003 1.5810611649482342e-002 -9.9986960199558184e-001 1.2833446986801385e+000 0.0000000000000000e+000 0.0000000000000000e+000 0.0000000000000000e+000 1.0000000000000000e+000</transform>
      </camera>
      <camera id="75" sensor_id="0" label="_DSC0639.JPG" enabled="1">
        <transform>9.9935311510168501e-001 3.5818086431439952e-002 -3.2273860859335047e-003 5.5540641878288524e+000 3.5768925786464664e-002 -9.9925944080509721e-001 -1.4182873826089614e-002 1.0519255077278340e+001 -3.7329994160411510e-003 1.4058259005804789e-002 -9.9989420943872132e-001 1.2819873159705988e+000 0.0000000000000000e+000 0.0000000000000000e+000 0.0000000000000000e+000 1.0000000000000000e+000</transform>
      </camera>
      <camera id="76" sensor_id="0" label="_DSC0640.JPG" enabled="1">
        <transform>9.9957613370152276e-001 2.8980888185765816e-002 -2.7678609573583532e-003 4.5925032630547546e+000 2.8935987853860125e-002 -9.9946753792110576e-001 -1.5078104948710376e-002 1.0591218213191068e+001 -3.2033640499307251e-003 1.4991623057134421e-002 -9.9988248794389656e-001 1.2778206640651590e+000 0.0000000000000000e+000 0.0000000000000000e+000 0.0000000000000000e+000 1.0000000000000000e+000</transform>
      </camera>
      <camera id="77" sensor_id="0" label="_DSC0641.JPG" enabled="1">
        <transform>9.9948781290791389e-001 3.1886154233645971e-002 -2.7175387289294058e-003 3.5817016472785381e+000 3.1840387185750184e-002 -9.9937299721190020e-001 -1.5485547699866610e-002 1.0711550428903399e+001 -3.2096093869200260e-003 1.5391088716899469e-002 -9.9987639875921264e-001 1.2844037203098551e+000 0.0000000000000000e+000 0.0000000000000000e+000 0.0000000000000000e+000 1.0000000000000000e+000</transform>
      </camera>
      <camera id="78" sensor_id="0" label="_DSC0642.JPG" enabled="1">
        <transform>9.9953356524150894e-001 3.0408677040289423e-002 -2.8221120206728266e-003 2.5848811123106241e+000 3.0359168296199789e-002 -9.9940804845452835e-001 -1.6182508602625163e-002 1.0822614708294610e+001 -3.3125301448996293e-003 1.6089283544346987e-002 -9.9986507194674457e-001 1.2788508325594421e+000 0.0000000000000000e+000 0.0000000000000000e+000 0.0000000000000000e+000 1.0000000000000000e+000</transform>
      </camera>
      <camera id="79" sensor_id="0" label="_DSC0643.JPG" enabled="1">
        <transform>9.9951544565153916e-001 3.0970544483802171e-002 -3.1143664494035139e-003 1.5944689452800924e+000 3.0917495120687654e-002 -9.9939639387205803e-001 -1.5841603801018012e-002 1.0922085969815239e+001 -3.6031096939441948e-003 1.5737639273506174e-002 -9.9986966366153462e-001 1.2797130708579991e+000 0.0000000000000000e+000 0.0000000000000000e+000 0.0000000000000000e+000 1.0000000000000000e+000</transform>
