# Cameras (589)
# PhotoID, X, Y, Z, Omega, Phi, Kappa, r11, r12, r13, r21, r22, r23, r31, r32, r33
_DSC0970.JPG	2693750.6388624813000000	1256230.1199107822000000	568.9289508705726300	-6.7846571845856039	-7.9104007193573471	53.0672388203652830	0.5951597287268494	0.8035130393396340	-0.0123163676856044	-0.7917350795558416	0.5836733141605370	-0.1802249320642431	-0.1376243477822424	0.1170139220265709	0.9835483114466070
_DSC0971.JPG	2693750.9548303634000000	1256230.1617637610000000	572.8857691216549000	-6.7327903783792946	-8.0022574519572149	52.9995718358048290	0.5959608102245495	0.8029458100426530	-0.0104277903434312	-0.7908544107799316	0.5846361225375188	-0.1809693487146996	-0.1392121173835977	0.1160975036736126	0.9834334527634958
_DSC0972.JPG	2693750.7855175473000000	1256229.9759681979000000	572.9877639786477600	-6.6366901403094358	-7.9077921338311326	52.9981611265410420	0.5961176084488127	0.8028341917888630	-0.0100527305739093	-0.7910219631527781	0.5851093149258164	-0.1786934341182323	-0.1375792524590533	0.1144742332656860	0.9838534439697009
_DSC0973.JPG	2693750.5655303188000000	1256229.8971599517000000	577.7117791170146600	-6.3795091406333952	-7.9928635434960560	53.1207756759714300	0.5943001894683818	0.8042212987397548	-0.0059487352595347	-0.7921315861469653	0.5840553057229887	-0.1772200611813441	-0.1390497573753263	0.1100340970343748	0.9841532718350798
_DSC0974.JPG	2693750.5253580119000000	1256229.9220118278000000	577.6940543608433200	-6.2992738543051781	-7.9637402599511518	53.1591969313699760	0.5938111720764250	0.8045873636876981	-0.0052408120842412	-0.7925863943215503	0.5838076795349226	-0.1759982978679446	-0.1385463801533120	0.1086635518935855	0.9843765199537645
_DSC0975.JPG	2693750.4800945073000000	1256229.6217293711000000	582.5730611103571200	-6.1532175995167329	-8.0197404251042101	53.2760477121925360	0.5921122584153348	0.8058500177574932	-0.0029702381285545	-0.7936868655044558	0.5825291389953070	-0.1752739619769545	-0.1395142751119168	0.1061393004576325	0.9845152187439058
_DSC0976.JPG	2693724.9609052185000000	1256252.7368734460000000	583.0426757731238500	1.6897156287575099	-2.7538931906405444	130.9747459217937000	-0.6549690318272591	0.7555993623495305	-0.0092288116378311	-0.7541267461856095	-0.6543715594282846	-0.0555941804409409	-0.0480459991546369	-0.0294527728470355	0.9984107952826101
_DSC0977.JPG	2693726.3818971943000000	1256252.1396723769000000	583.0833647722995500	1.8087814376272908	-2.9790577006416306	142.3162417928833700	-0.7903273567258899	0.6122963480224838	-0.0218140186347566	-0.6104766092487785	-0.7899997407079309	-0.0567337575127571	-0.0519709415999098	-0.0315212924819489	0.9981510052840132
_DSC0978.JPG	2693728.1563412119000000	1256250.8795120039000000	583.0777538737974100	1.7995403513901702	-2.9734960088836977	144.8544516040094300	-0.8165914370709478	0.5767035774145362	-0.0243188959387658	-0.5748804334346640	-0.8163513369080765	-0.0555246069987826	-0.0518740027024737	-0.0313604611840053	0.9981611139079454
_DSC0979.JPG	2693729.7665378563000000	1256249.4829158126000000	583.0734641866039300	1.8352339285733974	-2.9388171852024709	146.2570982600742300	-0.8304448382130466	0.5565476217006357	-0.0248216732851154	-0.5547366979781515	-0.8301998642535385	-0.0550942947110133	-0.0512695484825366	-0.0319832795812719	0.9981725818843270
_DSC0980.JPG	2693731.2999672573000000	1256248.1099627344000000	583.0409914219212600	1.8604075826607953	-2.9320502431630628	147.3399607721530600	-0.8407852516263351	0.5407668711416819	-0.0255215932746416	-0.5389468198870498	-0.8405474423531755	-0.0549210568650274	-0.0511515980324731	-0.0324220330820275	0.9981644783248661
_DSC0981.JPG	2693732.7084200568000000	1256246.8364389630000000	583.0059929181406900	1.9479337563472099	-2.9522409062240582	148.4177030505884700	-0.8507581767854175	0.5249114510050965	-0.0260479027270251	-0.5230276391655940	-0.8504796437282993	-0.0559147947564025	-0.0515035270793848	-0.0339461957737568	0.9980957080815813
_DSC0982.JPG	2693734.1616695281000000	1256245.6326786021000000	582.9141751082195200	1.9318644767730566	-2.9113164914433542	149.5282078700265900	-0.8607665391339835	0.5083015711031989	-0.0266547917141409	-0.5064595947149860	-0.8605207797472363	-0.0547965924519149	-0.0507901961842624	-0.0336674982324140	0.9981417011298218
_DSC0983.JPG	2693735.4645286426000000	1256244.5933588780000000	582.8655917536884800	1.9631318358168028	-2.9196635554465118	150.5211871523947300	-0.8694077131619137	0.4933318342480585	-0.0274577787160123	-0.4914629015902738	-0.8691681334654325	-0.0548723257087377	-0.0509356913670514	-0.0342119436113141	0.9981157739757933
_DSC0984.JPG	2693736.8480790406000000	1256243.4795810734000000	582.8528362986675100	1.9672989875938274	-2.8863332380695943	151.4917424192567500	-0.8776335514418027	0.4785231243599428	-0.0278382620945940	-0.4766799263130120	-0.8774053342809385	-0.0541860427192858	-0.0503547141176414	-0.0342855483863707	0.9981427272379319
_DSC0985.JPG	2693738.1949908752000000	1256242.3334305985000000	582.8635086589313200	2.0457229611464625	-2.8521049064507711	151.3198160086841100	-0.8762254723431513	0.4811725252765080	-0.0264938207144578	-0.4793256267826582	-0.8759006101919927	-0.0551821037539070	-0.0497580659434483	-0.0356527977068310	0.9981247481598901
_DSC0986.JPG	2693739.5991219189000000	1256241.2528716074000000	582.8440413958816200	2.0402168950564490	-2.8025189986904109	151.2736812180161500	-0.8758766680177120	0.4818481183546463	-0.0257381673838185	-0.4800515287703079	-0.8755329754684983	-0.0547041003268377	-0.0488936820814311	-0.0355583985208292	0.9981708311442255
_DSC0987.JPG	2693740.9983057417000000	1256240.1472801734000000	582.8106273685463100	2.1204396645664110	-2.7851843034747730	151.1851732642106800	-0.8751469821857989	0.4832256757484220	-0.0247124638304275	-0.4814110782514864	-0.8747154757202065	-0.0558230263629150	-0.0485914941921922	-0.0369564991991263	0.9981348024486050
_DSC0988.JPG	2693743.2629005089000000	1256238.4481974209000000	582.7508163154590200	2.1693765571468151	-2.8070436722709444	150.9590357013890700	-0.8732238445818802	0.4867076218787891	-0.0244091798046267	-0.4848523546641236	-0.8727463683183051	-0.0568504244827122	-0.0489725579308968	-0.0378082979292124	0.9980842755886905
_DSC0989.JPG	2693743.9976068046000000	1256237.9322265363000000	582.7411606777334300	2.1597151761859301	-2.8182359799000487	150.8779160892997000	-0.8725281398318319	0.4879450856047292	-0.0245812659518705	-0.4860835174100033	-0.8720624124535293	-0.0568327624530959	-0.0491676652274788	-0.0376396362884281	0.9980810580690096
_DSC0990.JPG	2693745.1971076485000000	1256236.9625329850000000	582.7521479741137700	2.1499383480027916	-2.8068378019012963	150.7612958653967900	-0.8715454731482049	0.4897083892652239	-0.0243758429214565	-0.4878632270397093	-0.8710807744974652	-0.0566370550372943	-0.0489689691260898	-0.0374696915407247	0.9980972208550484
_DSC0991.JPG	2693746.5905285478000000	1256235.7820602760000000	582.7403358129745400	2.1538767235547649	-2.7998745561039375	150.6970275962706900	-0.8710028755987110	0.4906828577642294	-0.0241727903872361	-0.4888434354001295	-0.8705292599832618	-0.0566648319435810	-0.0488475830003370	-0.0375385216720731	0.9981005826196580
_DSC0992.JPG	2693747.9828497879000000	1256234.5918049426000000	582.7064166500290400	2.1644873271687852	-2.7888473175007715	150.6665211744209200	-0.8707506533273131	0.4911444237293953	-0.0238841949744552	-0.4893117172358040	-0.8702609243614946	-0.0567447522263169	-0.0486553502279611	-0.0377237136162164	0.9981029898388222
_DSC0993.JPG	2693749.3224859964000000	1256233.4310762838000000	582.6736008672826300	2.2384919773212077	-2.7686544632280263	150.5415794283396700	-0.8696964455037456	0.4930592908604695	-0.0228172823605619	-0.4912177528504964	-0.8691205213679423	-0.0577463299407454	-0.0483033328317895	-0.0390135237230422	0.9980705050266003
_DSC0994.JPG	2693750.6838532258000000	1256232.3605214129000000	582.6227037375624600	2.2498344484978996	-2.7438589641005344	150.4204478067131300	-0.8686740949875672	0.4948853603540566	-0.0222215392078582	-0.4930655912939604	-0.8680730990687767	-0.0577530722565228	-0.0478710703814667	-0.0392119214062018	0.9980835565423203
_DSC0995.JPG	2693752.0234069042000000	1256231.2102091955000000	582.6048278756578600	2.2537278807020615	-2.7384559748442197	150.3644648731022100	-0.8681958325271580	0.4957315920025688	-0.0220496048280654	-0.4939163555497654	-0.8675870425762102	-0.0577871722296850	-0.0477768783295035	-0.0392799216453510	0.9980853959720197
_DSC0996.JPG	2693753.4741897453000000	1256230.1039472022000000	582.5403020657518000	2.1624925595997433	-2.6899548504307909	150.1804120885980200	-0.8666395128547259	0.4984528743745609	-0.0219245703871587	-0.4967226646897458	-0.8660970149778814	-0.0560584965007280	-0.0469313236808946	-0.0376920770738718	0.9981867351269586
_DSC0997.JPG	2693754.9423257578000000	1256228.9757312236000000	582.4618470553292600	2.2128643113626780	-2.6756274298147553	150.1021227506519200	-0.8659701256069762	0.4996465028377478	-0.0211923042222034	-0.4979122168124797	-0.8653702800895794	-0.0567247978098240	-0.0466815370903683	-0.0385700731097618	0.9981649079962630
_DSC0998.JPG	2693756.4513824824000000	1256227.9081446845000000	582.4698624758979100	2.2294482131284887	-2.6381770423172926	150.0218437472387100	-0.8652978802459890	0.5008425989934763	-0.0204026830406679	-0.4991402065187546	-0.8646655878362000	-0.0566787036574970	-0.0460286071721963	-0.0388601627034669	0.9981839785713093
_DSC0999.JPG	2693757.8028901313000000	1256226.7953841635000000	582.4836151020067500	2.2174216803591307	-2.6024879345085306	149.8668775993525100	-0.8639693363905434	0.5031543154355254	-0.0198171803113231	-0.5014930185958841	-0.8633317888728054	-0.0562403291355091	-0.0454063660346350	-0.0386517422672070	0.9982205691846057
_DSC1000.JPG	2693759.2482042145000000	1256225.5783121563000000	582.5276596150157500	2.1980214896085712	-2.6150322310588536	149.4845486123322800	-0.8605951285476149	0.5089046114872958	-0.0198020485576292	-0.5072419313704395	-0.8599698730826720	-0.0561911065005786	-0.0456250784075993	-0.0383133631666350	0.9982236414867973
_DSC1001.JPG	2693760.8263714872000000	1256228.2033315685000000	582.6270149612688600	2.2503997243742435	-2.5275796335497129	149.4123173477268000	-0.8600139256951084	0.5099546299720423	-0.0179533556909641	-0.5083613015888143	-0.8593063443967295	-0.0562262707856031	-0.0441002795616365	-0.0392285845985771	0.9982566220631736
_DSC1002.JPG	2693759.5835747011000000	1256229.0759222731000000	582.6797689021800600	2.2119364721814216	-2.3363107647394381	149.0120316126499900	-0.8565628347283762	0.5158232518178832	-0.0150493536775780	-0.5144300959406164	-0.8558266169456913	-0.0540599492954043	-0.0407650162837659	-0.0385639029575429	0.9984242779680718
_DSC1003.JPG	2693758.0875507127000000	1256230.3979319595000000	582.6104997276698900	2.2662212385529408	-2.3565773450074965	149.4164283682865200	-0.8601598779395827	0.5097964046005207	-0.0152515651440884	-0.5083642969548471	-0.8593873652844113	-0.0549463189952015	-0.0411184382554285	-0.0395092678482063	0.9983728220407111
_DSC1004.JPG	2693756.4235455468000000	1256231.7361740447000000	582.6581694050488500	2.3045255856585185	-2.3132841828187498	149.1701732204090000	-0.8579934432084871	0.5134691548712235	-0.0140242078948026	-0.5120723022367668	-0.8571669380310109	-0.0551978045621289	-0.0403634573987613	-0.0401779459700715	0.9983769448281767
_DSC1005.JPG	2693754.8606757559000000	1256232.9763494870000000	582.7303583424104500	2.2925261379091149	-2.3194982341418560	149.0924125583676700	-0.8572939181165740	0.5146327976872653	-0.0141499648378227	-0.5132340298416152	-0.8564785976196940	-0.0550930343322889	-0.0404718244321725	-0.0399686797878260	0.9983809573820758
_DSC1006.JPG	2693753.4061820842000000	1256234.1437160436000000	582.7795389149018800	2.3310915545885504	-2.3368841170858006	148.9007349240201600	-0.8555615927860781	0.5175150234647064	-0.0138766508089526	-0.5160927814970331	-0.8547084747585562	-0.0558718539387993	-0.0407750148498311	-0.0406401730339348	0.9983415119585922
_DSC1007.JPG	2693751.9573055208000000	1256235.3168744489000000	582.7885696575677900	2.2971227468045159	-2.3528099699297385	149.0929582579261400	-0.8572784723187318	0.5146457516909648	-0.0146072298983503	-0.5132136917326384	-0.8564671166558897	-0.0554597575301554	-0.0410527406760750	-0.0400478258284990	0.9983540675178289
_DSC1008.JPG	2693750.4713803735000000	1256236.4264282370000000	582.7979312444249400	2.3423051547820677	-2.3587779262182034	148.8350064432528100	-0.8549555847550201	0.5185112311793205	-0.0140374939753140	-0.5170658225304793	-0.8540952009433666	-0.0562523145869581	-0.0411568131307569	-0.0408349221429036	0.9983178982000186
_DSC1009.JPG	2693749.0975832380000000	1256237.5171143645000000	582.7695625936512400	2.3950221430354790	-2.3775173825129228	148.7795206280865200	-0.8544428949059786	0.5193624264519360	-0.0137843873512124	-0.5178865226645518	-0.8535334599332730	-0.0572204720074461	-0.0414835990134527	-0.0417528773175481	0.9982664014423192
_DSC1010.JPG	2693747.6951724980000000	1256238.6020552712000000	582.7587333528898600	2.4221907156390730	-2.3826165491187727	148.7325873996016700	-0.8540152279834122	0.5200710827631612	-0.0135668436267914	-0.5185843383636716	-0.8530785587674347	-0.0576823766430418	-0.0415725194852654	-0.0422260754135493	0.9982427982103435
_DSC1011.JPG	2693746.2822530977000000	1256239.6811185509000000	582.8079005388511900	2.4092984935860744	-2.3390556074251561	148.7283633384197400	-0.8540037617154723	0.5201036145862771	-0.0130309274463478	-0.5186635552653750	-0.8530697492138479	-0.0570974554223247	-0.0408128829575094	-0.0420027745573189	0.9982835646819915
_DSC1012.JPG	2693744.9290974289000000	1256240.7291381753000000	582.7904734419316800	2.4265688114648332	-2.3698866222450139	148.6197798245118500	-0.8530004160194312	0.5217426714719499	-0.0132240325162239	-0.5202695684197090	-0.8520534388644626	-0.0576585942909928	-0.0413505313998037	-0.0423027432273283	0.9982487723350311
_DSC1013.JPG	2693743.6623007022000000	1256241.7841465180000000	582.8023944801226400	2.4354272845581417	-2.3429370089208641	148.8011903993448800	-0.8546599634857061	0.5190272635865791	-0.0129246457761649	-0.5175762029297574	-0.8537025395907293	-0.0575052002618419	-0.0408805696563244	-0.0424579032709845	0.9982615416184308
_DSC1014.JPG	2693742.3124717548000000	1256242.8845970717000000	582.7942049395293200	2.4135155936161268	-2.3487617437972585	148.7359214060481300	-0.8540662507156966	0.5199981299675698	-0.0131447411029360	-0.5185473007914903	-0.8531304463768876	-0.0572462951345539	-0.0409821452621957	-0.0420759586344024	0.9982735484198227
_DSC1015.JPG	2693740.9357068837000000	1256244.0220165981000000	582.8032389345596600	2.3629912571360632	-2.2997268900238388	148.6275658561748100	-0.8531137007710266	0.5215688055017504	-0.0127669371518999	-0.5201796180589055	-0.8522140469069439	-0.0560748001385714	-0.0401270297038510	-0.0411970797747550	0.9983449414431762
_DSC1016.JPG	2693739.5486148596000000	1256245.1455735406000000	582.7284075672303100	2.4451735744464438	-2.3392706719726384	148.3775933710362000	-0.8508123417121373	0.5253243791715231	-0.0123553971349909	-0.5238820111695360	-0.8498336103783150	-0.0577102507733314	-0.0408166334142202	-0.0426278233013754	0.9982569163884194
_DSC1017.JPG	2693738.2106875982000000	1256246.1751752000000000	582.7144277922340100	2.4220481231648900	-2.3222962889484520	148.5494251726320300	-0.8523899298231791	0.5227575724310271	-0.0124871134396743	-0.5213343331490140	-0.8514349855401240	-0.0571749812274729	-0.0405206196412100	-0.0422254172780984	0.9982860779954726
_DSC1018.JPG	2693736.6881575081000000	1256247.2884825286000000	582.6868608890455300	2.4837210321124603	-2.3143969214867597	148.2911786771588500	-0.8500362390770236	0.5265976609893972	-0.0115453755367835	-0.5251738918402729	-0.8490111880537691	-0.0580722471484383	-0.0403828625177770	-0.0433001847573998	0.9982456202833276
_DSC1019.JPG	2693735.2398906946000000	1256248.3302455617000000	582.6316592481150600	2.4499377968070615	-2.3406034585196509	148.2786793079481200	-0.8499058490680752	0.5267925903890481	-0.0122316978000075	-0.5253495524757054	-0.8489201112093138	-0.0578142931976396	-0.0408398755317573	-0.0427107889831585	0.9982524195167206
_DSC1020.JPG	2693733.8354603276000000	1256249.3680356769000000	582.5574768270590800	2.5557797536739799	-2.3880773125027259	148.3472660683295600	-0.8505050202973145	0.5258292518665826	-0.0120336333039911	-0.5243138463352347	-0.8494225129543550	-0.0598028847754116	-0.0416677452019652	-0.0445532531667460	0.9981376691829857
_DSC1021.JPG	2693732.4604431782000000	1256250.4952327730000000	582.5555248716884800	2.5135454194689322	-2.3196107368401426	148.2963094363981000	-0.8500801343474668	0.5265309647009063	-0.0113537834630334	-0.5250958367812536	-0.8490259021552538	-0.0585609055979557	-0.0404737863658275	-0.0438196380700648	0.9982192704694805
_DSC1022.JPG	2693731.0601944514000000	1256251.6425958148000000	582.5405051443642600	2.5307484393382160	-2.3322570953168729	148.1828472425122500	-0.8490310150767261	0.5282228727852791	-0.0112664148801216	-0.5267734876978243	-0.8479587928995803	-0.0589540346622474	-0.0406943251136288	-0.0441189552319039	0.9981971196576314
_DSC1023.JPG	2693729.6545909736000000	1256252.7870188765000000	582.5318641596279600	2.5444358406497183	-2.3324758936847330	148.1313582715280900	-0.8485571542432414	0.5289874868601657	-0.0110902988227314	-0.5275361763197043	-0.8474695624180819	-0.0591686018838607	-0.0406981407019588	-0.0443574065999333	0.9981863963324343
_DSC1024.JPG	2693728.2770538982000000	1256253.8756872602000000	582.5292003274643100	2.5602190418363966	-2.3514632184675408	148.2923143469937200	-0.8500242451332304	0.5266203436450974	-0.0113928198792607	-0.5251432022798310	-0.8489281588175961	-0.0595449264492884	-0.0410292552328874	-0.0446317692421777	0.9981606110187616
_DSC1025.JPG	2693726.8197096605000000	1256255.0509407248000000	582.5664818061603700	2.4816283447565182	-2.2373328103857464	148.5688897683960500	-0.8526173225138259	0.5224262712875147	-0.0107001129890678	-0.5210754893022163	-0.8515860738014880	-0.0572843203313325	-0.0390389010835299	-0.0432660372115575	0.9983005630701601
_DSC1026.JPG	2693728.9072875846000000	1256257.6536745166000000	582.5200386930209800	2.5807661991510615	-2.4742458741239455	147.5445300788388500	-0.8430221185519687	0.5377399135129903	-0.0122267349358701	-0.5361436667586472	-0.8419097789031396	-0.0611383086277315	-0.0431703165003723	-0.0449856599630308	0.9980544144338767
_DSC1027.JPG	2693730.4337009098000000	1256256.6053430042000000	582.5664336130740800	2.5037769202526676	-2.6305475129901397	148.3472293557950400	-0.8503469658097280	0.5259758775459419	-0.0161063334736899	-0.5242171618585469	-0.8493791824275534	-0.0612484421979143	-0.0458955874911578	-0.0436392105620439	0.9979925923324097
_DSC1028.JPG	2693732.3687257934000000	1256255.1327687860000000	582.5536288362886800	2.4401757429115913	-2.6284573564814742	148.1303509236849400	-0.8483580107663888	0.5291679430884791	-0.0164308726488887	-0.5274330519753292	-0.8474505089794042	-0.0603490721928560	-0.0458591457888680	-0.0425314335293072	0.9980420912513948
_DSC1029.JPG	2693733.7784789577000000	1256253.7022313261000000	582.5905994650193000	2.4012183507094726	-2.6189738310112043	148.1190568776935900	-0.8482604614595561	0.5293178121816264	-0.0166386066627314	-0.5276042703722977	-0.8473906823733219	-0.0596889044278002	-0.0456938005569144	-0.0418531376856391	0.9980783493576705
_DSC1030.JPG	2693735.2386497725000000	1256252.3899507327000000	582.6240321398688600	2.3706090898402974	-2.5865887930501814	147.9132555487002500	-0.8463816328631769	0.5323295048189701	-0.0162305222051648	-0.5306613709687291	-0.8455281629123707	-0.0589969074072607	-0.0451291581291990	-0.0413209876603038	0.9981262119919139
_DSC1031.JPG	2693736.7600906417000000	1256251.0813978855000000	582.6679913840945300	2.3649758716353619	-2.5678284252500170	147.9780493703947600	-0.8469936810890208	0.5313599371420656	-0.0160723799000160	-0.5297116948805161	-0.8461425668651096	-0.0587220303270846	-0.0448020591276847	-0.0412234610301575	0.9981449803303200
_DSC1032.JPG	2693738.1891512368000000	1256249.8500592483000000	582.6555967977836900	2.3362394886020663	-2.5544398344944974	147.9614436213208800	-0.8468489732902582	0.5315889621529722	-0.0161242598081581	-0.5299626918630052	-0.8460229257000713	-0.0581786423286887	-0.0445686175526224	-0.0407232673912412	0.9981759633563762
_DSC1033.JPG	2693739.5251542572000000	1256248.7644256332000000	582.6534303182057800	2.3398947993777663	-2.4976859738508206	147.9420824073036200	-0.8467068413821047	0.5318416023837460	-0.0152326862578157	-0.5302719982889580	-0.8458609752398449	-0.0577132428211559	-0.0435790383943240	-0.0407887305537785	0.9982169838629461
_DSC1034.JPG	2693740.9893275052000000	1256247.6802338148000000	582.6259951250252700	2.3528602486408712	-2.4924291286242446	147.8833468052729600	-0.8461661819405723	0.5327086727141723	-0.0149753983325689	-0.5311418272538656	-0.8453042398181643	-0.0578714220221068	-0.0434873761169643	-0.0410147797817025	0.9982117190045009
_DSC1035.JPG	2693742.3171313815000000	1256246.5826707992000000	582.5645462184489800	2.3217216767484823	-2.4471060812962082	147.7859761706959600	-0.8452911579595801	0.5341091937494246	-0.0144992216236548	-0.5325972381659216	-0.8444461216252229	-0.0570169235416291	-0.0426970745295718	-0.0404736559314823	0.9982679214530317
_DSC1036.JPG	2693743.6389660910000000	1256245.5036843999000000	582.5004692743059400	2.3417122637819738	-2.4290813607381718	147.7335133059172300	-0.8448144471972451	0.5348763355135754	-0.0139948388480343	-0.5333781498464535	-0.8439436174325167	-0.0571569756135901	-0.0423827685880308	-0.0408224975042977	0.9982671108597765
_DSC1037.JPG	2693745.0088823922000000	1256244.4472493764000000	582.4537706678863700	2.3313379584435099	-2.4142636005877560	147.7178781810297900	-0.8446781036382838	0.5350951886091736	-0.0138578627986366	-0.5336145029623102	-0.8438135763150629	-0.0568701209306820	-0.0421243808538306	-0.0406421893319939	0.9982854045732532
_DSC1038.JPG	2693746.3762090206000000	1256243.3751506452000000	582.4427967769871700	2.3304901540162319	-2.3719745073135390	147.7151378076553700	-0.8446786352997665	0.5351099902731570	-0.0132401426724229	-0.5336713634904872	-0.8438048408298237	-0.0564647357415287	-0.0413869406736935	-0.0406286709359158	0.9983167995379289
_DSC1039.JPG	2693747.7436871249000000	1256242.3131342013000000	582.4249044406121800	2.3475591155796844	-2.3888910800610113	147.5737354547173400	-0.8433486461728385	0.5372048937727254	-0.0131895073856184	-0.5357477738895095	-0.8424583072301017	-0.0569062681207176	-0.0416819357860791	-0.0409255749578113	0.9982923988208555
_DSC1040.JPG	2693749.1677944791000000	1256241.2406672263000000	582.4114079457682500	2.3343054644593804	-2.3988825226187660	147.5045248313785200	-0.8426947293423414	0.5382250877446202	-0.0133920894909692	-0.5367621953980222	-0.8418181066058359	-0.0568209554835318	-0.0418561671696404	-0.0406943523460286	0.9982945612177825
_DSC1041.JPG	2693750.5785802137000000	1256240.1407473441000000	582.3952371852072900	2.3249124402569383	-2.3558034249272657	147.5628878737441000	-0.8432673747875567	0.5373393778182934	-0.0129045598433998	-0.5359202537167778	-0.8423915677862880	-0.0562665813667819	-0.0411049422216623	-0.0405319573720583	0.9983323816027124
_DSC1042.JPG	2693751.9881251045000000	1256239.0662512737000000	582.3936045843353200	2.2875547398303788	-2.3244813286847976	147.4803199588482400	-0.8425130162273165	0.5385259154636558	-0.0127143958401918	-0.5371469141308529	-0.8416645836987695	-0.0554429543484107	-0.0405587244283037	-0.0398819122060358	0.9983809007345539
_DSC1043.JPG	2693753.3772789109000000	1256238.0176283033000000	582.4058304358447900	2.2928338523083380	-2.2992406493260291	147.3560956252753700	-0.8413613994554372	0.5403358109802973	-0.0121740247516156	-0.5389819082764870	-0.8404994002331956	-0.0553105845049176	-0.0401185500364156	-0.0399746116917246	0.9983949781339405
_DSC1044.JPG	2693754.7189334556000000	1256236.9192275496000000	582.4475415715012300	2.3046259693166280	-2.2914980006041943	147.3851502299099300	-0.8416391670276506	0.5399074518783783	-0.0119773090132689	-0.5385581030431813	-0.8407648221357933	-0.0554047245774070	-0.0399835237508173	-0.0401803094209772	0.9983921376710168
_DSC1045.JPG	2693756.0117731132000000	1256235.7739971839000000	582.4974122506070000	2.3461825986773737	-2.3364367833667461	147.2371663213507700	-0.8402187401437896	0.5421126005464892	-0.0120994644470700	-0.5407129580307756	-0.8393097531752245	-0.0564680019351908	-0.0407672138953729	-0.0409031362326596	0.9983310912305304
_DSC1046.JPG	2693757.3820757214000000	1256234.6412680293000000	582.5717191710069800	2.3310817061671947	-2.3301532994198619	147.2128237996232900	-0.8399926920794509	0.5424621900447803	-0.0121264019782285	-0.5410722999556604	-0.8390966254505405	-0.0561926986200854	-0.0406576373367659	-0.0406401959805477	0.9983462981334957
_DSC1047.JPG	2693758.7634358834000000	1256233.5099891759000000	582.6750031221870400	2.3794777937609037	-2.3511069672070728	147.2889478934169200	-0.8406982608078067	0.5413697519079008	-0.0120509748114908	-0.5399477236191622	-0.8397606599955393	-0.0570831821322284	-0.0410230427103249	-0.0414828355230832	0.9982966915320073
_DSC1048.JPG	2693760.1964824516000000	1256232.4503401050000000	582.7122814804707800	2.4181180278008565	-2.3449099131494853	147.1636668366192600	-0.8395193433594732	0.5432087375601326	-0.0114690698666523	-0.5417870771670189	-0.8385386794168184	-0.0576163703882626	-0.0409149745215267	-0.0421562635942324	0.9982729157398173
_DSC1049.JPG	2693761.5676878355000000	1256231.4027662608000000	582.7265775811771400	2.3525783284955581	-2.3718128081711862	147.1242196520233800	-0.8391299059170629	0.5437886726394628	-0.0124450996232502	-0.5423544556212260	-0.8382194041187060	-0.0569199000937713	-0.0413841209091612	-0.0410135351791751	0.9983011792383513
_DSC1050.JPG	2693763.0213704612000000	1256230.1483876845000000	582.7251075644418300	2.2667664639033540	-2.4160609966757729	146.6506839888043900	-0.8345919245726818	0.5507046428089250	-0.0134430586832395	-0.5492533244478297	-0.8337642343415185	-0.0561959706376615	-0.0421557234675533	-0.0395170586151991	0.9983292528306130
_DSC1051.JPG	2693764.4316193685000000	1256233.0264422656000000	582.6033121974715000	2.3637506373849089	-2.4430514016690150	147.1347209296920900	-0.8391854274294037	0.5436804861094114	-0.0133920653359929	-0.5421723073408118	-0.8382801387783740	-0.0577546368913394	-0.0426263714485410	-0.0412060426824144	0.9982409801764232
_DSC1052.JPG	2693763.1480026376000000	1256234.0018907641000000	582.5950758046743700	2.3160299117811869	-2.2420881647000805	146.6547869593732100	-0.8347343361376418	0.5505538738572752	-0.0104412668579131	-0.5492613860050709	-0.8338224361384418	-0.0552455865743422	-0.0391218342698580	-0.0403804033276419	0.9984182015120010
_DSC1053.JPG	2693761.6305728424000000	1256235.2977876039000000	582.6048723446853000	2.3602082858798310	-2.2655865471300634	146.8309079283540400	-0.8364052585731945	0.5480103432685494	-0.0105312440762953	-0.5466840886471399	-0.8354587823064896	-0.0560814611703683	-0.0395316411391293	-0.0411495654611943	0.9983706539212789
_DSC1054.JPG	2693759.9369729124000000	1256236.5505319149000000	582.5995913143527800	2.3357574656665143	-2.2377485264087182	146.8500257446166300	-0.8366036056563458	0.5477104282234377	-0.0103775632062474	-0.5464154143891007	-0.8356762645939121	-0.0554560701127755	-0.0390461511648410	-0.0407242877121883	0.9984071967236350
_DSC1055.JPG	2693758.3722757418000000	1256237.7132696433000000	582.6096430791284300	2.3498261991692506	-2.2573868097360741	146.8313414279283800	-0.8364141218546360	0.5479971970023667	-0.0105113671654770	-0.5466808500270531	-0.8354762846018355	-0.0558518225451228	-0.0393886401876991	-0.0409688899710904	0.9983837363853146
_DSC1056.JPG	2693756.8490059711000000	1256238.8730137255000000	582.5543659371212500	2.3404062805855048	-2.2760415543643262	146.8729583352234700	-0.8368001996368465	0.5473995863544472	-0.0109141535042468	-0.5460661372987420	-0.8358760125959350	-0.0558843919386415	-0.0397139721428718	-0.0408042206848893	0.9983775918914317
_DSC1057.JPG	2693755.4156129789000000	1256240.0029102715000000	582.5058473256801800	2.3235556680889986	-2.2722830588369001	146.8667458134578700	-0.8367431651012969	0.5474847592397276	-0.0110142660437016	-0.5461582902390398	-0.8358345059566662	-0.0556039625867164	-0.0396484256866756	-0.0405107029363172	0.9983921500533614
_DSC1058.JPG	2693753.9997544922000000	1256241.0859910618000000	582.4999266252992800	2.3738124118758517	-2.3012633402245721	146.8371029450450700	-0.8364435948231994	0.5479440666012654	-0.0109276052139388	-0.5465800792938435	-0.8354905942582178	-0.0566187585980656	-0.0401538242061522	-0.0413855866518664	0.9983360674738253
_DSC1059.JPG	2693752.6371885166000000	1256242.1985800099000000	582.4650139073079300	2.3230690337378950	-2.2983025369746479	146.8443993595985800	-0.8365149291094137	0.5478260140553557	-0.0113768054081120	-0.5464746908404781	-0.8356113257345506	-0.0558491233140819	-0.0401021900633357	-0.0405014892117517	0.9983744005751322
_DSC1060.JPG	2693751.2585545126000000	1256243.2844084264000000	582.4316626325123700	2.3197032650410794	-2.2858143362742966	146.8152535263848500	-0.8362441295699506	0.5482429659825922	-0.0111984825045987	-0.5469049186646061	-0.8353406480789634	-0.0556867273906329	-0.0398844042233967	-0.0404431937120343	0.9983854878663429
_DSC1061.JPG	2693749.9155493882000000	1256244.3334083969000000	582.4002350270263800	2.3514860754528217	-2.3011888227207531	146.8745019703214600	-0.8368002329079473	0.5473942362634336	-0.0111767755089433	-0.5460340144781168	-0.8358701045526118	-0.0562851965273142	-0.0401525246792276	-0.0409965659632570	0.9983521704995210
_DSC1062.JPG	2693748.5369429309000000	1256245.4651298581000000	582.3619997171115300	2.3224405878068994	-2.2979083009533676	146.8099102056688100	-0.8361860584194508	0.5483285528183177	-0.0113434504941268	-0.5469782824112454	-0.8352821760001374	-0.0558430391984494	-0.0400953148807462	-0.0404905497696197	0.9983751204351841
_DSC1063.JPG	2693747.1179085989000000	1256246.5530756640000000	582.3501892822325800	2.3291929134514477	-2.2963865827011420	146.7597862160847100	-0.8357081165884029	0.5490594968921700	-0.0112077089889788	-0.5477101760598918	-0.8347961660049810	-0.0559367881078894	-0.0400687772299805	-0.0406082515740670	0.9983714053374082
_DSC1064.JPG	2693745.6851619147000000	1256247.6632655889000000	582.3892463021541100	2.2685956309265869	-2.2798964310578143	146.7994690783618200	-0.8360968732819241	0.5484594617490267	-0.0115860824336064	-0.5471375281162874	-0.8352411604298058	-0.0548883343768994	-0.0397811992653353	-0.0395527842489033	0.9984252768450783
_DSC1065.JPG	2693744.2249344401000000	1256248.7333894530000000	582.4046691286494000	2.2713847450607023	-2.2441185679699469	146.7949419368080400	-0.8360742612938028	0.5485053273306493	-0.0110333808019024	-0.5472170865550893	-0.8352086916990867	-0.0545884739891109	-0.0391572443384524	-0.0396023635683319	0.9984479771203006
_DSC1066.JPG	2693742.8155979849000000	1256249.8312952665000000	582.4110070047014500	2.2969483461761788	-2.2540334184256130	146.7864400510371200	-0.8359873712069019	0.5486399169995251	-0.0109250472460202	-0.5473374223168058	-0.8350990564560984	-0.0550573522586181	-0.0393301578202714	-0.0400475639819683	0.9984234228547241
_DSC1067.JPG	2693741.4566140231000000	1256250.9162033054000000	582.3836051596861100	2.2636677208542921	-2.2597596823328172	146.7738856228933200	-0.8358641283972483	0.5488197556278495	-0.0113152415483008	-0.5475184309116443	-0.8350085001653849	-0.0546294102439894	-0.0394300224544553	-0.0394674610805359	0.9984425836497051
_DSC1068.JPG	2693739.9961548056000000	1256252.0619281875000000	582.3745520223960700	2.2841386197724876	-2.2483143222690551	146.7263197342515800	-0.8354158693731655	0.5495101153199866	-0.0109068034039899	-0.5482164714042150	-0.8345373822512032	-0.0548275305519134	-0.0392304177977860	-0.0398244998251757	0.9984362691394407
_DSC1069.JPG	2693738.7193986624000000	1256253.0759436444000000	582.3600018627307700	2.2662225177725404	-2.2471829365869782	146.8027217351556100	-0.8361468027645950	0.5483926864239291	-0.0111348867660201	-0.5471024093202406	-0.8352869194753700	-0.0545409558894497	-0.0392106865858401	-0.0395123225094903	0.9984494471065490
_DSC1070.JPG	2693737.3270963505000000	1256254.1783731750000000	582.3592657081832200	2.3032586853137982	-2.2626002480808936	146.7728032141039300	-0.8358521484985735	0.5488448825702198	-0.0109763712947588	-0.5475331497795666	-0.8349590929952707	-0.0552337117798728	-0.0394795610763926	-0.0401572895125884	0.9984131190825858
_DSC1071.JPG	2693735.8963383436000000	1256255.2927461797000000	582.3741818266491900	2.2242011371972992	-2.2142337254728934	146.7950264759734600	-0.8360920440645585	0.5484778981683141	-0.0110493924184554	-0.5472269634069908	-0.8352652491988809	-0.0536154268946505	-0.0386360501644719	-0.0387809064050985	0.9985005242492803
_DSC1072.JPG	2693734.4483044464000000	1256256.3929627310000000	582.3587121173646900	2.3139672194446450	-2.2478787928908153	146.7229553420963800	-0.8353839260999865	0.5495644637974009	-0.0106111330614580	-0.5482656894520648	-0.8344766249682850	-0.0552584486860815	-0.0392228222266571	-0.0403442996297654	0.9984156988469082
_DSC1073.JPG	2693733.0057556592000000	1256257.5076700340000000	582.3210533704092300	2.2690396370978703	-2.2331510795588367	146.6804532184856700	-0.8349853889408964	0.5501663738294251	-0.0107870924072087	-0.5488907480628140	-0.8341173931906898	-0.0544712866362878	-0.0389659716453174	-0.0395617932372962	0.9984570684659334
_DSC1074.JPG	2693731.5595929883000000	1256258.6138720543000000	582.3061782601704400	2.2735221360613420	-2.2420633029337518	146.7694334146016200	-0.8358317275658823	0.5488763352099634	-0.0109586422841888	-0.5475900283997893	-0.8349631522036386	-0.0546049014217728	-0.0391214006823621	-0.0396396658493030	0.9984479019458179
_DSC1075.JPG	2693730.1001038887000000	1256259.7779227535000000	582.3391949472052100	2.2425261762013440	-2.1825593422250664	146.7942223711049500	-0.8361021074474438	0.5484750400448057	-0.0104113577304976	-0.5472503108122017	-0.8352521987112752	-0.0535804242604463	-0.0380836347778334	-0.0391010868880955	0.9985092597298626
_DSC1076.JPG	2693729.4473037552000000	1256260.4024340431000000	582.3628505357003200	2.2906236821654713	-2.1836978698605893	147.3421619983728600	-0.8412967032842432	0.5404719186470620	-0.0104862861408534	-0.5392290617032511	-0.8404135656740281	-0.0541946274615604	-0.0381034914108249	-0.0399392511826443	0.9984753277659269
_DSC1077.JPG	2693729.7478797082000000	1256264.1810962097000000	582.3162582563434200	2.4041093036164414	-2.3318038101586764	146.2677633341694700	-0.8309531863247390	0.5562430057343786	-0.0105128829703130	-0.5548526086593499	-0.8299620800970687	-0.0574589267639188	-0.0406864203472915	-0.0419125777366696	0.9982925177656055
_DSC1078.JPG	2693731.2985376213000000	1256263.1342079588000000	582.2832133647667700	2.3828457486773869	-2.4494348808259780	146.9917532029869000	-0.8378259689991252	0.5457787820306619	-0.0131592840156398	-0.5442620105726344	-0.8368990809488091	-0.0581273786994807	-0.0427376826478707	-0.0415385290082231	0.9982224406863045
_DSC1079.JPG	2693732.9797653202000000	1256261.8018106814000000	582.2969535963940200	2.3346815034223969	-2.4617899273395034	146.7570400965550200	-0.8355816398812952	0.5491988480883653	-0.0135627560509671	-0.5476845373940962	-0.8347000754963861	-0.0575971480695269	-0.0429531208726402	-0.0406990076628582	0.9982477749449580
_DSC1080.JPG	2693734.5103526805000000	1256260.2985635151000000	582.3188411770031500	2.3365253545549511	-2.4385047630462040	146.8795281434115900	-0.8367651313066803	0.5473997324699362	-0.0133284628204587	-0.5459064573657489	-0.8358794470700977	-0.0573732496218041	-0.0425470896265655	-0.0407318408328320	0.9982638239997871
_DSC1081.JPG	2693736.0495497659000000	1256258.9050694541000000	582.2851619059615600	2.3999728716615465	-2.4291450085012265	146.8558125139781800	-0.8365449087299423	0.5477543441588790	-0.0125616134747508	-0.5462565537595909	-0.8355924830501627	-0.0582149443421477	-0.0423838784528619	-0.0418375516150432	0.9982250378156981
_DSC1082.JPG	2693737.5347166341000000	1256257.7347590758000000	582.2729469502112400	2.3742283721904593	-2.4122448473572442	146.7582763241835800	-0.8356242090569923	0.5491601362044991	-0.0124629868704094	-0.5476866643577810	-0.8346915904788257	-0.0576997960878223	-0.0420891782115388	-0.0413895347616468	0.9982561832964982
_DSC1083.JPG	2693738.9704610091000000	1256256.6244273637000000	582.2765615357263900	2.3275523827220064	-2.3936574413563547	146.8562982847350300	-0.8365713600044669	0.5477099009569435	-0.0127367191227483	-0.5462637092541719	-0.8356837823550474	-0.0568205584329795	-0.0417650520429373	-0.0405768444127699	0.9983031604304138
_DSC1084.JPG	2693740.3785609473000000	1256255.4753901516000000	582.2905171795703200	2.3922601309855724	-2.4071690958414682	146.8971851342610400	-0.8369526924596110	0.5471357288901582	-0.0123565673406309	-0.5456611901853226	-0.8360043557434937	-0.0578842180861362	-0.0420006679726000	-0.0417038529364173	0.9982468294665972
_DSC1085.JPG	2693741.7081576549000000	1256254.4217754486000000	582.2874989355136700	2.3413879479456989	-2.4209826267473358	146.7268315153346800	-0.8353181281437886	0.5496161338235691	-0.0128736255650866	-0.5481416574385901	-0.8344196009808571	-0.0573118912567295	-0.0422415456018368	-0.0408170912704610	0.9982733177268571
_DSC1086.JPG	2693743.0250082184000000	1256253.3074115294000000	582.3243395390779800	2.3566435786942472	-2.4424639091849740	146.7096633321893400	-0.8351405477762186	0.5498824144836928	-0.0130228914462858	-0.5483831973830594	-0.8342311310712984	-0.0577433007320730	-0.0426161270878638	-0.0410822369533037	0.9982465204141431
_DSC1087.JPG	2693744.3793202024000000	1256252.1254454269000000	582.4211411494696900	2.3645437408811540	-2.4288945550422936	146.7629731453741900	-0.8356588376204273	0.5490996141072942	-0.0128031595357082	-0.5476114353646738	-0.8347397805066408	-0.0577166760786504	-0.0423795111429710	-0.0412202938726474	0.9982509025331935
_DSC1088.JPG	2693745.7931474634000000	1256250.9690957135000000	582.4394881552240100	2.3884224859295555	-2.4308425289781597	146.7474140310362400	-0.8355088932639538	0.5493327393653045	-0.0125869272760895	-0.5478375544490471	-0.8345657331712131	-0.0580865815114222	-0.0424134791325778	-0.0416362639751339	0.9982321965905845
_DSC1089.JPG	2693747.1790377609000000	1256249.8430533940000000	582.4575622050008400	2.3941185959212827	-2.4546464557149572	146.7459842986913300	-0.8354804149164690	0.5493693128668873	-0.0128776694774014	-0.5478486934066522	-0.8345367382784383	-0.0583972738765196	-0.0428285585051412	-0.0417347642110281	0.9982103606117407
_DSC1090.JPG	2693748.5294435006000000	1256248.8316988833000000	582.4760891063081100	2.3317016152129950	-2.4006730352766263	146.7673463084982800	-0.8357179912760497	0.5490117212978974	-0.0127109769508172	-0.5475590247706598	-0.8348256071179657	-0.0569677109626503	-0.0418873901040340	-0.0406489308302289	0.9982951021479730
_DSC1091.JPG	2693749.9107918758000000	1256247.7658853226000000	582.4975908676503900	2.3392598535306766	-2.4520787115027005	146.6668881618124900	-0.8347249232851948	0.5505068250302535	-0.0132867618942995	-0.5490025958716516	-0.8338340979675828	-0.0575920723083983	-0.0427837839924522	-0.0407790713687641	0.9982517794452405
_DSC1092.JPG	2693751.3195520528000000	1256246.7078296375000000	582.5122422022695900	2.3139399945861716	-2.4445720555690778	146.6524391077172700	-0.8345911225878084	0.5507067530393739	-0.0134063512728606	-0.5492161589630238	-0.8337235187568233	-0.0571550960601399	-0.0426528877278322	-0.0403381510306565	0.9982752950663987
