<?xml version="1.0" encoding="UTF-8"?>
<document version="1.4.0">
  <chunk label="SONY-A-9" enabled="1">
    <sensors next_id="1">
      <sensor id="0" label="SONY-A-9" type="frame">
        <resolution width="6000" height="4000"/>
        <property name="pixel_width" value="0.006"/>
        <property name="pixel_height" value="0.006"/>
        <property name="focal_length" value="55"/>
        <property name="fixed" value="1"/>
        <property name="layer_index" value="0"/>
        <calibration type="frame" class="initial">
          <resolution width="6000" height="4000"/>
          <f>9227.77018581081</f>
          <cx>-37.8304617831239</cx>
          <cy>31.7622333680372</cy>
          <k1>-0.017282082281574</k1>
        </calibration>
      </sensor>
    </sensors>
    <cameras next_id="593" next_group_id="0">
      <camera id="0" sensor_id="0" label="_DSC0966.JPG" enabled="1"/>
      <camera id="1" sensor_id="0" label="_DSC0967.JPG" enabled="1"/>
      <camera id="2" sensor_id="0" label="_DSC0968.JPG" enabled="1"/>
      <camera id="3" sensor_id="0" label="_DSC0969.JPG" enabled="1"/>
      <camera id="4" sensor_id="0" label="_DSC0970.JPG" enabled="1">
        <transform>-1.3593383694038730e-002 -9.8463376490920196e-001 -1.7410217953970947e-001 -2.5884966400822897e+001 -9.9806253873677198e-001 2.7883629424062528e-003 6.2156204858495594e-002 3.2131593711623552e+001 -6.0715637936667469e-002 1.7460977645261447e-001 -9.8276397841857810e-001 -5.7452197103814573e+000 0.0000000000000000e+000 0.0000000000000000e+000 0.0000000000000000e+000 1.0000000000000000e+000</transform>
      </camera>
      <camera id="5" sensor_id="0" label="_DSC0971.JPG" enabled="1">
        <transform>-1.4586332250144940e-002 -9.8448593546761054e-001 -1.7485617454912034e-001 -2.6035308228320904e+001 -9.9816111268999674e-001 4.0467192605100344e-003 6.0481544099788294e-002 3.1891056417665524e+001 -5.8835635672238630e-002 1.7541683764590751e-001 -9.8273460356565900e-001 -3.4308112257281702e+000 0.0000000000000000e+000 0.0000000000000000e+000 0.0000000000000000e+000 1.0000000000000000e+000</transform>
      </camera>
      <camera id="6" sensor_id="0" label="_DSC0972.JPG" enabled="1">
        <transform>-1.4781064846349778e-002 -9.8488457106888050e-001 -1.7258013151135232e-001 -2.6018703448540830e+001 -9.9818019016345949e-001 4.4427081422135917e-003 6.0137927380343882e-002 3.2034665669896512e+001 -5.8462193657511700e-002 1.7315497109477043e-001 -9.8315793639573534e-001 -3.3637784943680060e+000 0.0000000000000000e+000 0.0000000000000000e+000 0.0000000000000000e+000 1.0000000000000000e+000</transform>
      </camera>
      <camera id="7" sensor_id="0" label="_DSC0973.JPG" enabled="1">
        <transform>-1.2520557466818683e-002 -9.8516054138683040e-001 -1.7117810413463475e-001 -2.5957652923414489e+001 -9.9844331825932076e-001 3.0121011255420660e-003 5.5694411480210107e-002 3.2013441092824252e+001 -5.4352330805932644e-002 1.7160895938504284e-001 -9.8366467314565342e-001 -5.8629579854589653e-001 0.0000000000000000e+000 0.0000000000000000e+000 0.0000000000000000e+000 1.0000000000000000e+000</transform>
      </camera>
      <camera id="8" sensor_id="0" label="_DSC0974.JPG" enabled="1">
        <transform>-1.1914105921362328e-002 -9.8537762767360204e-001 -1.6996759973724060e-001 -2.5929909499253327e+001 -9.9848914772368180e-001 2.6051052977434930e-003 5.4887478575931646e-002 3.2015870494546725e+001 -5.3642109933616948e-002 1.7036473903578739e-001 -9.8391990514225192e-001 -5.9643390012512043e-001 0.0000000000000000e+000 0.0000000000000000e+000 0.0000000000000000e+000 1.0000000000000000e+000</transform>
      </camera>
      <camera id="9" sensor_id="0" label="_DSC0975.JPG" enabled="1">
        <transform>-9.8113864294421260e-003 -9.8551954836659594e-001 -1.6927774952318086e-001 -2.6028709147471307e+001 -9.9863185539913646e-001 9.6156970093386196e-004 5.2282815205268354e-002 3.2035874576035646e+001 -5.1362964073446503e-002 1.6955911998772238e-001 -9.8418064944936767e-001 2.2732246301314567e+000 0.0000000000000000e+000 0.0000000000000000e+000 0.0000000000000000e+000 1.0000000000000000e+000</transform>
      </camera>
      <camera id="10" sensor_id="0" label="_DSC0976.JPG" enabled="1">
        <transform>9.7302846348494643e-001 -2.3014646217589221e-001 -1.5754846747716374e-002 -5.9319348974442390e+000 -2.3022935265391145e-001 -9.7312957982404946e-001 -3.6422586440119156e-003 2.9755598726088838e+001 -1.4493254454548622e-002 7.1712494998860035e-003 -9.9986925083029032e-001 2.5607240115303829e+000 0.0000000000000000e+000 0.0000000000000000e+000 0.0000000000000000e+000 1.0000000000000000e+000</transform>
      </camera>
      <camera id="11" sensor_id="0" label="_DSC0977.JPG" enabled="1">
        <transform>9.9925299561700687e-001 -3.4336233637156051e-002 -1.7733409431174015e-002 -6.8144820300895041e+000 -3.4475728238557955e-002 -9.9937647605089763e-001 -7.6212386467521352e-003 2.9552052276092510e+001 -1.7460667594915037e-002 8.2269177523714068e-003 -9.9981370410263715e-001 2.5694604474891212e+000 0.0000000000000000e+000 0.0000000000000000e+000 0.0000000000000000e+000 1.0000000000000000e+000</transform>
      </camera>
      <camera id="12" sensor_id="0" label="_DSC0978.JPG" enabled="1">
        <transform>9.9979292651932061e-001 9.9550299038368411e-003 -1.7748280523664863e-002 -8.0928686022514906e+000 9.8243716270930200e-003 -9.9992410730600545e-001 -7.4337978463893308e-003 2.9544501315257126e+001 -1.7820937238702036e-002 7.2578928003882298e-003 -9.9981485145402416e-001 2.5580578853508849e+000 0.0000000000000000e+000 0.0000000000000000e+000 0.0000000000000000e+000 1.0000000000000000e+000</transform>
      </camera>
      <camera id="13" sensor_id="0" label="_DSC0979.JPG" enabled="1">
        <transform>9.9926548104610835e-001 3.4396352563488948e-002 -1.6893469744766295e-002 -9.3397700539829067e+000 3.4272179715629784e-002 -9.9938374719642298e-001 -7.5857456571993987e-003 2.9658172101432623e+001 -1.7143981078755925e-002 7.0011977521216018e-003 -9.9982851886851420e-001 2.5534891818864529e+000 0.0000000000000000e+000 0.0000000000000000e+000 0.0000000000000000e+000 1.0000000000000000e+000</transform>
      </camera>
      <camera id="14" sensor_id="0" label="_DSC0980.JPG" enabled="1">
        <transform>9.9844381141923333e-001 5.3257348870247523e-002 -1.6541167732266486e-002 -1.0541858632444821e+001 5.3132921003744546e-002 -9.9855641117905758e-001 -7.8731441502539259e-003 2.9787682832784078e+001 -1.6936591872158673e-002 6.9820114948043691e-003 -9.9983218760512127e-001 2.5333837735305633e+000 0.0000000000000000e+000 0.0000000000000000e+000 0.0000000000000000e+000 1.0000000000000000e+000</transform>
      </camera>
      <camera id="15" sensor_id="0" label="_DSC0981.JPG" enabled="1">
        <transform>9.9727921256020580e-001 7.1973590885954161e-002 -1.5936574609283816e-002 -1.1650235375103446e+001 7.1831481901891661e-002 -9.9737326001274595e-001 -9.3176402230180141e-003 2.9912723950453625e+001 -1.6565337396931761e-002 8.1475411339057887e-003 -9.9982958906525521e-001 2.5121435985877851e+000 0.0000000000000000e+000 0.0000000000000000e+000 0.0000000000000000e+000 1.0000000000000000e+000</transform>
      </camera>
      <camera id="16" sensor_id="0" label="_DSC0982.JPG" enabled="1">
        <transform>9.9570314173255237e-001 9.1292868179448081e-002 -1.5519850627348852e-002 -1.2755828737480631e+001 9.1166365763262022e-002 -9.9579790407804725e-001 -8.6734069019759382e-003 2.9990801259290230e+001 -1.6246454919287157e-002 7.2212501229381668e-003 -9.9984194063322707e-001 2.4552322629561347e+000 0.0000000000000000e+000 0.0000000000000000e+000 0.0000000000000000e+000 1.0000000000000000e+000</transform>
      </camera>
      <camera id="17" sensor_id="0" label="_DSC0983.JPG" enabled="1">
        <transform>9.9397671555406553e-001 1.0851540379404480e-001 -1.5319793594149384e-002 -1.3733448150748316e+001 1.0838340373721968e-001 -9.9406658700260686e-001 -9.2009999088899300e-003 3.0040850809168095e+001 -1.6227345152142639e-002 7.4851682949661049e-003 -9.9984031001200846e-001 2.4231646265295161e+000 0.0000000000000000e+000 0.0000000000000000e+000 0.0000000000000000e+000 1.0000000000000000e+000</transform>
      </camera>
      <camera id="18" sensor_id="0" label="_DSC0984.JPG" enabled="1">
        <transform>9.9200470490898696e-001 1.2532949625857581e-001 -1.4804823741078573e-002 -1.4775215321381134e+001 1.2520720532097546e-001 -9.9209050980474245e-001 -8.9205432052772947e-003 3.0097702873858307e+001 -1.5805732319126263e-002 6.9955502240888990e-003 -9.9985060939268244e-001 2.4121075570356156e+000 0.0000000000000000e+000 0.0000000000000000e+000 0.0000000000000000e+000 1.0000000000000000e+000</transform>
      </camera>
      <camera id="19" sensor_id="0" label="_DSC0985.JPG" enabled="1">
        <transform>9.9240141407626470e-001 1.2229716439215203e-001 -1.3521720344278202e-002 -1.5810706316359479e+001 1.2217266476817239e-001 -9.9246163511986651e-001 -9.6820864819904713e-003 3.0181862073445057e+001 -1.4603880404662930e-002 7.9565317092255561e-003 -9.9986170057677792e-001 2.4161874010901263e+000 0.0000000000000000e+000 0.0000000000000000e+000 0.0000000000000000e+000 1.0000000000000000e+000</transform>
      </camera>
      <camera id="20" sensor_id="0" label="_DSC0986.JPG" enabled="1">
        <transform>9.9250840355643588e-001 1.2149612957919273e-001 -1.2874756973669906e-002 -1.6850862865506496e+001 1.2138487807751144e-001 -9.9256380971867764e-001 -9.0991763831926465e-003 3.0216030984982936e+001 -1.3884532543904218e-002 7.4682082202344466e-003 -9.9987571508763851e-001 2.4000945809638736e+000 0.0000000000000000e+000 0.0000000000000000e+000 0.0000000000000000e+000 1.0000000000000000e+000</transform>
      </camera>
      <camera id="21" sensor_id="0" label="_DSC0987.JPG" enabled="1">
        <transform>9.9271468382611783e-001 1.1990836492656105e-001 -1.1812727739577498e-002 -1.7897200960853180e+001 1.1979269755337731e-001 -9.9274797375485013e-001 -1.0058340744097087e-002 3.0264214201115404e+001 -1.2933140720482166e-002 8.5699840302041006e-003 -9.9987963737883279e-001 2.3764403474627853e+000 0.0000000000000000e+000 0.0000000000000000e+000 0.0000000000000000e+000 1.0000000000000000e+000</transform>
      </camera>
      <camera id="22" sensor_id="0" label="_DSC0988.JPG" enabled="1">
        <transform>9.9318599436920696e-001 1.1595885705708273e-001 -1.1624287456228668e-002 -1.9559694493007299e+001 1.1583299885759124e-001 -9.9320808170610553e-001 -1.0973732698370346e-002 3.0299336769191228e+001 -1.2817837746954183e-002 9.5524815463351818e-003 -9.9987221840183138e-001 2.3328987287071663e+000 0.0000000000000000e+000 0.0000000000000000e+000 0.0000000000000000e+000 1.0000000000000000e+000</transform>
      </camera>
      <camera id="23" sensor_id="0" label="_DSC0989.JPG" enabled="1">
        <transform>9.9334525966039899e-001 1.1456018464751939e-001 -1.1881043882629581e-002 -2.0086993566151904e+001 1.1443213948351731e-001 -9.9337070762578084e-001 -1.0950921617853758e-002 3.0293657413423329e+001 -1.3056820571622538e-002 9.5184728072207573e-003 -9.9986945053440779e-001 2.3237522847071514e+000 0.0000000000000000e+000 0.0000000000000000e+000 0.0000000000000000e+000 1.0000000000000000e+000</transform>
      </camera>
      <camera id="24" sensor_id="0" label="_DSC0990.JPG" enabled="1">
        <transform>9.9357651095071253e-001 1.1254348004718712e-001 -1.1818713376587664e-002 -2.0991655315293389e+001 1.1241927723946984e-001 -9.9360328690393673e-001 -1.0696464773393390e-002 3.0344263248916331e+001 -1.2946929827752867e-002 9.2991049333589655e-003 -9.9987294375609226e-001 2.3271843205417428e+000 0.0000000000000000e+000 0.0000000000000000e+000 0.0000000000000000e+000 1.0000000000000000e+000</transform>
      </camera>
      <camera id="25" sensor_id="0" label="_DSC0991.JPG" enabled="1">
        <transform>9.9370414467923773e-001 1.1142557108322290e-001 -1.1679681334809511e-002 -2.2061017701217438e+001 1.1130282799974953e-001 -9.9372913285388542e-001 -1.0681338713998000e-002 3.0429474637497975e+001 -1.2796613870990532e-002 9.3141089881224205e-003 -9.9987473917846037e-001 2.3178853298859741e+000 0.0000000000000000e+000 0.0000000000000000e+000 0.0000000000000000e+000 1.0000000000000000e+000</transform>
      </camera>
      <camera id="26" sensor_id="0" label="_DSC0992.JPG" enabled="1">
        <transform>9.9376732095459164e-001 1.1088825662387183e-001 -1.1415180491412434e-002 -2.3133134108083997e+001 1.1076749406146522e-001 -9.9378853839170744e-001 -1.0719291983009879e-002 3.0520350102917746e+001 -1.2532919136276506e-002 9.3880511391926814e-003 -9.9987738769997769e-001 2.2958425941449523e+000 0.0000000000000000e+000 0.0000000000000000e+000 0.0000000000000000e+000 1.0000000000000000e+000</transform>
      </camera>
      <camera id="27" sensor_id="0" label="_DSC0993.JPG" enabled="1">
        <transform>9.9402383297412966e-001 1.0866903504905638e-001 -1.0375948194126763e-002 -2.4170004235732652e+001 1.0854836436916489e-001 -9.9402393633494202e-001 -1.1561426640604886e-002 3.0615180701780854e+001 -1.1570309943958305e-002 1.0366041418691631e-002 -9.9987932927584156e-001 2.2748533328202263e+000 0.0000000000000000e+000 0.0000000000000000e+000 0.0000000000000000e+000 1.0000000000000000e+000</transform>
      </camera>
      <camera id="28" sensor_id="0" label="_DSC0994.JPG" enabled="1">
        <transform>9.9425717940004121e-001 1.0655738121668444e-001 -9.9088707589320042e-003 -2.5186227974417413e+001 1.0644259382687470e-001 -9.9425269589805787e-001 -1.1469564893709120e-002 3.0660128338003350e+001 -1.1074088264142044e-002 1.0348971334688964e-002 -9.9988512508259253e-001 2.2409412526897499e+000 0.0000000000000000e+000 0.0000000000000000e+000 0.0000000000000000e+000 1.0000000000000000e+000</transform>
      </camera>
      <camera id="29" sensor_id="0" label="_DSC0995.JPG" enabled="1">
        <transform>9.9436230596118103e-001 1.0558273116418683e-001 -9.7924135673150680e-003 -2.6219537477151359e+001 1.0546915405218739e-001 -9.9435642678718461e-001 -1.1469701414523942e-002 3.0749601529716635e+001 -1.0948151765400935e-002 1.0372241172158365e-002 -9.9988627082583159e-001 2.2284997096510497e+000 0.0000000000000000e+000 0.0000000000000000e+000 0.0000000000000000e+000 1.0000000000000000e+000</transform>
      </camera>
      <camera id="30" sensor_id="0" label="_DSC0996.JPG" enabled="1">
        <transform>9.9468806260128217e-001 1.0244511309376071e-001 -1.0032792318930223e-002 -2.7290595503800727e+001 1.0234881227418964e-001 -9.9470143170367409e-001 -9.6841309741122171e-003 3.0781309269991819e+001 -1.0971724776483232e-002 8.6058450989806266e-003 -9.9990277561649032e-001 2.1855992618427447e+000 0.0000000000000000e+000 0.0000000000000000e+000 0.0000000000000000e+000 1.0000000000000000e+000</transform>
      </camera>
      <camera id="31" sensor_id="0" label="_DSC0997.JPG" enabled="1">
        <transform>9.9483761135726456e-001 1.0105107722700778e-001 -9.3170177758281451e-003 -2.8377410743191000e+001 1.0095512480994313e-001 -9.9483816311754703e-001 -1.0251437924197072e-002 3.0817924154237211e+001 -1.0304843695204319e-002 9.2579153250702921e-003 -9.9990404599654026e-001 2.1346489317614701e+000 0.0000000000000000e+000 0.0000000000000000e+000 0.0000000000000000e+000 1.0000000000000000e+000</transform>
      </camera>
      <camera id="32" sensor_id="0" label="_DSC0998.JPG" enabled="1">
        <transform>9.9498593442220584e-001 9.9643031539847479e-002 -8.6172250474597298e-003 -2.9463238104702235e+001 9.9554997207735849e-002 -9.9498075015462839e-001 -1.0104917253524739e-002 3.0809185278310661e+001 -9.5808576305732515e-003 9.1963627202190975e-003 -9.9991181315143030e-001 2.1323616027126238e+000 0.0000000000000000e+000 0.0000000000000000e+000 0.0000000000000000e+000 1.0000000000000000e+000</transform>
      </camera>
      <camera id="33" sensor_id="0" label="_DSC0999.JPG" enabled="1">
        <transform>9.9525452154239025e-001 9.6956936533151822e-002 -8.2334565969278579e-003 -3.0489473537113597e+001 9.6877345626199457e-002 -9.9525030575438223e-001 -9.5712486244289800e-003 3.0875778486702377e+001 -9.1223491409296621e-003 8.7281930498304353e-003 -9.9992029751987532e-001 2.1374547858326434e+000 0.0000000000000000e+000 0.0000000000000000e+000 0.0000000000000000e+000 1.0000000000000000e+000</transform>
      </camera>
      <camera id="34" sensor_id="0" label="_DSC1000.JPG" enabled="1">
        <transform>9.9587491985921162e-001 9.0327409017354574e-002 -8.6083201393707936e-003 -3.1596334015289369e+001 9.0245945313591105e-002 -9.9587491772753800e-001 -9.4243087611643843e-003 3.0959057647014017e+001 -9.4240835027437301e-003 8.6085667437134986e-003 -9.9991853629620864e-001 2.1606810401591670e+000 0.0000000000000000e+000 0.0000000000000000e+000 0.0000000000000000e+000 1.0000000000000000e+000</transform>
      </camera>
      <camera id="35" sensor_id="0" label="_DSC1001.JPG" enabled="1">
        <transform>9.9600538815249262e-001 8.9031097094072920e-002 -6.8359726029946985e-003 -3.1448336971258975e+001 8.8966194106763485e-002 -9.9599146097529057e-001 -9.2750186233793910e-003 2.9165204842365664e+001 -7.6343354236511739e-003 8.6297980585940421e-003 -9.9993361955087157e-001 2.1331912997681926e+000 0.0000000000000000e+000 0.0000000000000000e+000 0.0000000000000000e+000 1.0000000000000000e+000</transform>
      </camera>
      <camera id="36" sensor_id="0" label="_DSC1002.JPG" enabled="1">
        <transform>9.9661501868649516e-001 8.2085965321261611e-002 -4.5165059276070221e-003 -3.0556580237234108e+001 8.2054383367679645e-002 -9.9660477292519500e-001 -6.7826803603321505e-003 2.9173874185236517e+001 -5.0579342292415208e-003 6.3891220051906835e-003 -9.9996679765947005e-001 2.1700378187736051e+000 0.0000000000000000e+000 0.0000000000000000e+000 0.0000000000000000e+000 1.0000000000000000e+000</transform>
      </camera>
      <camera id="37" sensor_id="0" label="_DSC1003.JPG" enabled="1">
        <transform>9.9601506270517748e-001 8.9083767468735517e-002 -4.2517335261042892e-003 -2.9389444671395228e+001 8.9049038509102493e-002 -9.9599703057768441e-001 -7.7578232152777137e-003 2.9058701663977445e+001 -4.9258100861808186e-003 7.3482959937240131e-003 -9.9996086870486267e-001 2.1307985080052330e+000 0.0000000000000000e+000 0.0000000000000000e+000 0.0000000000000000e+000 1.0000000000000000e+000</transform>
      </camera>
      <camera id="38" sensor_id="0" label="_DSC1004.JPG" enabled="1">
        <transform>9.9639476466855814e-001 8.4775698532925090e-002 -3.2486734745067326e-003 -2.8137067511017836e+001 8.4748086394346570e-002 -9.9637141197245838e-001 -7.8594692254674095e-003 2.8990029149014259e+001 -3.9031773705187722e-003 7.5558151290448525e-003 -9.9996383677818568e-001 2.1630960999953674e+000 0.0000000000000000e+000 0.0000000000000000e+000 0.0000000000000000e+000 1.0000000000000000e+000</transform>
      </camera>
      <camera id="39" sensor_id="0" label="_DSC1005.JPG" enabled="1">
        <transform>9.9650752171659285e-001 8.3431369341296358e-002 -3.4591577139497245e-003 -2.6966646117930189e+001 8.3402636331458058e-002 -9.9648577243196712e-001 -7.7527797355818120e-003 2.8932721002389062e+001 -4.0938264760902324e-003 7.4372004478895481e-003 -9.9996396366783213e-001 2.2098663090667103e+000 0.0000000000000000e+000 0.0000000000000000e+000 0.0000000000000000e+000 1.0000000000000000e+000</transform>
      </camera>
      <camera id="40" sensor_id="0" label="_DSC1006.JPG" enabled="1">
        <transform>9.9678354078259224e-001 8.0072426544030184e-002 -3.3135075477895822e-003 -2.5872796627507149e+001 8.0041994492884627e-002 -9.9675545481972760e-001 -8.4759898961125971e-003 2.8873615332037090e+001 -3.9814498011900229e-003 8.1835074673922842e-003 -9.9995858827404038e-001 2.2425543709392088e+000 0.0000000000000000e+000 0.0000000000000000e+000 0.0000000000000000e+000 1.0000000000000000e+000</transform>
      </camera>
      <camera id="41" sensor_id="0" label="_DSC1007.JPG" enabled="1">
        <transform>9.9650531473040238e-001 8.3438979504361493e-002 -3.8851529355640861e-003 -2.4779495024707465e+001 8.3405252161195292e-002 -9.9648232629658895e-001 -8.1570393198630419e-003 2.8810966470594654e+001 -4.5521012718752456e-003 7.8044908744328559e-003 -9.9995918331509981e-001 2.2514556505751084e+000 0.0000000000000000e+000 0.0000000000000000e+000 0.0000000000000000e+000 1.0000000000000000e+000</transform>
      </camera>
      <camera id="42" sensor_id="0" label="_DSC1008.JPG" enabled="1">
        <transform>9.9687460041085063e-001 7.8922167636974211e-002 -3.5103434572589286e-003 -2.3690356802176783e+001 7.8888560922151824e-002 -9.9684408812446179e-001 -8.8577043833134635e-003 2.8791297268609739e+001 -4.1983343528735739e-003 8.5530945739874017e-003 -9.9995460825072946e-001 2.2626060398152443e+000 0.0000000000000000e+000 0.0000000000000000e+000 0.0000000000000000e+000 1.0000000000000000e+000</transform>
      </camera>
      <camera id="43" sensor_id="0" label="_DSC1009.JPG" enabled="1">
        <transform>9.9695418731734919e-001 7.7922084542154699e-002 -3.2399276237974990e-003 -2.2661017314243669e+001 7.7887116184350139e-002 -9.9691406501066349e-001 -9.7951067579737389e-003 2.8743270119984036e+001 -3.9931845546745653e-003 9.5129240783187897e-003 -9.9994677796000342e-001 2.2498327745696272e+000 0.0000000000000000e+000 0.0000000000000000e+000 0.0000000000000000e+000 1.0000000000000000e+000</transform>
      </camera>
      <camera id="44" sensor_id="0" label="_DSC1010.JPG" enabled="1">
        <transform>9.9701973101561880e-001 7.7087210891082988e-002 -3.0360966019979995e-003 -2.1620069696836335e+001 7.7052558480533259e-002 -9.9697453005654080e-001 -1.0231796037043786e-002 2.8707284818091608e+001 -3.8156516018853573e-003 9.9673635216820725e-003 -9.9994304461168171e-001 2.2480270452455211e+000 0.0000000000000000e+000 0.0000000000000000e+000 0.0000000000000000e+000 1.0000000000000000e+000</transform>
      </camera>
      <camera id="45" sensor_id="0" label="_DSC1011.JPG" enabled="1">
        <transform>9.9702618476890237e-001 7.7021323096180302e-002 -2.5500340544943956e-003 -2.0576341988313469e+001 7.6993597873333555e-002 -9.9698531406025381e-001 -9.6056980327607466e-003 2.8675995958833429e+001 -3.2821900744300463e-003 9.3807961650905578e-003 -9.9995061272626073e-001 2.2817483790029982e+000 0.0000000000000000e+000 0.0000000000000000e+000 0.0000000000000000e+000 1.0000000000000000e+000</transform>
      </camera>
      <camera id="46" sensor_id="0" label="_DSC1012.JPG" enabled="1">
        <transform>9.9717047781313284e-001 7.5120788067664382e-002 -2.8116504089113242e-003 -1.9571523260287886e+001 7.5088706974955857e-002 -9.9712505508660665e-001 -1.0164182375423174e-002 2.8640908869848673e+001 -3.5671084589752378e-003 9.9242994022097891e-003 -9.9994439046309835e-001 2.2758866289404835e+000 0.0000000000000000e+000 0.0000000000000000e+000 0.0000000000000000e+000 1.0000000000000000e+000</transform>
      </camera>
      <camera id="47" sensor_id="0" label="_DSC1013.JPG" enabled="1">
        <transform>9.9692936989427294e-001 7.8271047984237757e-002 -2.3397627353359640e-003 -1.8605583394846498e+001 7.8243975102229996e-002 -9.9688393256208185e-001 -1.0015256350198568e-002 2.8572072176790169e+001 -3.1163764872247633e-003 9.8014308653243190e-003 -9.9994710867654502e-001 2.2854151106200162e+000 0.0000000000000000e+000 0.0000000000000000e+000 0.0000000000000000e+000 1.0000000000000000e+000</transform>
      </camera>
      <camera id="48" sensor_id="0" label="_DSC1014.JPG" enabled="1">
        <transform>9.9701596595004571e-001 7.7150274642256503e-002 -2.6455175905669218e-003 -1.7584392144238802e+001 7.7121112295337593e-002 -9.9697391863224549e-001 -9.7642001922713991e-003 2.8510609428683953e+001 -3.3908227655737519e-003 9.5310382272456879e-003 -9.9994882950643194e-001 2.2838079728400933e+000 0.0000000000000000e+000 0.0000000000000000e+000 0.0000000000000000e+000 1.0000000000000000e+000</transform>
      </camera>
      <camera id="49" sensor_id="0" label="_DSC1015.JPG" enabled="1">
        <transform>9.9715808760332214e-001 7.5297233683486967e-002 -2.4647366796096293e-003 -1.6537734325928582e+001 7.5273698412925291e-002 -9.9712626033737650e-001 -8.5493434156312526e-003 2.8440277311626875e+001 -3.1013955770626796e-003 8.3395170851067041e-003 -9.9996041611668895e-001 2.2920544691636979e+000 0.0000000000000000e+000 0.0000000000000000e+000 0.0000000000000000e+000 1.0000000000000000e+000</transform>
      </camera>
      <camera id="50" sensor_id="0" label="_DSC1016.JPG" enabled="1">
        <transform>9.9748160273170017e-001 7.0891878499530964e-002 -2.1894690239971032e-003 -1.5490611866876550e+001 7.0866328237850218e-002 -9.9743452503070706e-001 -1.0115918092446394e-002 2.8382467631728886e+001 -2.9009884323409132e-003 9.9352825614348449e-003 -9.9994643577870701e-001 2.2515892560945847e+000 0.0000000000000000e+000 0.0000000000000000e+000 0.0000000000000000e+000 1.0000000000000000e+000</transform>
      </camera>
      <camera id="51" sensor_id="0" label="_DSC1017.JPG" enabled="1">
        <transform>9.9726338845657159e-001 7.3898325810585863e-002 -2.1843732533322231e-003 -1.4499385776938700e+001 7.3874139142956263e-002 -9.9722121548909959e-001 -9.6155574112976802e-003 2.8350838051991744e+001 -2.8888769452003081e-003 9.4278746722326057e-003 -9.9995138360280300e-001 2.2478385081637415e+000 0.0000000000000000e+000 0.0000000000000000e+000 0.0000000000000000e+000 1.0000000000000000e+000</transform>
      </camera>
      <camera id="52" sensor_id="0" label="_DSC1018.JPG" enabled="1">
        <transform>9.9759059404151618e-001 6.9360780386252138e-002 -1.4452764810282252e-003 -1.3391376499896669e+001 6.9342088284826117e-002 -9.9753863828094769e-001 -1.0408646832902187e-002 2.8342970896034089e+001 -2.1636709999193625e-003 1.0283349687859789e-002 -9.9994478409910281e-001 2.2379541044851452e+000 0.0000000000000000e+000 0.0000000000000000e+000 0.0000000000000000e+000 1.0000000000000000e+000</transform>
      </camera>
      <camera id="53" sensor_id="0" label="_DSC1019.JPG" enabled="1">
        <transform>9.9760278427055904e-001 6.9166581858857296e-002 -2.1607335769632027e-003 -1.2343225100737316e+001 6.9141167122824060e-002 -9.9755477100907264e-001 -1.0196952776710861e-002 2.8344522640271236e+001 -2.8607384575204163e-003 1.0023112839769453e-002 -9.9994567521664846e-001 2.2119111751782290e+000 0.0000000000000000e+000 0.0000000000000000e+000 0.0000000000000000e+000 1.0000000000000000e+000</transform>
      </camera>
      <camera id="54" sensor_id="0" label="_DSC1020.JPG" enabled="1">
        <transform>9.9752514612204657e-001 7.0288652254617168e-002 -1.7573327569973811e-003 -1.1317269184666580e+001 7.0262197190200409e-002 -9.9745420334989410e-001 -1.2179321230408326e-002 2.8333486874892447e+001 -2.6089270198129430e-003 1.2025705129329463e-002 -9.9992428509160014e-001 2.1739620105345829e+000 0.0000000000000000e+000 0.0000000000000000e+000 0.0000000000000000e+000 1.0000000000000000e+000</transform>
      </camera>
      <camera id="55" sensor_id="0" label="_DSC1021.JPG" enabled="1">
        <transform>9.9758609683200006e-001 6.9429815222795510e-002 -1.2166205751457542e-003 -1.0274913401078361e+001 6.9412544084342692e-002 -9.9752866344932534e-001 -1.0884131602560460e-002 2.8267737074115690e+001 -1.9692971422764559e-003 1.0773409633497889e-002 -9.9994002595837428e-001 2.1759417667375516e+000 0.0000000000000000e+000 0.0000000000000000e+000 0.0000000000000000e+000 1.0000000000000000e+000</transform>
      </camera>
      <camera id="56" sensor_id="0" label="_DSC1022.JPG" enabled="1">
        <transform>9.9772241649558036e-001 6.7442481665252060e-002 -1.2211834636619034e-003 -9.2135618957265617e+000 6.7424544036022868e-002 -9.9766087510606183e-001 -1.1256515630567503e-002 2.8201397601308003e+001 -1.9774943120511581e-003 1.1148540238028345e-002 -9.9993589772885283e-001 2.1703226651889027e+000 0.0000000000000000e+000 0.0000000000000000e+000 0.0000000000000000e+000 1.0000000000000000e+000</transform>
      </camera>
      <camera id="57" sensor_id="0" label="_DSC1023.JPG" enabled="1">
        <transform>9.9778340812129818e-001 6.6536399992791206e-002 -1.0853358220799460e-003 -8.1506889397356197e+000 6.6519673140385621e-002 -9.9771938500847901e-001 -1.1452592003504502e-002 2.8138111971640296e+001 -1.8448748314326933e-003 1.1355010096947135e-002 -9.9993382790190399e-001 2.1686115321045163e+000 0.0000000000000000e+000 0.0000000000000000e+000 0.0000000000000000e+000 1.0000000000000000e+000</transform>
      </camera>
      <camera id="58" sensor_id="0" label="_DSC1024.JPG" enabled="1">
        <transform>9.9759317900931688e-001 6.9328370789408039e-002 -1.1942352247122897e-003 -7.1203501521919046e+000 6.9309395672147556e-002 -9.9752459851920838e-001 -1.1869415345911561e-002 2.8091597561484424e+001 -2.0141662412234695e-003 1.1758076066194681e-002 -9.9992884285911776e-001 2.1710299624639151e+000 0.0000000000000000e+000 0.0000000000000000e+000 0.0000000000000000e+000 1.0000000000000000e+000</transform>
      </camera>
      <camera id="59" sensor_id="0" label="_DSC1025.JPG" enabled="1">
        <transform>9.9724359816942898e-001 7.4196121747872601e-002 -3.7606869805729390e-004 -6.0223928954125974e+000 7.4189113784205951e-002 -9.9719803635819226e-001 -9.5943566370842396e-003 2.8030049978197475e+001 -1.0868790203761272e-003 9.5400105314557785e-003 -9.9995390238403226e-001 2.1966211682496248e+000 0.0000000000000000e+000 0.0000000000000000e+000 0.0000000000000000e+000 1.0000000000000000e+000</transform>
      </camera>
      <camera id="60" sensor_id="0" label="_DSC1026.JPG" enabled="1">
        <transform>9.9841069719782471e-001 5.6290743980652085e-002 -2.7261443574912361e-003 -6.1243930964002047e+000 5.6249392722177209e-002 -9.9832669253118544e-001 -1.3409727742579432e-002 2.6076422737488205e+001 -3.4764262309845660e-003 1.3235071660119873e-002 -9.9990636928605070e-001 2.0741408611305441e+000 0.0000000000000000e+000 0.0000000000000000e+000 0.0000000000000000e+000 1.0000000000000000e+000</transform>
      </camera>
      <camera id="61" sensor_id="0" label="_DSC1027.JPG" enabled="1">
        <transform>9.9750713186902362e-001 7.0333137872619161e-002 -5.7246473625308016e-003 -7.2120244388298742e+000 7.0248048550420689e-002 -9.9743255988814084e-001 -1.3910433129421364e-002 2.6051475815448637e+001 -6.6883140844254327e-003 1.3473610948127853e-002 -9.9988685773077679e-001 2.0936351796255681e+000 0.0000000000000000e+000 0.0000000000000000e+000 0.0000000000000000e+000 1.0000000000000000e+000</transform>
      </camera>
      <camera id="62" sensor_id="0" label="_DSC1028.JPG" enabled="1">
        <transform>9.9775948080394794e-001 6.6601830270801063e-002 -6.3415037976068990e-003 -8.6398330389623084e+000 6.6515365289418107e-002 -9.9770085887432747e-001 -1.2988548103795402e-002 2.6090288254410524e+001 -7.1919848617003294e-003 1.2537639570857951e-002 -9.9989553601750836e-001 2.0793412959581588e+000 0.0000000000000000e+000 0.0000000000000000e+000 0.0000000000000000e+000 1.0000000000000000e+000</transform>
      </camera>
      <camera id="63" sensor_id="0" label="_DSC1029.JPG" enabled="1">
        <transform>9.9776911357951237e-001 6.6431892103944901e-002 -6.6030067578614158e-003 -9.8029636765461952e+000 6.6346975935695413e-002 -9.9772029799739614e-001 -1.2340411183392290e-002 2.6287628207227218e+001 -7.4077507343857443e-003 1.1874791597192957e-002 -9.9990205247993191e-001 2.1035937001031644e+000 0.0000000000000000e+000 0.0000000000000000e+000 0.0000000000000000e+000 1.0000000000000000e+000</transform>
      </camera>
      <camera id="64" sensor_id="0" label="_DSC1030.JPG" enabled="1">
        <transform>9.9800104779624421e-001 6.2866856466607918e-002 -6.4549946247891010e-003 -1.0949539801509779e+001 6.2789367497757403e-002 -9.9795964910805490e-001 -1.1577308899715597e-002 2.6411467555490084e+001 -7.1696531876169148e-003 1.1148861382885013e-002 -9.9991214562232145e-001 2.1223080680909074e+000 0.0000000000000000e+000 0.0000000000000000e+000 0.0000000000000000e+000 1.0000000000000000e+000</transform>
      </camera>
      <camera id="65" sensor_id="0" label="_DSC1031.JPG" enabled="1">
        <transform>9.9793046806726671e-001 6.3998184759545537e-002 -6.2460587996887966e-003 -1.2124085454161811e+001 6.3924863998769219e-002 -9.9789066196237208e-001 -1.1306570259707757e-002 2.6512240685812635e+001 -6.9564837227549126e-003 1.0883892492207177e-002 -9.9991657062898653e-001 2.1459269715737355e+000 0.0000000000000000e+000 0.0000000000000000e+000 0.0000000000000000e+000 1.0000000000000000e+000</transform>
      </camera>
      <camera id="66" sensor_id="0" label="_DSC1032.JPG" enabled="1">
        <transform>9.9794712282896603e-001 6.3727851848272982e-002 -6.3483018353883399e-003 -1.3227891827325761e+001 6.3657252736679881e-002 -9.9791377596535047e-001 -1.0763359726159646e-002 2.6609486155874979e+001 -7.0209836495385139e-003 1.0337148416310143e-002 -9.9992192152748216e-001 2.1366619797669841e+000 0.0000000000000000e+000 0.0000000000000000e+000 0.0000000000000000e+000 1.0000000000000000e+000</transform>
      </camera>
      <camera id="67" sensor_id="0" label="_DSC1033.JPG" enabled="1">
        <transform>9.9797395778653497e-001 6.3385008774102372e-002 -5.5063819870268269e-003 -1.4237370218305692e+001 6.3326390009096081e-002 -9.9794036188003177e-001 -1.0237307222462555e-002 2.6668922281605592e+001 -6.1439326409022102e-003 9.8678667126281105e-003 -9.9993243636670071e-001 2.1321529090641094e+000 0.0000000000000000e+000 0.0000000000000000e+000 0.0000000000000000e+000 1.0000000000000000e+000</transform>
      </camera>
      <camera id="68" sensor_id="0" label="_DSC1034.JPG" enabled="1">
        <transform>9.9804009725473453e-001 6.2352847555004330e-002 -5.2996861739918908e-003 -1.5307370902531968e+001 6.2295534239554522e-002 -9.9800389952818336e-001 -1.0367397954558268e-002 2.6684476708125523e+001 -5.9355442521221409e-003 1.0016932081335061e-002 -9.9993221289550871e-001 2.1102931227146282e+000 0.0000000000000000e+000 0.0000000000000000e+000 0.0000000000000000e+000 1.0000000000000000e+000</transform>
      </camera>
      <camera id="69" sensor_id="0" label="_DSC1035.JPG" enabled="1">
        <transform>9.9814515329481646e-001 6.0675487138644062e-002 -4.9737525628157078e-003 -1.6316823159686379e+001 6.0626529313876763e-002 -9.9811564358950500e-001 -9.4649862790134737e-003 2.6754087406150024e+001 -5.5386728935294749e-003 9.1458888248497211e-003 -9.9994283627624536e-001 2.0714127427910491e+000 0.0000000000000000e+000 0.0000000000000000e+000 0.0000000000000000e+000 1.0000000000000000e+000</transform>
      </camera>
      <camera id="70" sensor_id="0" label="_DSC1036.JPG" enabled="1">
        <transform>9.9820332619146801e-001 5.9747282927668920e-002 -4.5146166007529430e-003 -1.7317045716719203e+001 5.9702055056154175e-002 -9.9817041797991091e-001 -9.5645852958704414e-003 2.6816969520871844e+001 -5.0778147231508031e-003 9.2778689671242972e-003 -9.9994406690827775e-001 2.0307168103877125e+000 0.0000000000000000e+000 0.0000000000000000e+000 0.0000000000000000e+000 1.0000000000000000e+000</transform>
      </camera>
      <camera id="71" sensor_id="0" label="_DSC1037.JPG" enabled="1">
        <transform>9.9821968460975308e-001 5.9481211116547611e-002 -4.4098505318903615e-003 -1.8332515120721538e+001 5.9438442164791452e-002 -9.9818895904391414e-001 -9.2668028925813918e-003 2.6852143396401175e+001 -4.9530647711959579e-003 8.9881904149782046e-003 -9.9994733840459638e-001 1.9988072840638431e+000 0.0000000000000000e+000 0.0000000000000000e+000 0.0000000000000000e+000 1.0000000000000000e+000</transform>
      </camera>
      <camera id="72" sensor_id="0" label="_DSC1038.JPG" enabled="1">
        <transform>9.9822502833160298e-001 5.9432397306110628e-002 -3.8187645670879852e-003 -1.9352251692910752e+001 5.9396878330315699e-002 -9.9819544371791669e-001 -8.8242271845871394e-003 2.6894651003776357e+001 -4.3363183674524136e-003 8.5817417369755521e-003 -9.9995377395746443e-001 1.9882358781027281e+000 0.0000000000000000e+000 0.0000000000000000e+000 0.0000000000000000e+000 1.0000000000000000e+000</transform>
      </camera>
      <camera id="73" sensor_id="0" label="_DSC1039.JPG" enabled="1">
        <transform>9.9836902513321180e-001 5.6957873235176482e-002 -3.8846275350278466e-003 -2.0368576214073055e+001 5.6920043318445399e-002 -9.9833599754640012e-001 -9.2382179916089199e-003 2.6932500828922645e+001 -4.4043527545632264e-003 9.0020375226808856e-003 -9.9994978123766476e-001 1.9733907742387353e+000 0.0000000000000000e+000 0.0000000000000000e+000 0.0000000000000000e+000 1.0000000000000000e+000</transform>
      </camera>
      <camera id="74" sensor_id="0" label="_DSC1040.JPG" enabled="1">
        <transform>9.9843547122451881e-001 5.5761074415072026e-002 -4.1608149140843053e-003 -2.1415501113822444e+001 5.5721199711193561e-002 -9.9840441916310474e-001 -9.1522509979150204e-003 2.6955801822320552e+001 -4.6645153465016808e-003 8.9060864390793550e-003 -9.9994946068334967e-001 1.9602410902257994e+000 0.0000000000000000e+000 0.0000000000000000e+000 0.0000000000000000e+000 1.0000000000000000e+000</transform>
      </camera>
      <camera id="75" sensor_id="0" label="_DSC1041.JPG" enabled="1">
        <transform>9.9837990314419844e-001 5.6782740446034638e-002 -3.6454609061955510e-003 -2.2465485576738104e+001 5.6749797302797458e-002 -9.9835155816630017e-001 -8.5806067974227643e-003 2.6996819106353044e+001 -4.1266819445821981e-003 8.3598262158275233e-003 -9.9995654095654052e-001 1.9463572993509957e+000 0.0000000000000000e+000 0.0000000000000000e+000 0.0000000000000000e+000 1.0000000000000000e+000</transform>
      </camera>
      <camera id="76" sensor_id="0" label="_DSC1042.JPG" enabled="1">
        <transform>9.9845962318176629e-001 5.5367456126397617e-002 -3.5812955500985582e-003 -2.3506206056799389e+001 5.5338505427760649e-002 -9.9843770800086984e-001 -7.7325971698648721e-003 2.7025738993645835e+001 -4.0038347552597189e-003 7.5225025132021261e-003 -9.9996368997238672e-001 1.9404935700568211e+000 0.0000000000000000e+000 0.0000000000000000e+000 0.0000000000000000e+000 1.0000000000000000e+000</transform>
      </camera>
      <camera id="77" sensor_id="0" label="_DSC1043.JPG" enabled="1">
        <transform>9.9857893890042448e-001 5.3198278597126898e-002 -3.1695329000421060e-003 -2.4528375854300833e+001 5.3173132059557031e-002 -9.9855676358082368e-001 -7.5503598568461283e-003 2.7048927852069824e+001 -3.5666246619020514e-003 7.3710963427047194e-003 -9.9996647250156723e-001 1.9426145479863040e+000 0.0000000000000000e+000 0.0000000000000000e+000 0.0000000000000000e+000 1.0000000000000000e+000</transform>
      </camera>
      <camera id="78" sensor_id="0" label="_DSC1044.JPG" enabled="1">
        <transform>9.9855296419241169e-001 5.3696711874452636e-002 -2.9395299657093451e-003 -2.5545085546130995e+001 5.3672955834788365e-002 -9.9852935176090529e-001 -7.6385524743370452e-003 2.7111263129679724e+001 -3.3453721024938724e-003 7.4697259533639867e-003 -9.9996650527889053e-001 1.9640028646365704e+000 0.0000000000000000e+000 0.0000000000000000e+000 0.0000000000000000e+000 1.0000000000000000e+000</transform>
      </camera>
      <camera id="79" sensor_id="0" label="_DSC1045.JPG" enabled="1">
        <transform>9.9868900515941028e-001 5.1091356887879087e-002 -3.1534465372228758e-003 -2.6554620462051986e+001 5.1062332909805878e-002 -9.9865770599221726e-001 -8.6847233790352269e-003 2.7212396849769885e+001 -3.5929279864628945e-003 8.5123154145964105e-003 -9.9995731476636873e-001 1.9921106419137511e+000 0.0000000000000000e+000 0.0000000000000000e+000 0.0000000000000000e+000 1.0000000000000000e+000</transform>
      </camera>
      <camera id="80" sensor_id="0" label="_DSC1046.JPG" enabled="1">
