<?xml version="1.0" encoding="UTF-8"?>
<document version="1.5.0">
  <chunk label="SonyA9" enabled="true">
    <sensors next_id="1">
      <sensor id="0" label="SonyA9" type="frame">
        <resolution width="6000" height="4000"/>
        <property name="pixel_width" value="0.006"/>
        <property name="pixel_height" value="0.006"/>
        <property name="focal_length" value="55"/>
        <property name="fixed" value="true"/>
        <property name="layer_index" value="0"/>
        <calibration type="frame" class="initial">
          <resolution width="6000" height="4000"/>
          <f>9227.77018581081</f>
          <cx>-37.8304617831239</cx>
          <cy>31.7622333680372</cy>
          <k1>-0.017282082281574</k1>
        </calibration>
      </sensor>
    </sensors>
    <cameras next_id="604" next_group_id="0">
      <camera id="0" sensor_id="0" label="DSC00005.JPG">
        <transform>9.9503913948845613e-01 9.8950826388142760e-02 1.0288092300098422e-02 -2.5965331835878214e+01 9.8722320459242077e-02 -9.9489866921566350e-01 2.0749492428589294e-02 1.7396964331116816e+01 1.2288788761079259e-02 -1.9630892746001157e-02 -9.9973177088696175e-01 5.7118070354756811e-01 0 0 0 1</transform>
        <rotation_covariance>1.0972895655954235e-08 -6.5854252554585151e-11 8.4469921938917094e-11 -6.5854252554585151e-11 5.7193509481159241e-09 -1.3331214064064986e-10 8.4469921938917068e-11 -1.3331214064064988e-10 2.4722851762901908e-10</rotation_covariance>
        <location_covariance>2.3757252313472150e-06 -2.2637787886122015e-09 -5.8954416121936865e-07 -2.2637787886122015e-09 3.9129403943504980e-06 -5.8677186707007308e-07 -5.8954416121936865e-07 -5.8677186707007308e-07 3.3328244049188530e-06</location_covariance>
      </camera>
      <camera id="1" sensor_id="0" label="DSC00006.JPG">
        <transform>9.9749688262260339e-01 7.0182356784791108e-02 8.6258886104559791e-03 -2.5449250571173490e+01 7.0033824577465500e-02 -9.9740881373575485e-01 1.6459699185759180e-02 1.7334920044188397e+01 9.7587178071969483e-03 -1.5814394656931047e-02 -9.9982732126522444e-01 6.3520579908561448e-01 0 0 0 1</transform>
        <rotation_covariance>1.0532393386269527e-08 -1.8425568211536331e-10 6.2707939323058143e-11 -1.8425568211536338e-10 5.3729678954845692e-09 -9.4066684053280697e-11 6.2707939323058143e-11 -9.4066684053280697e-11 2.3205961142491760e-10</rotation_covariance>
        <location_covariance>2.1956524744814914e-06 2.4754857333547234e-08 -5.8515321187055412e-07 2.4754857333547234e-08 3.7649824820577902e-06 -5.9825797734074831e-07 -5.8515321187055412e-07 -5.9825797734074831e-07 3.2432914045124322e-06</location_covariance>
      </camera>
      <camera id="2" sensor_id="0" label="DSC00007.JPG">
        <transform>9.9902503506445184e-01 4.2839437593985882e-02 1.0665922421505315e-02 -2.3834145225507392e+01 4.2720193144380060e-02 -9.9902465992527079e-01 1.1167540414227350e-02 1.7209112808153829e+01 1.1133930670587277e-02 -1.0701002187997521e-02 -9.9988075496030770e-01 6.4383306541785634e-01 0 0 0 1</transform>
        <rotation_covariance>1.0767792499196048e-08 -4.3920058900439397e-10 4.4894989780079686e-11 -4.3920058900439392e-10 5.0453196352924375e-09 -4.1378038580368628e-11 4.4894989780079737e-11 -4.1378038580368615e-11 2.0949471197613457e-10</rotation_covariance>
        <location_covariance>1.9295722496136455e-06 -1.0918372068028599e-08 -5.0954427158498491e-07 -1.0918372068028599e-08 3.8549894781905770e-06 -5.9777790166368282e-07 -5.0954427158498491e-07 -5.9777790166368282e-07 2.9785368373824274e-06</location_covariance>
      </camera>
      <camera id="3" sensor_id="0" label="DSC00008.JPG">
        <transform>9.9971262208199119e-01 2.1008460601810015e-02 1.1546334184150119e-02 -2.2435664117977474e+01 2.0884376587271290e-02 -9.9972394996973257e-01 1.0764138213398541e-02 1.7173585571659864e+01 1.1769284791817727e-02 -1.0519906846465088e-02 -9.9987539998513320e-01 6.2843908640364732e-01 0 0 0 1</transform>
        <rotation_covariance>1.0803846156389648e-08 -5.6703617230484410e-10 4.2478296731302383e-11 -5.6703617230484410e-10 4.8788480536757257e-09 -3.6139592287651490e-11 4.2478296731302389e-11 -3.6139592287651477e-11 2.0080175822997021e-10</rotation_covariance>
        <location_covariance>1.7487219756602512e-06 3.3793909282387245e-09 -4.3043558505260467e-07 3.3793909282387245e-09 3.8605543964680409e-06 -6.1824329575453568e-07 -4.3043558505260467e-07 -6.1824329575453568e-07 2.7784845905368342e-06</location_covariance>
      </camera>
      <camera id="4" sensor_id="0" label="DSC00009.JPG">
        <transform>9.9975855347274800e-01 1.8522191764981332e-02 1.1822147448757118e-02 -2.0867238675283264e+01 1.8409880157224782e-02 -9.9978501622558513e-01 9.5392684941862926e-03 1.7280377360646717e+01 1.1996294039223849e-02 -9.3193209532031474e-03 -9.9988461293606079e-01 6.4223780732584290e-01 0 0 0 1</transform>
        <rotation_covariance>1.0735246057715375e-08 -4.1954386370198827e-10 5.7533213436110487e-11 -4.1954386370198827e-10 4.7396873226223948e-09 -3.2513554506093096e-11 5.7533213436110499e-11 -3.2513554506093096e-11 1.9438453691187598e-10</rotation_covariance>
        <location_covariance>1.5887223546617857e-06 8.4571279602872090e-08 -3.4323226655179665e-07 8.4571279602872090e-08 3.8353812852072202e-06 -6.5370118221654337e-07 -3.4323226655179665e-07 -6.5370118221654337e-07 2.5989481795091661e-06</location_covariance>
      </camera>
      <camera id="5" sensor_id="0" label="DSC00010.JPG">
        <transform>9.9975245803569024e-01 1.8527534663892373e-02 1.2318811260575151e-02 -1.9448975897470920e+01 1.8438291225746348e-02 -9.9980321128690330e-01 7.3190243249979248e-03 1.7368275579356578e+01 1.2451990534447581e-02 -7.0900747297621969e-03 -9.9989733411588622e-01 6.0297943347317717e-01 0 0 0 1</transform>
        <rotation_covariance>1.0480658760240159e-08 -4.3851313255611104e-10 7.2500551260458053e-11 -4.3851313255611109e-10 4.6489116831136198e-09 -2.9279042582541614e-11 7.2500551260458053e-11 -2.9279042582541614e-11 1.9000699033052845e-10</rotation_covariance>
        <location_covariance>1.4884723725334922e-06 9.3418885397134181e-08 -2.7178146306484638e-07 9.3418885397134181e-08 3.7093230950236126e-06 -6.9716355543540078e-07 -2.7178146306484638e-07 -6.9716355543540078e-07 2.4409183181163408e-06</location_covariance>
      </camera>
      <camera id="6" sensor_id="0" label="DSC00011.JPG">
        <transform>9.9976452349246525e-01 1.8218756210928718e-02 1.1788744123534497e-02 -1.8204081081453985e+01 1.8140819360214357e-02 -9.9981309571303645e-01 6.6846326492747132e-03 1.7438048331313063e+01 1.1908326449316635e-02 -6.4692010976957204e-03 -9.9990816638246049e-01 6.3817626531939919e-01 0 0 0 1</transform>
        <rotation_covariance>1.0607475017704732e-08 -4.9772273427182629e-10 7.3624992385004598e-11 -4.9772273427182618e-10 4.6084691582912958e-09 -2.7322932846605284e-11 7.3624992385004598e-11 -2.7322932846605293e-11 1.8825411100905509e-10</rotation_covariance>
        <location_covariance>1.4380125145600316e-06 8.2878068967834978e-08 -2.1015793494397602e-07 8.2878068967834978e-08 3.7604994287192507e-06 -7.3227909502849074e-07 -2.1015793494397602e-07 -7.3227909502849074e-07 2.3193438169781664e-06</location_covariance>
      </camera>
      <camera id="7" sensor_id="0" label="DSC00012.JPG">
        <transform>9.9976379744492472e-01 1.8253305824411988e-02 1.1796870135044320e-02 -1.6961916253171090e+01 1.8203468912821718e-02 -9.9982497788328206e-01 4.3182543041534183e-03 1.7495413877690432e+01 1.1873627838303927e-02 -4.1024903626816489e-03 -9.9992109015400876e-01 6.4101342487993962e-01 0 0 0 1</transform>
        <rotation_covariance>1.0727998967236354e-08 -5.0051645400886616e-10 7.2243277672529761e-11 -5.0051645400886627e-10 4.5917858735834696e-09 -2.2879028599148793e-11 7.2243277672529748e-11 -2.2879028599148790e-11 1.8720722098654349e-10</rotation_covariance>
        <location_covariance>1.4072395725362591e-06 8.7564355372411184e-08 -1.5399642312099050e-07 8.7564355372411184e-08 3.7996662329091685e-06 -7.7243574777775442e-07 -1.5399642312099050e-07 -7.7243574777775442e-07 2.2009498268231802e-06</location_covariance>
      </camera>
      <camera id="8" sensor_id="0" label="DSC00013.JPG">
        <transform>9.9975845309620470e-01 1.8435505749854201e-02 1.1965265999178871e-02 -1.5627259072380053e+01 1.8405407112043772e-02 -9.9982717133910981e-01 2.6207710837374554e-03 1.7554549746634102e+01 1.2011513298662338e-02 -2.3999124526777882e-03 -9.9992497917018541e-01 6.0178201657667096e-01 0 0 0 1</transform>
        <rotation_covariance>1.0845740164221255e-08 -4.4321475432455569e-10 7.4714332766701560e-11 -4.4321475432455559e-10 4.6486575818532877e-09 -1.7599131028050824e-11 7.4714332766701560e-11 -1.7599131028050824e-11 1.8773295562050958e-10</rotation_covariance>
        <location_covariance>1.4040432278045774e-06 1.1419710390323840e-07 -1.0323864656066347e-07 1.1419710390323840e-07 3.8233261030636687e-06 -7.9993458565404999e-07 -1.0323864656066347e-07 -7.9993458565404999e-07 2.0784663998894581e-06</location_covariance>
      </camera>
      <camera id="9" sensor_id="0" label="DSC00014.JPG">
        <transform>9.9978103110178540e-01 1.7797264926536716e-02 1.1006689338125901e-02 -1.4380854730227199e+01 1.7778095080229976e-02 -9.9984026951906202e-01 1.8370583462087448e-03 1.7542120135297086e+01 1.1037625848417373e-02 -1.6409781179946570e-03 -9.9993773706488664e-01 5.3877357614650789e-01 0 0 0 1</transform>
        <rotation_covariance>1.0841846520445373e-08 -3.0760803174191493e-10 5.5361752798097220e-11 -3.0760803174191483e-10 4.6889704040512233e-09 -1.6729797104884530e-11 5.5361752798097227e-11 -1.6729797104884530e-11 1.8789947674392703e-10</rotation_covariance>
        <location_covariance>1.4007082305759464e-06 1.6705113705239841e-07 -6.0182553239949714e-08 1.6705113705239841e-07 3.7968553231381331e-06 -8.2142307527372583e-07 -6.0182553239949714e-08 -8.2142307527372583e-07 1.9591286998206797e-06</location_covariance>
      </camera>
      <camera id="10" sensor_id="0" label="DSC00015.JPG">
        <transform>9.9979034617834439e-01 1.7400384599732269e-02 1.0793067421610717e-02 -1.3244999096498193e+01 1.7384339175193879e-02 -9.9984763463791337e-01 1.5786894603577414e-03 1.7579319593654958e+01 1.0818892735758761e-02 -1.3907281372811543e-03 -9.9994050694789849e-01 5.7719862314916670e-01 0 0 0 1</transform>
        <rotation_covariance>1.1032420307679562e-08 -2.1620596043772476e-10 4.3033519878914221e-11 -2.1620596043772476e-10 4.7568010915184741e-09 -2.2259261260516652e-11 4.3033519878914241e-11 -2.2259261260516656e-11 1.8970237460668514e-10</rotation_covariance>
        <location_covariance>1.4246924622726507e-06 2.0640011897474098e-07 -2.4787965562486293e-08 2.0640011897474098e-07 3.8797407118610999e-06 -8.5499040395512239e-07 -2.4787965562486293e-08 -8.5499040395512239e-07 1.8757546029481466e-06</location_covariance>
      </camera>
      <camera id="11" sensor_id="0" label="DSC00016.JPG">
        <transform>9.9979902942035448e-01 1.6723869907489378e-02 1.1054996401374959e-02 -1.1943955923717835e+01 1.6733432194164830e-02 -9.9985968748617382e-01 -7.7303755019708653e-04 1.7575648935873652e+01 1.1040517067616442e-02 9.5787022508156405e-04 -9.9993859284833653e-01 5.4536483683523285e-01 0 0 0 1</transform>
        <rotation_covariance>1.1005959939984504e-08 -1.8068713253722744e-10 3.6238915052820454e-11 -1.8068713253722746e-10 4.7067707373518212e-09 -2.1717269226112222e-11 3.6238915052820467e-11 -2.1717269226112222e-11 1.8824366592116586e-10</rotation_covariance>
        <location_covariance>1.4039591316226597e-06 2.2218457111096333e-07 9.9255239929712804e-09 2.2218457111096333e-07 3.8525175604278314e-06 -8.9021495254378869e-07 9.9255239929712804e-09 -8.9021495254378869e-07 1.7717965452368128e-06</location_covariance>
      </camera>
      <camera id="12" sensor_id="0" label="DSC00017.JPG">
        <transform>9.9980737045996682e-01 1.6431880042367172e-02 1.0733838651648633e-02 -1.0683607736604351e+01 1.6439508077451981e-02 -9.9986466818856301e-01 -6.2280201089753850e-04 1.7592287299571737e+01 1.0722152213887034e-02 7.9914106804918061e-04 -9.9994219674211926e-01 5.2591756635025333e-01 0 0 0 1</transform>
        <rotation_covariance>1.1026279493519728e-08 -2.2657679580559383e-10 2.7476711571163663e-11 -2.2657679580559383e-10 4.6278106494195791e-09 -2.5300667464740263e-11 2.7476711571163641e-11 -2.5300667464740263e-11 1.8737491534040074e-10</rotation_covariance>
        <location_covariance>1.3823455667925537e-06 2.0242443916750645e-07 4.1577924338020368e-08 2.0242443916750645e-07 3.8506789809539368e-06 -9.2887334710687565e-07 4.1577924338020368e-08 -9.2887334710687565e-07 1.6841225982568500e-06</location_covariance>
      </camera>
      <camera id="13" sensor_id="0" label="DSC00018.JPG">
        <transform>9.9981330949688707e-01 1.5741249215589542e-02 1.1205321325790465e-02 -9.6912998768503424e+00 1.5749086175129875e-02 -9.9987578846492287e-01 -6.1149513241195367e-04 1.7593747053134429e+01 1.1194303798354141e-02 7.8785454325792730e-04 -9.9993703144132462e-01 5.3046420552721618e-01 0 0 0 1</transform>
        <rotation_covariance>1.0900661135279466e-08 -5.2516285123132792e-11 2.4014147465772749e-11 -5.2516285123132811e-11 4.6055028106138832e-09 -3.6002335057116888e-11 2.4014147465772762e-11 -3.6002335057116888e-11 1.8726679393209011e-10</rotation_covariance>
        <location_covariance>1.3808926181516444e-06 2.6783108589998140e-07 6.1224746698945144e-08 2.6783108589998140e-07 3.8093430335736525e-06 -9.6490712894996597e-07 6.1224746698945144e-08 -9.6490712894996597e-07 1.6205312081831619e-06</location_covariance>
      </camera>
      <camera id="14" sensor_id="0" label="DSC00019.JPG">
        <transform>9.9982407412128627e-01 1.5135562842334442e-02 1.1078607537026086e-02 -8.4922482230634451e+00 1.5146077718312435e-02 -9.9988491671602775e-01 -8.6582534771867392e-04 1.7587721601195774e+01 1.1064227820528004e-02 1.0334704773999892e-03 -9.9993825549456195e-01 5.5739614564828244e-01 0 0 0 1</transform>
        <rotation_covariance>1.0754411897308126e-08 9.9075427860403752e-11 2.6018217606943725e-11 9.9075427860403726e-11 4.4746105067300542e-09 -3.7194945983688879e-11 2.6018217606943716e-11 -3.7194945983688872e-11 1.8454932490484434e-10</rotation_covariance>
        <location_covariance>1.3437632362099348e-06 3.2909454290619667e-07 7.1224661941898552e-08 3.2909454290619667e-07 3.7617864040449410e-06 -9.9785507167677951e-07 7.1224661941898552e-08 -9.9785507167677951e-07 1.5487646046922976e-06</location_covariance>
      </camera>
      <camera id="15" sensor_id="0" label="DSC00020.JPG">
        <transform>9.9983747660661271e-01 1.4710996604137421e-02 1.0421465915771738e-02 -7.3528141841103185e+00 1.4721689558744620e-02 -9.9989117868310740e-01 -9.5007801848534523e-04 1.7571614124803297e+01 1.0406355243623237e-02 1.1033451945410833e-03 -9.9994524370083626e-01 5.5486978889710337e-01 0 0 0 1</transform>
        <rotation_covariance>1.0502549083114415e-08 1.3043311720883208e-11 1.8547666851772072e-11 1.3043311720883207e-11 4.1738932902818874e-09 -3.5653447866818720e-11 1.8547666851772081e-11 -3.5653447866818720e-11 1.8241946592245773e-10</rotation_covariance>
        <location_covariance>1.2472749981347048e-06 2.9992820909177515e-07 8.9038888012735509e-08 2.9992820909177515e-07 3.6590523095068911e-06 -1.0197076519794670e-06 8.9038888012735509e-08 -1.0197076519794670e-06 1.4825051694737813e-06</location_covariance>
      </camera>
      <camera id="16" sensor_id="0" label="DSC00021.JPG">
        <transform>9.9985313714400093e-01 1.3971864451535849e-02 9.9242706052987684e-03 -6.1807128557841171e+00 1.3994457427762319e-02 -9.9989962883539374e-01 -2.2107501316500078e-03 1.7591287526462757e+01 9.8923861935246160e-03 2.3493102370593100e-03 -9.9994830938244417e-01 4.1947237670891707e-01 0 0 0 1</transform>
        <rotation_covariance>1.0942801024076948e-08 -9.0190098114367484e-11 2.3627240487566926e-11 -9.0190098114367522e-11 4.2873417322503488e-09 -2.6022221313343881e-11 2.3627240487566923e-11 -2.6022221313343888e-11 1.8663194558143594e-10</rotation_covariance>
        <location_covariance>1.2896611287461127e-06 2.6380483925341362e-07 8.8976641214517630e-08 2.6380483925341362e-07 3.7723543002107510e-06 -1.0349087737620635e-06 8.8976641214517630e-08 -1.0349087737620635e-06 1.4201379977455089e-06</location_covariance>
      </camera>
      <camera id="17" sensor_id="0" label="DSC00022.JPG">
        <transform>9.9986972893553094e-01 1.3499207726672208e-02 8.8485337282973846e-03 -4.7089306495208545e+00 1.3527464625638355e-02 -9.9990356511989043e-01 -3.1413629740242310e-03 1.7545721844028009e+01 8.8052745096769223e-03 3.2606519723242244e-03 -9.9995591667309236e-01 3.5667395243949712e-01 0 0 0 1</transform>
        <rotation_covariance>1.0973462259344885e-08 -2.3109047098051986e-10 2.9730654233825619e-11 -2.3109047098051981e-10 3.9655133807713183e-09 -1.8388087126573860e-11 2.9730654233825593e-11 -1.8388087126573860e-11 1.8617218453118417e-10</rotation_covariance>
        <location_covariance>1.1949474906699926e-06 2.1405355982437670e-07 1.1014429729907190e-07 2.1405355982437670e-07 3.7578654537327529e-06 -1.0595936910336940e-06 1.1014429729907190e-07 -1.0595936910336940e-06 1.3449955506394574e-06</location_covariance>
      </camera>
      <camera id="18" sensor_id="0" label="DSC00023.JPG">
        <transform>9.9987390169175905e-01 1.3066821930001025e-02 9.0243493033072067e-03 -3.7381269515648960e+00 1.3112359837278948e-02 -9.9990150055751215e-01 -5.0055171893704587e-03 1.7531734024676449e+01 8.9580542081509531e-03 5.1232165174832697e-03 -9.9994675154096013e-01 3.4808412181267001e-01 0 0 0 1</transform>
        <rotation_covariance>1.0874443278783394e-08 -1.1395391853295662e-10 2.7444505188510656e-11 -1.1395391853295665e-10 3.9039085597365837e-09 -1.2397934894546657e-11 2.7444505188510627e-11 -1.2397934894546649e-11 1.8375441519978098e-10</rotation_covariance>
        <location_covariance>1.1942143813961430e-06 2.6087361068391621e-07 1.2444808371206657e-07 2.6087361068391621e-07 3.7270181407383038e-06 -1.0917799089082087e-06 1.2444808371206657e-07 -1.0917799089082087e-06 1.3063076964964126e-06</location_covariance>
      </camera>
      <camera id="19" sensor_id="0" label="DSC00024.JPG">
        <transform>9.9987722526329237e-01 1.2605713538452364e-02 9.3075445723162249e-03 -2.3977959060718019e+00 1.2656063091748397e-02 -9.9990548587897998e-01 -5.3706029585705584e-03 1.7550631866896623e+01 9.2389645954976101e-03 5.4877404555428999e-03 -9.9994226145207787e-01 3.2082009295645803e-01 0 0 0 1</transform>
        <rotation_covariance>1.0404479605152898e-08 -1.0619961066194725e-10 3.1059847805956104e-11 -1.0619961066194725e-10 3.7963939162184794e-09 -4.1248323712766465e-12 3.1059847805956124e-11 -4.1248323712766400e-12 1.7863439454167690e-10</rotation_covariance>
        <location_covariance>1.1861064588324421e-06 2.7533657746029454e-07 1.2358209484317164e-07 2.7533657746029454e-07 3.5539271988147641e-06 -1.1254032780623095e-06 1.2358209484317164e-07 -1.1254032780623095e-06 1.2635576436525375e-06</location_covariance>
      </camera>
      <camera id="20" sensor_id="0" label="DSC00025.JPG">
        <transform>9.9988502595571882e-01 1.2112632395663583e-02 9.1224451754056829e-03 -1.0141493993791366e+00 1.2164694321838670e-02 -9.9990991280277353e-01 -5.6733139174747760e-03 1.7653521433467823e+01 9.0529045939404043e-03 5.7836333906553516e-03 -9.9994229558670800e-01 3.5268401325836507e-01 0 0 0 1</transform>
        <rotation_covariance>1.0513847093959480e-08 -8.2892285324260931e-11 2.5096682583998334e-11 -8.2892285324260983e-11 3.9102480488123585e-09 1.4771247089704881e-12 2.5096682583998330e-11 1.4771247089704888e-12 1.8081210736312358e-10</rotation_covariance>
        <location_covariance>1.2716667133645760e-06 2.9923865363393514e-07 1.1508269878253168e-07 2.9923865363393514e-07 3.6127557759762433e-06 -1.1751453353300972e-06 1.1508269878253168e-07 -1.1751453353300972e-06 1.2474577256332422e-06</location_covariance>
      </camera>
      <camera id="21" sensor_id="0" label="DSC00026.JPG">
        <transform>9.9989666172420910e-01 1.1584277898004669e-02 8.5129535629560014e-03 1.2872789238378607e-01 1.1640845188764926e-02 -9.9991029195392422e-01 -6.6256145306077818e-03 1.7819085207277062e+01 8.4354369225579200e-03 6.7240278255520369e-03 -9.9994181373404256e-01 3.7679678397530897e-01 0 0 0 1</transform>
        <rotation_covariance>1.0787797160282819e-08 -8.8700183270551182e-11 1.6595240482215942e-11 -8.8700183270551207e-11 3.9880288463522360e-09 1.0640419232651389e-11 1.6595240482215919e-11 1.0640419232651385e-11 1.8639493286778719e-10</rotation_covariance>
        <location_covariance>1.3394659968344326e-06 3.1196077943472215e-07 1.0429391017017685e-07 3.1196077943472215e-07 3.7313417646158972e-06 -1.2264980409120109e-06 1.0429391017017685e-07 -1.2264980409120109e-06 1.2552863564641350e-06</location_covariance>
      </camera>
      <camera id="22" sensor_id="0" label="DSC00027.JPG">
        <transform>9.9990351767106356e-01 1.1147071645088161e-02 8.2884342774510664e-03 6.4972622713172412e-01 1.1204058096708628e-02 -9.9991369368175864e-01 -6.8610691490104680e-03 1.7864693050060961e+01 8.2112381038386729e-03 6.9532712762553905e-03 -9.9994211211817696e-01 4.1607341141353693e-01 0 0 0 1</transform>
        <rotation_covariance>1.0833675921367661e-08 -1.1378904123497323e-10 1.9709148560197447e-11 -1.1378904123497319e-10 4.0222824331554382e-09 1.2517700478732107e-11 1.9709148560197454e-11 1.2517700478732109e-11 1.8883689241937008e-10</rotation_covariance>
        <location_covariance>1.3746926043671335e-06 3.1115667457814937e-07 9.2997423649136664e-08 3.1115667457814937e-07 3.7670703859589903e-06 -1.2475980010815487e-06 9.2997423649136664e-08 -1.2475980010815487e-06 1.2570152024416299e-06</location_covariance>
      </camera>
      <camera id="23" sensor_id="0" label="DSC00028.JPG">
        <transform>9.9990987693683198e-01 1.1053306593733214e-02 7.6198699145661672e-03 1.5464082799436039e+00 1.1116422286690015e-02 -9.9990383715348441e-01 -8.2910554986701523e-03 1.7854292315468999e+01 7.5274935877726453e-03 8.3750139750917163e-03 -9.9993659598056672e-01 4.4118484187564194e-01 0 0 0 1</transform>
        <rotation_covariance>1.1123136643380526e-08 -2.4778345679806719e-10 2.6247166322110230e-11 -2.4778345679806719e-10 4.1063902254070891e-09 2.3896720585343022e-11 2.6247166322110233e-11 2.3896720585343022e-11 1.9593791866282729e-10</rotation_covariance>
        <location_covariance>1.4437645395690245e-06 2.7108148602302279e-07 8.1261671396828928e-08 2.7108148602302279e-07 3.8871436164557302e-06 -1.2816495269254924e-06 8.1261671396828928e-08 -1.2816495269254924e-06 1.2471770584422589e-06</location_covariance>
      </camera>
      <camera id="24" sensor_id="0" label="DSC00029.JPG">
        <transform>9.9991806694968943e-01 1.0282125009359487e-02 7.6247814977417061e-03 2.6470070143683566e+00 1.0341316798988901e-02 -9.9991637965352931e-01 -7.7647194051535529e-03 1.7858994961933497e+01 7.5443060952847226e-03 7.8429334989986166e-03 -9.9994078416657761e-01 3.6380436465319849e-01 0 0 0 1</transform>
        <rotation_covariance>1.1515094134854719e-08 -1.6041937238058797e-10 3.8046640979863290e-11 -1.6041937238058800e-10 4.1862155776787449e-09 2.1448157635294472e-11 3.8046640979863290e-11 2.1448157635294469e-11 2.0902278837007882e-10</rotation_covariance>
        <location_covariance>1.5075077545709207e-06 3.1396925054884556e-07 6.2373978462243217e-08 3.1396925054884556e-07 4.0091655109345282e-06 -1.3052598715799387e-06 6.2373978462243217e-08 -1.3052598715799387e-06 1.2371683051986079e-06</location_covariance>
      </camera>
      <camera id="25" sensor_id="0" label="DSC00030.JPG">
        <transform>9.9992164213965040e-01 9.9677185747888593e-03 7.5732534063921789e-03 3.5644168394375781e+00 1.0016797948866374e-02 -9.9992889524320927e-01 -6.4705653961538712e-03 1.7748258102135715e+01 7.5082181371619750e-03 6.5459181256817822e-03 -9.9995038757745192e-01 3.8230871792166371e-01 0 0 0 1</transform>
        <rotation_covariance>1.1678689131031826e-08 8.5438201427304253e-12 6.8415559952212720e-11 8.5438201427304237e-12 4.3852922867438134e-09 9.0684339971575504e-12 6.8415559952212720e-11 9.0684339971575472e-12 2.1972845509530319e-10</rotation_covariance>
        <location_covariance>1.6263518871921389e-06 3.8368610237075242e-07 3.5985993182440107e-08 3.8368610237075242e-07 4.0778425579776364e-06 -1.3144737699949705e-06 3.5985993182440107e-08 -1.3144737699949705e-06 1.2169990281166307e-06</location_covariance>
      </camera>
      <camera id="26" sensor_id="0" label="DSC00031.JPG">
        <transform>9.9994709654986669e-01 7.9915963938461364e-03 6.4759932496286001e-03 3.4454416174579463e+00 8.0419050668049333e-03 -9.9993739736637866e-01 -7.7800456970980002e-03 1.7717506905510323e+01 6.4134128502589738e-03 7.8317134287652114e-03 -9.9994876488767248e-01 4.0525265343830258e-01 0 0 0 1</transform>
        <rotation_covariance>1.1412175602739534e-08 -1.8096815756529867e-11 4.8841070627636919e-11 -1.8096815756529889e-11 4.2273995049482229e-09 1.1245220743777865e-11 4.8841070627636899e-11 1.1245220743777867e-11 2.1539497368080060e-10</rotation_covariance>
        <location_covariance>1.5664636226525323e-06 3.7798000200761219e-07 4.1816737957971733e-08 3.7798000200761219e-07 3.9882090266524497e-06 -1.3105424283538897e-06 4.1816737957971733e-08 -1.3105424283538897e-06 1.2119219882705336e-06</location_covariance>
      </camera>
      <camera id="27" sensor_id="0" label="DSC00032.JPG">
        <transform>9.9994826859492236e-01 -7.7042007967983491e-03 6.6411914668770460e-03 3.7769869961167433e+00 -7.6657598603217664e-03 -9.9995382940061339e-01 -5.7944104801810892e-03 1.6224854133605959e+01 6.6855261409247664e-03 5.7432009482140667e-03 -9.9996115893722970e-01 4.1810093709499341e-01 0 0 0 1</transform>
        <rotation_covariance>1.0413157922630106e-08 -2.3492546014398275e-10 6.2987399554584170e-11 -2.3492546014398275e-10 4.0170031356212607e-09 1.8677351915175265e-11 6.2987399554584158e-11 1.8677351915175262e-11 1.9557666538062557e-10</rotation_covariance>
        <location_covariance>1.5001421377376707e-06 3.0359418609416267e-07 2.6737853264571681e-08 3.0359418609416267e-07 3.5936280780809524e-06 -1.1510352057953796e-06 2.6737853264571681e-08 -1.1510352057953796e-06 9.7164123533643695e-07</location_covariance>
      </camera>
      <camera id="28" sensor_id="0" label="DSC00033.JPG">
        <transform>9.9994342928126900e-01 -7.7087281399514712e-03 7.3289663446259919e-03 3.4025500249900182e+00 -7.6857321416603864e-03 -9.9996546918115747e-01 -3.1606908666449440e-03 1.6319673701898640e+01 7.3530781760422353e-03 3.1041835918909078e-03 -9.9996814763549591e-01 4.0846658992682355e-01 0 0 0 1</transform>
        <rotation_covariance>1.0178994264834044e-08 -1.4900525817960154e-10 5.4787828355113134e-11 -1.4900525817960154e-10 3.8387996538781713e-09 1.0461644200811102e-11 5.4787828355113121e-11 1.0461644200811102e-11 1.8963294206145880e-10</rotation_covariance>
        <location_covariance>1.4153804856125923e-06 3.3262588968082205e-07 4.2563990286876990e-08 3.3262588968082205e-07 3.5044434467641306e-06 -1.1509274802406402e-06 4.2563990286876990e-08 -1.1509274802406402e-06 9.8461291531699786e-07</location_covariance>
      </camera>
      <camera id="29" sensor_id="0" label="DSC00034.JPG">
        <transform>9.9995184575256557e-01 -8.3334095990994853e-03 5.1827078337661359e-03 1.9183646655716198e+00 -8.3091818008994723e-03 -9.9995453198284023e-01 -4.6788315613283671e-03 1.6252536737266116e+01 5.2214628061631550e-03 4.6355421941042252e-03 -9.9997562374026450e-01 3.5452973681425010e-01 0 0 0 1</transform>
        <rotation_covariance>1.0144115510426554e-08 -1.7641671214567471e-10 1.8000174011118186e-11 -1.7641671214567471e-10 3.8200486513855675e-09 1.8029265042124028e-11 1.8000174011118183e-11 1.8029265042124028e-11 1.7705794582697498e-10</rotation_covariance>
        <location_covariance>1.3330946210934672e-06 3.0829541395371951e-07 7.2280469877182877e-08 3.0829541395371951e-07 3.4591966431834746e-06 -1.1099197576277270e-06 7.2280469877182877e-08 -1.1099197576277270e-06 9.8000014218087121e-07</location_covariance>
      </camera>
      <camera id="30" sensor_id="0" label="DSC00035.JPG">
        <transform>9.9995469088958755e-01 -7.8164469848987349e-03 5.4331689133839036e-03 3.9233009245524414e-01 -7.7896952720516123e-03 -9.9995751869085825e-01 -4.9276222654467960e-03 1.6180823878410667e+01 5.4714546034551441e-03 4.8850762690684779e-03 -9.9997309924535860e-01 3.4685220099657893e-01 0 0 0 1</transform>
        <rotation_covariance>9.5581954389887790e-09 -1.3264211072186543e-10 1.8504962763406605e-11 -1.3264211072186543e-10 3.5644956078561426e-09 2.5162380406587419e-11 1.8504962763406605e-11 2.5162380406587425e-11 1.6434985089006010e-10</rotation_covariance>
        <location_covariance>1.1794890928816259e-06 3.0868324315894816e-07 9.5617112531215771e-08 3.0868324315894816e-07 3.2304805031777413e-06 -1.0538975982247239e-06 9.5617112531215771e-08 -1.0538975982247239e-06 9.8558311313792532e-07</location_covariance>
      </camera>
      <camera id="31" sensor_id="0" label="DSC00036.JPG">
        <transform>9.9995041699362508e-01 -7.6838171986777148e-03 6.3342329869333870e-03 -1.1772490121043546e+00 -7.6545224178739876e-03 -9.9995995627215950e-01 -4.6361771683266495e-03 1.6021622213053451e+01 6.3696028784936826e-03 4.5874617643262838e-03 -9.9996919120227457e-01 3.9202209905967234e-01 0 0 0 1</transform>
        <rotation_covariance>9.5612976652624949e-09 -1.9787249693441693e-10 2.1725213350697284e-11 -1.9787249693441691e-10 3.5813451596104982e-09 2.3693954835100407e-11 2.1725213350697291e-11 2.3693954835100404e-11 1.6067094376409308e-10</rotation_covariance>
        <location_covariance>1.1405132227726787e-06 2.7354520050447918e-07 1.1876095109967265e-07 2.7354520050447918e-07 3.2333793927191073e-06 -1.0035702584176126e-06 1.1876095109967265e-07 -1.0035702584176126e-06 9.9596500367957376e-07</location_covariance>
      </camera>
      <camera id="32" sensor_id="0" label="DSC00037.JPG">
        <transform>9.9994351722769248e-01 -8.0069780082049069e-03 6.9893245373544126e-03 -2.6735026220971880e+00 -7.9697279454305110e-03 -9.9995397620331516e-01 -5.3412462643363523e-03 1.5916283304844796e+01 7.0317701034778865e-03 5.2852415608550807e-03 -9.9996130946694906e-01 3.5308954789822317e-01 0 0 0 1</transform>
        <rotation_covariance>9.6557322088913822e-09 -1.5881592628471387e-10 2.5793338355690290e-11 -1.5881592628471387e-10 3.6000064085455226e-09 2.9219764718000891e-11 2.5793338355690287e-11 2.9219764718000898e-11 1.6163832495759780e-10</rotation_covariance>
        <location_covariance>1.0991072454654430e-06 2.8030208655954582e-07 1.2841833101858180e-07 2.8030208655954582e-07 3.2441708244636847e-06 -9.4730258823346386e-07 1.2841833101858180e-07 -9.4730258823346386e-07 1.0198720722174409e-06</location_covariance>
      </camera>
      <camera id="33" sensor_id="0" label="DSC00038.JPG">
        <transform>9.9994608929117779e-01 -8.1253419675902071e-03 6.4650853969070885e-03 -4.1429682023644760e+00 -8.0964136759697700e-03 -9.9995715114327066e-01 -4.4882026493665572e-03 1.5931961837503421e+01 6.5012765567351218e-03 4.4356166813565613e-03 -9.9996902887428907e-01 4.4937652537278766e-01 0 0 0 1</transform>
        <rotation_covariance>9.9697925399491006e-09 -2.1844245283374177e-10 1.8338375752602917e-11 -2.1844245283374180e-10 3.7211506455934864e-09 2.7072312257448915e-11 1.8338375752602927e-11 2.7072312257448915e-11 1.6640100689238709e-10</rotation_covariance>
        <location_covariance>1.1154893310318007e-06 2.6066178595184991e-07 1.2284326241753145e-07 2.6066178595184991e-07 3.3827383838456860e-06 -9.1318729621141336e-07 1.2284326241753145e-07 -9.1318729621141336e-07 1.0784956070597615e-06</location_covariance>
      </camera>
      <camera id="34" sensor_id="0" label="DSC00039.JPG">
        <transform>9.9994395550469273e-01 -8.1133720267469976e-03 6.8014001488726494e-03 -5.0831910397304840e+00 -8.0783624615455834e-03 -9.9995406045061497e-01 -5.1591712773123022e-03 1.5940242885510616e+01 6.8429459715371602e-03 5.1039379585133826e-03 -9.9996356128998332e-01 5.4613914946097630e-01 0 0 0 1</transform>
        <rotation_covariance>9.7966249565008492e-09 -3.2652919925573485e-10 1.8120976655635470e-11 -3.2652919925573490e-10 3.8247934229813388e-09 2.6840041876130640e-11 1.8120976655635460e-11 2.6840041876130640e-11 1.6622638744164439e-10</rotation_covariance>
        <location_covariance>1.1438142993038094e-06 2.2185415395775688e-07 1.1675591848934162e-07 2.2185415395775688e-07 3.3505667000719856e-06 -9.0986865727601964e-07 1.1675591848934162e-07 -9.0986865727601964e-07 1.1220339829509432e-06</location_covariance>
      </camera>
      <camera id="35" sensor_id="0" label="DSC00040.JPG">
        <transform>9.9994425993619029e-01 -8.4745581411635428e-03 6.2975300695517862e-03 -6.5713063820830087e+00 -8.4410024025787095e-03 -9.9995013700291702e-01 -5.3360084602010471e-03 1.5960307823565795e+01 6.3424363697660129e-03 5.2825535643015176e-03 -9.9996593348410445e-01 5.6837500652021933e-01 0 0 0 1</transform>
        <rotation_covariance>9.8309387894382742e-09 -6.4584923835631817e-11 -7.7103017740880033e-12 -6.4584923835631817e-11 4.1762447909099393e-09 2.0268385000105136e-11 -7.7103017740880065e-12 2.0268385000105139e-11 1.6611778681151282e-10</rotation_covariance>
        <location_covariance>1.2488440526115334e-06 3.2143248227248832e-07 1.0475501848880332e-07 3.2143248227248832e-07 3.3720374791629401e-06 -8.8925517639910459e-07 1.0475501848880332e-07 -8.8925517639910459e-07 1.1921263941796474e-06</location_covariance>
      </camera>
      <camera id="36" sensor_id="0" label="DSC00041.JPG">
        <transform>9.9995097973542357e-01 -8.0550023230739603e-03 5.7580433952951508e-03 -7.7776602110320612e+00 -8.0320263177092524e-03 -9.9995973328284127e-01 -4.0022951092131276e-03 1.6069970226469593e+01 5.7900500341927022e-03 3.9558501595586271e-03 -9.9997541298279757e-01 5.2928719762063692e-01 0 0 0 1</transform>
        <rotation_covariance>9.7815165207457039e-09 -1.3204127853603239e-10 -1.4886123364535534e-11 -1.3204127853603236e-10 4.1760019952439566e-09 1.1818128874087695e-11 -1.4886123364535518e-11 1.1818128874087690e-11 1.6494088211092167e-10</rotation_covariance>
        <location_covariance>1.2264429003318226e-06 2.9404349779153126e-07 9.6434830395080315e-08 2.9404349779153126e-07 3.3471089682579105e-06 -8.7960171610446266e-07 9.6434830395080315e-08 -8.7960171610446266e-07 1.2651289214563932e-06</location_covariance>
      </camera>
      <camera id="37" sensor_id="0" label="DSC00042.JPG">
        <transform>9.9994173965966748e-01 -8.4921699192143096e-03 6.6633577466316644e-03 -9.4339819641465699e+00 -8.4611851972244412e-03 -9.9995332425899985e-01 -4.6645094526258646e-03 1.6096673960852403e+01 6.7026585363327727e-03 4.6078577927880504e-03 -9.9996692046042546e-01 4.7446375929473383e-01 0 0 0 1</transform>
        <rotation_covariance>9.6755276321337632e-09 -3.3654560472412359e-10 -1.0205045504484917e-11 -3.3654560472412359e-10 4.1451983734042942e-09 1.8134050120005248e-11 -1.0205045504484922e-11 1.8134050120005248e-11 1.6395130594619250e-10</rotation_covariance>
        <location_covariance>1.1922242759346251e-06 2.1724133925084094e-07 8.8294843715756456e-08 2.1724133925084094e-07 3.2935134970479048e-06 -8.4502229377177548e-07 8.8294843715756456e-08 -8.4502229377177548e-07 1.3584703999731334e-06</location_covariance>
      </camera>
      <camera id="38" sensor_id="0" label="DSC00043.JPG">
        <transform>9.9993286484740396e-01 -8.7758930326144180e-03 7.5663399040814122e-03 -1.0234158081917521e+01 -8.7273970529205096e-03 -9.9994131400895103e-01 -6.4188066439722219e-03 1.6078912908067323e+01 7.6222266264300651e-03 6.3523412638283455e-03 -9.9995077349923733e-01 4.4527113260729267e-01 0 0 0 1</transform>
        <rotation_covariance>9.8205803401573664e-09 -3.9184081220030405e-10 2.1400678253701711e-12 -3.9184081220030410e-10 4.2511036689446697e-09 3.2297098067932395e-11 2.1400678253701881e-12 3.2297098067932395e-11 1.6689846064218653e-10</rotation_covariance>
        <location_covariance>1.2194006603820046e-06 2.0082341246232743e-07 7.2469388144543608e-08 2.0082341246232743e-07 3.3350485982618418e-06 -8.1348779171049790e-07 7.2469388144543608e-08 -8.1348779171049790e-07 1.4045219675019439e-06</location_covariance>
      </camera>
      <camera id="39" sensor_id="0" label="DSC00044.JPG">
        <transform>9.9993732771848798e-01 -8.5095184432725027e-03 7.2752134726600517e-03 -1.1677200147215558e+01 -8.4804840834172644e-03 -9.9995598989521239e-01 -4.0124384600397078e-03 1.5990620914394876e+01 7.3090372088309742e-03 3.9504896593086924e-03 -9.9996548520763029e-01 4.7842802955192326e-01 0 0 0 1</transform>
        <rotation_covariance>9.6881502350507498e-09 -4.4072538667941250e-10 1.2351822519591039e-11 -4.4072538667941270e-10 4.3010687797486346e-09 2.4411010460372673e-11 1.2351822519591044e-11 2.4411010460372670e-11 1.6679365163731414e-10</rotation_covariance>
        <location_covariance>1.2303325012174350e-06 1.8778844591200714e-07 4.4320676983230253e-08 1.8778844591200714e-07 3.2958037763309591e-06 -7.7846106462622167e-07 4.4320676983230253e-08 -7.7846106462622167e-07 1.4918323697539951e-06</location_covariance>
      </camera>
      <camera id="40" sensor_id="0" label="DSC00045.JPG">
        <transform>9.9993857300050148e-01 -8.5143097201176143e-03 7.0962494115235468e-03 -1.2579598896199562e+01 -8.4781765310306036e-03 -9.9995102092143318e-01 -5.1064939922981223e-03 1.5965617419343832e+01 7.1393801152004315e-03 5.0460170604754162e-03 -9.9996178275141889e-01 4.3399658736668162e-01 0 0 0 1</transform>
        <rotation_covariance>1.0092212479061068e-08 -4.7202509131421827e-10 7.0847220197430064e-12 -4.7202509131421817e-10 4.5087602150916246e-09 3.5486093073644612e-11 7.0847220197429935e-12 3.5486093073644612e-11 1.7140780628929863e-10</rotation_covariance>
        <location_covariance>1.2992047909467899e-06 1.7917977680939573e-07 2.3193161569086666e-08 1.7917977680939573e-07 3.4310897184713360e-06 -7.4305769416554156e-07 2.3193161569086666e-08 -7.4305769416554156e-07 1.5521563764384396e-06</location_covariance>
      </camera>
      <camera id="41" sensor_id="0" label="DSC00046.JPG">
        <transform>9.9993900793527168e-01 -8.2622103172297397e-03 7.3291397925033877e-03 -1.3994002707631424e+01 -8.2242251200251876e-03 -9.9995267111880748e-01 -5.1978498955486119e-03 1.5927835489681907e+01 7.3717386415513217e-03 5.1372563723616205e-03 -9.9995963221840367e-01 4.1764020157482423e-01 0 0 0 1</transform>
        <rotation_covariance>1.0190412797829331e-08 -5.0252300009855915e-10 1.4960830664940419e-11 -5.0252300009855915e-10 4.5072499536567807e-09 4.3899732283649769e-11 1.4960830664940422e-11 4.3899732283649769e-11 1.7302065547429521e-10</rotation_covariance>
        <location_covariance>1.2972085252989909e-06 1.7202850252797695e-07 -1.9615310231831498e-08 1.7202850252797695e-07 3.4622614368662294e-06 -7.0063444162352002e-07 -1.9615310231831498e-08 -7.0063444162352002e-07 1.6570449570476701e-06</location_covariance>
      </camera>
      <camera id="42" sensor_id="0" label="DSC00047.JPG">
        <transform>9.9993811698275392e-01 -8.3460120077234051e-03 7.3556976929973093e-03 -1.5173320638006158e+01 -8.2996480805734452e-03 -9.9994564033271427e-01 -6.3112773141237311e-03 1.5896043616910754e+01 7.4079718359658158e-03 6.2498370510020163e-03 -9.9995302964194932e-01 4.1733221947903276e-01 0 0 0 1</transform>
        <rotation_covariance>1.0032616039182362e-08 -5.2453425198100550e-10 2.7056261201253284e-11 -5.2453425198100540e-10 4.4360817751513881e-09 4.5306976293754708e-11 2.7056261201253271e-11 4.5306976293754702e-11 1.7150839299963002e-10</rotation_covariance>
