# Cameras (547)
# PhotoID, X, Y, Z, Omega, Phi, Kappa, r11, r12, r13, r21, r22, r23, r31, r32, r33
_DSC0594.JPG	2693753.4768899381000000	1256231.8227170845000000	569.1425603705834000	-0.6650882414181624	-2.7606003246584367	52.6438082888094950	0.6060640948658155	0.7951644556099812	0.0199950356079198	-0.7939563247119591	0.6062829883357922	-0.0453243036846682	-0.0481629252055708	0.0115942481043227	0.9987721992759600
_DSC0595.JPG	2693753.6034349017000000	1256231.7065265111000000	569.1357195530951000	-0.5871805469893966	-2.7121038269440767	52.6578688510147470	0.6058937479398399	0.7952800515959589	0.0205525117915761	-0.7941371566332564	0.6061557984981479	-0.0438329145907481	-0.0473174667734969	0.0102365756286812	0.9988274474890733
_DSC0596.JPG	2693753.2885766178000000	1256231.4151147718000000	573.2014395331564200	-0.4283724437305014	-2.7895615192777585	52.9968163676008360	0.6011462072519848	0.7987987426356322	0.0233196541631044	-0.7976557419639573	0.6015519960946147	-0.0433648856393470	-0.0486678006332999	0.0074675804861952	0.9987871046540398
_DSC0597.JPG	2693753.2951889802000000	1256231.5818106190000000	573.2901949247938100	-0.4643462273992457	-2.8424315311210919	53.1063576487089790	0.5995928913334592	0.7999662786265072	0.0232877161362048	-0.7987673327651689	0.5999903625806339	-0.0445231728157171	-0.0495894421182705	0.0080943110156062	0.9987368869525053
_DSC0598.JPG	2693753.3121791724000000	1256231.4141591205000000	578.8163068354481300	-0.4211334024901491	-2.8604662142635755	53.3850195133731300	0.5956916174612632	0.8028586487905554	0.0238639256742922	-0.8016614659165241	0.5961242325708590	-0.0444386476659007	-0.0499038169978400	0.0073409402673152	0.9987270496211853
_DSC0599.JPG	2693753.3844210897000000	1256231.7664495246000000	579.0605398269378800	-0.4266595166040353	-2.9178334954456751	53.3625638543029840	0.5959756470485418	0.8026316942394884	0.0244006460431005	-0.8013874419166610	0.5964285842088022	-0.0452892026531057	-0.0509037922294842	0.0074368905419027	0.9986758716399056
_DSC0600.JPG	2693753.1269848216000000	1256231.3881199555000000	584.9849204118578400	-0.4604347276360999	-3.0523525706190981	53.7093711289365170	0.5910416519062696	0.8062523424233729	0.0250384913429755	-0.8048815893585808	0.5915173420065623	-0.0476745342619827	-0.0532484067697181	0.0080246147767886	0.9985490537445673
_DSC0601.JPG	2693725.5444203168000000	1256256.0972290752000000	584.1572572773961800	2.4457487194562528	-1.0146327335337884	126.3894431228280700	-0.5931775513980873	0.8047181303333911	0.0238563037812034	-0.8048769023164498	-0.5921218473988333	-0.0395586899488518	-0.0177077563470443	-0.0426667147285114	0.9989324235499765
_DSC0602.JPG	2693727.1886225175000000	1256254.8842966734000000	584.2426609919790500	2.3918468117588021	-0.9939719929396407	138.5415660189790100	-0.7493234597334123	0.6620422800420146	0.0146414524525488	-0.6619769081068692	-0.7483039892690195	-0.0427517575935868	-0.0173472137941267	-0.0417271983344430	0.9989784357496107
_DSC0603.JPG	2693728.9574718792000000	1256253.4933694226000000	584.3323995102807700	2.4129225220749104	-0.9005030633211398	141.2330734819297800	-0.7796032394216331	0.6261145665923660	0.0141187316763883	-0.6260765076243868	-0.7785939207873139	-0.0426580955258091	-0.0157160963393345	-0.0420957956795176	0.9989899640646852
_DSC0604.JPG	2693730.6146870498000000	1256252.1232297181000000	584.3232429191548400	2.4518893199463969	-0.8187503662095136	142.8562960294813400	-0.7970421976384752	0.6037506834286757	0.0144515550387061	-0.6037545429531820	-0.7960246958216045	-0.0427216046692602	-0.0142894033124003	-0.0427761136795864	0.9989824908633018
_DSC0605.JPG	2693732.2396910246000000	1256250.7568183478000000	584.2942338312367400	2.4242893584549101	-0.7518277448492545	143.9940341353644200	-0.8088861440450440	0.5877923306552658	0.0142612059374722	-0.5878188772006768	-0.8079054778470740	-0.0419250100921481	-0.0131214929972202	-0.0422955658141801	0.9990189745615358
_DSC0606.JPG	2693733.5733862184000000	1256249.5103816590000000	584.2871759581163400	2.5921988073950386	-0.8324247480098780	145.1415462240985100	-0.8204799331291538	0.5715053297414676	0.0139404953095652	-0.5714906957614684	-0.8193513354258809	-0.0454067593415169	-0.0145280415215746	-0.0452221982318626	0.9988713074248481
_DSC0607.JPG	2693734.7987360787000000	1256248.3377073235000000	584.3086708841671000	2.5896225526656216	-0.7685780282573373	146.2330333408349600	-0.8312302662309217	0.5557526339916532	0.0139733429432892	-0.5557664204254972	-0.8301192439595504	-0.0450080741140284	-0.0134138148600921	-0.0451779882173150	0.9988888921954912
_DSC0608.JPG	2693735.8826825060000000	1256247.2840249930000000	584.2831836338967800	2.5881147345646243	-0.6573855975743195	147.2656639490905700	-0.8411315099482520	0.5406287461321423	0.0147763942747097	-0.5407089296068698	-0.8400486797050285	-0.0441822268478186	-0.0114732914007912	-0.0451527915131096	0.9989142050261406
_DSC0609.JPG	2693737.1312544700000000	1256246.1852958542000000	584.2564541426163500	2.5818356191481580	-0.5899086804355509	147.9011272300344300	-0.8470874763616507	0.5312353923139742	0.0152238413111808	-0.5313537490553408	-0.8460260074889187	-0.0436255431736230	-0.0102956668596067	-0.0450438964275703	0.9989319529570263
_DSC0610.JPG	2693738.4536544718000000	1256245.0330508898000000	584.2432911176844100	2.5594981836212116	-0.5389802779571702	147.7139972737567200	-0.8453549448315134	0.5339680983900466	0.0159087130411948	-0.5341222037866042	-0.8443245911895158	-0.0427721420412713	-0.0094068417149885	-0.0446548386445965	0.9989581856687367
_DSC0611.JPG	2693739.9019306675000000	1256243.9532728712000000	584.2055573794351600	2.6047007054790292	-0.5406975798848941	147.5707174933279200	-0.8440163831563564	0.5360661799701469	0.0164132768171543	-0.5362343624991482	-0.8429519508633793	-0.0434133275706356	-0.0094368129575024	-0.0454429227475192	0.9989223630159493
_DSC0612.JPG	2693741.4467627574000000	1256242.8550666464000000	584.1857938244310200	2.6984136895698105	-0.5178434789199851	147.5638488846306900	-0.8439552031686941	0.5361238094277617	0.0176316763001613	-0.5363375154622238	-0.8428256219791420	-0.0445762318201215	-0.0090379506691202	-0.0470768722425084	0.9988503809618160
_DSC0613.JPG	2693742.9667113088000000	1256241.6756770846000000	584.1764194775994400	2.8055210542390561	-0.5531446253391027	147.7503293142926900	-0.8456914764778222	0.5333697147733789	0.0179631282165952	-0.5335847880404635	-0.8444650722498782	-0.0465404740180208	-0.0096540449851487	-0.0489437341502735	0.9987548799895059
_DSC0614.JPG	2693744.4615750629000000	1256240.5582598737000000	584.2009670366741100	2.8060781394971857	-0.4678191871785287	147.4370697277765600	-0.8427727059880946	0.5379171382894415	0.0194760975557875	-0.5382076741751021	-0.8415751000119562	-0.0456492113720815	-0.0081648943980853	-0.0489540945617798	0.9987676562269648
_DSC0615.JPG	2693745.8136609159000000	1256239.5066764499000000	584.2288535971881600	2.8021359219787123	-0.4594960027382757	147.2849967969950500	-0.8413422317525496	0.5401442993220107	0.0196820979464534	-0.5404432759960162	-0.8401513854331100	-0.0454611370900459	-0.0080196321819417	-0.0488854320300039	0.9987721962664492
_DSC0616.JPG	2693747.2617820762000000	1256238.4112428471000000	584.2627011395235300	2.8298768125350109	-0.4521254597618026	147.1525411857711000	-0.8400914549190223	0.5420701255544068	0.0201575383782478	-0.5423873888227944	-0.8388818007708480	-0.0457519921036257	-0.0078909960101246	-0.0493690522178517	0.9987494324729700
_DSC0617.JPG	2693748.5704988912000000	1256237.4062914595000000	584.2999760319806900	2.8936140388060245	-0.4952835551260071	146.8338751079192800	-0.8370566289246395	0.5467361717640686	0.0203901559113519	-0.5470479662833034	-0.8357818820113087	-0.0469805096496092	-0.0086442211112585	-0.0504797403559684	0.9986876755297295
_DSC0618.JPG	2693749.9492841735000000	1256236.3378365650000000	584.3125852386652900	2.8877711730080113	-0.4983345190720254	146.5476219870814100	-0.8343127242002320	0.5509092855263471	0.0205240677848702	-0.5512228517393875	-0.8330432335666353	-0.0468224169510926	-0.0086974684756941	-0.0503778734137743	0.9986923569910908
_DSC0619.JPG	2693751.2615263369000000	1256235.0862170851000000	584.2928305990413900	2.9010196598527460	-0.4835399639019871	146.5043323053986100	-0.8338978561095017	0.5515228655569896	0.0209020176964813	-0.5518542782245984	-0.8326231241418434	-0.0468571099139086	-0.0084392642561254	-0.0506089113900255	0.9986828910653932
_DSC0620.JPG	2693752.5260638949000000	1256233.8489166624000000	584.2339368787659200	2.9774672616596716	-0.5023741513519786	146.6283816621270800	-0.8350883418378632	0.5497049034631353	0.0212598314921145	-0.5500459835475562	-0.8337425432079463	-0.0481953071195460	-0.0087679706711182	-0.0519412240299640	0.9986116522135016
_DSC0621.JPG	2693753.9030081965000000	1256232.5931494324000000	584.1533101330746800	2.9679349842703124	-0.4579284229598693	146.6478585797861700	-0.8352807042566413	0.5493914302575451	0.0217991159476401	-0.5497656488529886	-0.8339594487227170	-0.0476378969661185	-0.0079922736303409	-0.0517754212505411	0.9986267717804018
_DSC0622.JPG	2693755.3610312343000000	1256231.3290052118000000	584.1276549233954300	3.0625359820024936	-0.5225543647859847	146.5944107818907600	-0.8347594410019120	0.5501826297782430	0.0218116837605952	-0.5505392794328107	-0.8333336581556182	-0.0496136673364960	-0.0091201677493860	-0.0534236658726430	0.9985302872046252
_DSC0623.JPG	2693756.9162906446000000	1256230.1740170117000000	584.1104649913799000	3.0763440393762456	-0.4959117735246661	146.2942448385198300	-0.8318672254780656	0.5545147036780272	0.0225912058176474	-0.5549072057064279	-0.8304417871479755	-0.0494411894432214	-0.0086551851805623	-0.0536645279802779	0.9985215101369346
_DSC0624.JPG	2693758.3800339680000000	1256229.1181986707000000	584.1082595414269500	3.0463145592128140	-0.4745302096771766	146.0929697846671600	-0.8299153791156233	0.5574239413901213	0.0227818584069499	-0.5578278154181099	-0.8285255255370819	-0.0487194199407336	-0.0082820198762746	-0.0531413501767212	0.9985526551204822
_DSC0625.JPG	2693759.9138272684000000	1256227.9118679459000000	584.1237990799395400	2.9942419671244807	-0.4862969760266400	145.5425034343382400	-0.8245164371670964	0.5653878519360482	0.0225659416913887	-0.5657743447674429	-0.8231696154711278	-0.0478662194881403	-0.0084873814718548	-0.0522337156275257	0.9985988200010525
_DSC0626.JPG	2693761.4990893807000000	1256230.8283513896000000	584.1002474045234300	3.0294557898790129	-0.4012230837913859	146.1506459307808800	-0.8304846102222272	0.5565401425680938	0.0236301056773168	-0.5569975544691613	-0.8291381992026202	-0.0477867234533822	-0.0070026066153493	-0.0528480494750932	0.9985780125594940
_DSC0627.JPG	2693759.9446791615000000	1256231.8556021454000000	584.1225444053620800	3.1002428416309868	-0.3683246419828693	145.6610072272415000	-0.8256975328862265	0.5635496208582186	0.0252073206858083	-0.5640764659415204	-0.8243099962573600	-0.0482780554819222	-0.0064284334424326	-0.0540819276722731	0.9985158087595445
_DSC0628.JPG	2693758.4295460731000000	1256233.2085320656000000	584.0760966190242700	3.0394656595208880	-0.2668291734221563	145.5474774555392500	-0.8245863093819339	0.5651309286731447	0.0261620304431902	-0.5657170056169157	-0.8232955547582255	-0.0463540620784926	-0.0046570307828632	-0.0530232304973456	0.9985824197791150
_DSC0629.JPG	2693756.9225003980000000	1256234.5895520602000000	584.0919205248002300	2.8894809124281449	-0.2654782889756155	145.4749220393327100	-0.8238693537294557	0.5662387594358008	0.0247579340417286	-0.5667608129472509	-0.8226983626747528	-0.0441541046750138	-0.0046334536558387	-0.0504090405074912	0.9987179079912071
_DSC0630.JPG	2693755.4668654166000000	1256235.8741356991000000	584.1078997862740600	2.6822869220119387	-0.1636490040343663	145.3564458122574200	-0.8227011205988534	0.5679564449247962	0.0242557793892093	-0.5684669807733035	-0.8217271295343731	-0.0401225168413453	-0.0028562100545318	-0.0467974492423086	0.9989003157515460
_DSC0631.JPG	2693754.0705059953000000	1256237.0784127491000000	584.1238859594964200	2.6093491859018361	-0.2294871894909916	145.3449191812281900	-0.8225834982323430	0.5681952066027799	0.0225963631911351	-0.5686302366539099	-0.8216335097522776	-0.0397244208903437	-0.0040052963385951	-0.0455256284501260	0.9989551415131017
_DSC0632.JPG	2693752.5409871414000000	1256238.2176105913000000	584.1539361104044000	2.6675534793015063	-0.1979387725578559	144.9634641421830000	-0.8187812386679855	0.5736082179382716	0.0238934199937981	-0.5740952433317199	-0.8178065752926809	-0.0400881153454471	-0.0034546764266481	-0.0465404955037771	0.9989104301633106
_DSC0633.JPG	2693751.0104121119000000	1256239.3182668271000000	584.1605670832012700	2.6766919700982599	-0.2071385169096287	144.7629910863966200	-0.8167670568586655	0.5764684204071278	0.0239944806933738	-0.5769562417212589	-0.8157838499007405	-0.0402269235712419	-0.0036152412525426	-0.0466997913746643	0.9989024274253462
_DSC0634.JPG	2693749.5828038827000000	1256240.4705485972000000	584.1995752644036200	2.7642071116164857	-0.2833498879654203	144.5552411908719300	-0.8146650570359556	0.5794373013998370	0.0239428191965291	-0.5799106725839440	-0.8135888043799603	-0.0421529264799531	-0.0049453683220601	-0.0482252126388387	0.9988242448990203
_DSC0635.JPG	2693748.1896977853000000	1256241.5189389198000000	584.2152188934918500	2.7385876632619004	-0.3696782739721278	144.8116679298060800	-0.8172452571477276	0.5758596984793355	0.0222665070640574	-0.5762539029051333	-0.8161512440855364	-0.0427619710049947	-0.0064520582875486	-0.0477781795898486	0.9988371321186123
_DSC0636.JPG	2693746.8721880428000000	1256242.4564866240000000	584.2188200920669500	2.6990161310179679	-0.3549774034224318	144.6731808925308700	-0.8158513578035552	0.5778361514601295	0.0221798114473906	-0.5782284824685514	-0.8147932653080042	-0.0419971055054554	-0.0061954848246022	-0.0470883942651085	0.9988715128049864
_DSC0637.JPG	2693745.5404498130000000	1256243.5162431886000000	584.2435548906072400	2.6420560091454579	-0.3202904851909393	144.9496119653274200	-0.8186345120628287	0.5738970828222404	0.0219014608594318	-0.5742876339466918	-0.8176290979104591	-0.0409435189747965	-0.0055900944146943	-0.0460955158150073	0.9989213954391925
_DSC0638.JPG	2693744.2448031139000000	1256244.4775367461000000	584.2249090945387000	2.5804149479367569	-0.3030242168721293	144.6823341055136900	-0.8159479699793464	0.5777173283096287	0.0217163269769207	-0.5781011498484631	-0.8149943610649404	-0.0397900989724113	-0.0052887456422844	-0.0450208840776596	0.9989720462387309
_DSC0639.JPG	2693742.9221927524000000	1256245.6192989915000000	584.1985093120839600	2.6554081493129282	-0.3243185498978077	144.5800990495808900	-0.8149134854522089	0.5791556521021436	0.0222427935806985	-0.5795549768071429	-0.8138995151542994	-0.0410317936442991	-0.0056603962939769	-0.0463282836908196	0.9989102312240366
_DSC0640.JPG	2693741.5178746078000000	1256246.6746395407000000	584.1570566095712100	2.6828084737990001	-0.3587806232153293	144.3046977659157900	-0.8121154472065760	0.5830731499236733	0.0222306600565253	-0.5834631860620633	-0.8110702296932758	-0.0416628493457005	-0.0062618622445140	-0.0468058152731270	0.9988843800650047
_DSC0641.JPG	2693740.1167967860000000	1256247.6759688254000000	584.1520197364999400	2.8349852916428340	-0.3943362298102210	144.3827209516798300	-0.8129059162132120	0.5819321296464658	0.0232156815684444	-0.5823543627390027	-0.8117320101794198	-0.0442101781146434	-0.0068824112350653	-0.0494584687915769	0.9987524679721118
_DSC0642.JPG	2693738.6377411690000000	1256248.8105147525000000	584.1146825553753400	2.7780150445976979	-0.4176470664550575	144.2569902850554800	-0.8116236934845370	0.5837508990308781	0.0224024118157050	-0.5841351273307456	-0.8104850459249251	-0.0435906337458564	-0.0072892518691887	-0.0484652268406266	0.9987982722224114
_DSC0643.JPG	2693736.3543125261000000	1256250.4907139046000000	584.0649915897226900	2.7349987647718117	-0.3294397836156270	144.2009261718428400	-0.8110598674498522	0.5845007880150154	0.0232533916247540	-0.5849348950729816	-0.8099889069960404	-0.0420611349029003	-0.0057497772294657	-0.0477158186892535	0.9988444026516973
_DSC0644.JPG	2693735.6616188232000000	1256251.0659436444000000	584.0483479771087300	2.7463722641612871	-0.3145208481970510	144.0047001734112700	-0.8090530196692367	0.5872566464132633	0.0237243041528651	-0.5877100287445223	-0.8079813513822666	-0.0419887834022252	-0.0054893967977278	-0.0479141634794322	0.9988363727162039
_DSC0645.JPG	2693734.4694437478000000	1256252.0882902809000000	584.0660410004378500	2.7424145991056448	-0.3052574033404875	144.1883861638980000	-0.8109337223286320	0.5846586600523256	0.0236801439195048	-0.5851137610527689	-0.8098673267776669	-0.0419141938331025	-0.0053277215498354	-0.0478452112944942	0.9988405534114404
_DSC0646.JPG	2693733.1312172282000000	1256253.1943921554000000	584.0728768406711400	2.7405965874362819	-0.2750176490429117	144.0019595085503000	-0.8090277761368956	0.5872710127774334	0.0242242644956884	-0.5877508128165807	-0.8079768640559709	-0.0415014359236909	-0.0047999450453350	-0.0478136455590564	0.9988447406008177
_DSC0647.JPG	2693731.8056880236000000	1256254.4183259853000000	584.0676510746335500	2.7468117500502474	-0.2512824118584645	144.0303628938083000	-0.8093205837866964	0.5868517043587155	0.0246022305987076	-0.5873507966882158	-0.8082750464702471	-0.0413580812325484	-0.0043856913798851	-0.0479220861898821	0.9988414485624485
_DSC0648.JPG	2693730.3990843557000000	1256255.5254143584000000	584.0819226635520600	2.8422060365435051	-0.3046199754142531	144.0428200042152000	-0.8094446095427893	0.5866715617868766	0.0248173864995640	-0.5871721705631748	-0.8083055271088614	-0.0432552535698939	-0.0053165964913426	-0.0495848105352117	0.9987557661239985
_DSC0649.JPG	2693728.9047630094000000	1256256.8124228998000000	584.0419422973521900	2.8966167085203280	-0.3729983116367129	143.8041278917967500	-0.8069857597876642	0.5900584959423002	0.0245958302611875	-0.5905350145125226	-0.8057775113941514	-0.0446206092085587	-0.0065100026590987	-0.0505328952045954	0.9987011797167459
_DSC0650.JPG	2693727.4107850045000000	1256257.8987272694000000	584.0501963669398700	2.8329194896179715	-0.3243288571948650	143.9473820534367100	-0.8084639041799544	0.5880349180934316	0.0245163362058157	-0.5885185413522099	-0.8073241717205271	-0.0432851965506976	-0.0056605761873655	-0.0494228374197209	0.9987619040685376
_DSC0651.JPG	2693727.6216264088000000	1256258.4975083694000000	584.0470600756281100	2.7458019677801579	-0.2995618560914159	144.7294905767420200	-0.8164237508851037	0.5769790052253645	0.0233984298585857	-0.5774295833201453	-0.8153529338079306	-0.0421268280021579	-0.0052283168822881	-0.0479042885340026	0.9988382470863987
_DSC0652.JPG	2693729.7264064513000000	1256260.0157992900000000	584.1079423342265500	2.6295725295961931	-0.3380011521200545	142.8535494271460200	-0.7970807669573949	0.6034342895516062	0.0230067194523569	-0.6038438957218651	-0.7960918832256824	-0.0401280832040032	-0.0058991987636036	-0.0458777904386685	0.9989296410650818
_DSC0653.JPG	2693731.1641058251000000	1256258.7709277577000000	584.1833818102773000	2.4759914773566662	-0.3980765310720016	143.7714031341708700	-0.8066459655000652	0.5906987139978295	0.0199327776232725	-0.5909940912925529	-0.8057349528042750	-0.0389508650325400	-0.0069476902462788	-0.0431997119296388	0.9990422986487798
_DSC0654.JPG	2693732.9636331312000000	1256257.4730161163000000	584.1545897669782300	2.6283185424136644	-0.4760360879365606	143.6010198446196300	-0.8048765789770442	0.5930869758524275	0.0205312368948375	-0.5933840786036473	-0.8038315401551942	-0.0418352759215107	-0.0083083015057722	-0.0458551428517029	0.9989135488119778
_DSC0655.JPG	2693734.4972259980000000	1256256.0431291519000000	584.0795883269581700	2.6714484463587014	-0.5259448611401504	143.8839348003811000	-0.8077906125137022	0.5891279341266490	0.0200649835884525	-0.5893980539846933	-0.8066945464518317	-0.0430562734561485	-0.0091793405969626	-0.0466067157879686	0.9988711397120575
_DSC0656.JPG	2693736.0607412495000000	1256254.6464453682000000	584.0425476024222500	2.7524913018331532	-0.4779477164035960	143.4655842165456400	-0.8034714685860962	0.5949405923349559	0.0218927102075957	-0.5952848190576203	-0.8023339590523018	-0.0435454056244249	-0.0083416645604163	-0.0480198890418437	0.9988115472343974
_DSC0657.JPG	2693737.4536930621000000	1256253.3988018744000000	583.9882937321533500	2.7411450020807058	-0.4465837766770261	143.2601347962596200	-0.8013352931605052	0.5977971220275127	0.0223684785130885	-0.5981646906664396	-0.8002197373847039	-0.0429810974717749	-0.0077942783687720	-0.0478223043733658	0.9988254484288689
_DSC0658.JPG	2693738.7773092706000000	1256252.2915527609000000	583.9927405049081700	2.7117050907738856	-0.3912054248455023	143.4785654501211200	-0.8036155467971874	0.5947166639312795	0.0226747125297649	-0.5951095987356210	-0.8025421541134457	-0.0420791678111499	-0.0068277696641109	-0.0473094125243622	0.9988569472392002
_DSC0659.JPG	2693740.0760213584000000	1256251.2322084298000000	583.9785606248361800	2.6944580422396975	-0.3907731758479034	143.5301215388911700	-0.8041507563891689	0.5940007789617708	0.0224640956091525	-0.5943862763561389	-0.8030898162975795	-0.0418533324671219	-0.0068202256715708	-0.0470087391016763	0.9988711943838702
_DSC0660.JPG	2693741.4707628433000000	1256250.0996683917000000	583.9364762096520300	2.7945153011913551	-0.4572286953391418	143.4207544910240400	-0.8030078260135478	0.5955377776187355	0.0226536264190453	-0.5959150526542758	-0.8018465806464822	-0.0439011517570627	-0.0079800614689497	-0.0487526054122458	0.9987790056286076
_DSC0661.JPG	2693742.8342845831000000	1256249.0809094566000000	583.8889816894619600	2.7774136607005069	-0.4438485844622762	143.0825687080806000	-0.7994779645929847	0.6002580053019693	0.0229196684347717	-0.6006454654968655	-0.7983373228557925	-0.0433882900504231	-0.0077465417001722	-0.0484545767327199	0.9987953469481827
_DSC0662.JPG	2693744.1386011019000000	1256248.0155225510000000	583.8536258072459800	2.7731130617703399	-0.4199789430210725	143.2547986135127200	-0.8012823939438251	0.5978410702655661	0.0230776918121278	-0.5982414203254108	-0.8001533937873780	-0.0431479943633113	-0.0073299497057213	-0.0483797593448284	0.9988021179007623
_DSC0663.JPG	2693745.5826589745000000	1256246.9184178808000000	583.7824194892094700	2.7693491900529557	-0.3824496115514832	143.2842850411703400	-0.8015938406777915	0.5974053491679910	0.0235406748607225	-0.5978317150822216	-0.8004827110377377	-0.0427161535197559	-0.0066749553764142	-0.0483143675850623	0.9988098752293044
_DSC0664.JPG	2693747.0413709842000000	1256245.7753081727000000	583.7589561672721200	2.7538296975531975	-0.3623548835177751	143.2248699939035500	-0.8009752912470560	0.5982279887294625	0.0237035084406567	-0.5986640015520652	-0.7998844004921829	-0.0422653415333412	-0.0063242436198385	-0.0480439314582312	0.9988252022214268
_DSC0665.JPG	2693748.4547050111000000	1256244.5597167732000000	583.7485216239960000	2.8653757542148819	-0.4015503743876766	143.1582424298327100	-0.8002749315966710	0.5991377350096147	0.0243722864231601	-0.5995922925838106	-0.7990839488725160	-0.0442032275789467	-0.0070083187736939	-0.0499881700190658	0.9987252206318369
_DSC0666.JPG	2693749.8472079802000000	1256243.3843755415000000	583.7810820333082800	2.8649553868291142	-0.4135451741814898	143.1242979484368900	-0.7999183757531678	0.5996195905888924	0.0242268180829136	-0.6000654110048285	-0.7987228990065307	-0.0443083865448729	-0.0072176622268024	-0.0499807681474814	0.9987241001234364
_DSC0667.JPG	2693751.1815190781000000	1256242.2769114540000000	583.8085767802824600	2.8734948656668564	-0.3929521609329271	143.0741585493237600	-0.7993949758928960	0.6003002947777060	0.0246420089886353	-0.6007667075098075	-0.7982020825766463	-0.0441904799490838	-0.0068582552462021	-0.0501297462601231	0.9987191661697865
_DSC0668.JPG	2693752.5329518709000000	1256241.1428440821000000	583.8303788122066200	2.9705948240677715	-0.4366086120369722	143.1510190730381300	-0.8001957524765369	0.5992180675713424	0.0249893020025583	-0.5996904956001842	-0.7989068750297466	-0.0460338409977979	-0.0076201840735484	-0.0518219309392353	0.9986272679375499
_DSC0669.JPG	2693753.9859959129000000	1256240.0942729176000000	583.8411990268157300	2.8534865488584131	-0.3102951415427990	142.9461909635325300	-0.7980582629843839	0.6020328336727490	0.0256802660092925	-0.6025559556317175	-0.7969179866085132	-0.0429888701012401	-0.0054156453997428	-0.0497814202267632	0.9987454535491567
_DSC0670.JPG	2693755.3610407412000000	1256238.9642974453000000	583.8839882332573600	2.9249029064341747	-0.3387888887461620	142.9199344220609200	-0.7977798027236027	0.6023857115435654	0.0260545753072737	-0.6029199146011247	-0.7965725259903054	-0.0442694862721182	-0.0059129471215783	-0.0510261243440760	0.9986798144003714
_DSC0671.JPG	2693756.8261913415000000	1256237.8565404043000000	583.8967508650163200	2.9000003707058304	-0.2910634829148369	142.9158098797420300	-0.7977400507516353	0.6024207029118586	0.0264595564959157	-0.6029801033907348	-0.7965737357701695	-0.0434197926763290	-0.0050799942595878	-0.0505922937248207	0.9987064701272264
_DSC0672.JPG	2693758.2992381137000000	1256236.7865207007000000	583.9393440249907600	2.8801751151193473	-0.2402889127066767	142.8757543933121800	-0.7973215887215659	0.6029510669085161	0.0269869426278806	-0.6035401362205023	-0.7961942332513181	-0.0425916295565568	-0.0041938203890955	-0.0502469287740804	0.9987280200431531
_DSC0673.JPG	2693759.7709436323000000	1256235.6292835267000000	583.9741760802876300	2.8933090552004628	-0.2143485821794381	142.8374297807758100	-0.7969191394848917	0.6034590784041000	0.0275141020993680	-0.6040744072088666	-0.7957947715664279	-0.0424828448057934	-0.0037410797794666	-0.0504759570410633	0.9987182696250592
_DSC0674.JPG	2693761.2440626770000000	1256234.5781050925000000	584.0159741717136500	2.8021437014576285	-0.1467395078252657	142.8286332843243500	-0.7968293507076949	0.6035783063993682	0.0274993435344140	-0.6041989959406036	-0.7958035506882197	-0.0405003952621304	-0.0025610847545399	-0.0488869794126474	0.9988010332838004
_DSC0675.JPG	2693762.6280471236000000	1256233.4635510321000000	584.0068628835800800	2.7674096449819725	-0.1294932767113853	142.8139239483443000	-0.7966747887154636	0.6037875783257114	0.0273832299910819	-0.6044039816662454	-0.7956817555894235	-0.0398292702434053	-0.0022600821137330	-0.0482815086933487	0.9988312109396330
_DSC0676.JPG	2693764.0479959920000000	1256232.3521160365000000	584.0436034563190300	2.6890541558992340	-0.2748746526720274	142.4262470829054100	-0.7925599457547627	0.6092890833500767	0.0248101853203697	-0.6097751363127747	-0.7915590869188447	-0.0401060475607099	-0.0047974493165804	-0.0469150810148283	0.9988873608437676
_DSC0677.JPG	2693765.6430049725000000	1256235.2512476523000000	584.0831968003277600	2.6681609603069907	-0.2771383769607207	143.6839692273580300	-0.8057531855451096	0.5917780299285121	0.0236763020304566	-0.5922317180110410	-0.8047557296953063	-0.0403708769320915	-0.0048369583003530	-0.0465508197189282	0.9989042121334241
_DSC0678.JPG	2693764.2266827188000000	1256236.2469279675000000	584.1383128568491000	2.6819304615870081	-0.1233505547756378	142.7372522050918100	-0.7958654660055560	0.6048880650329256	0.0266193313304856	-0.6054696731987567	-0.7949345894001324	-0.0385418397567290	-0.0021528716519512	-0.0467913171001395	0.9989023664941860
_DSC0679.JPG	2693762.5946903303000000	1256237.5935546623000000	584.1101694159787000	2.6686022820658879	-0.1374821950266773	142.7197290605376500	-0.7956798073178952	0.6051464725691701	0.0262943142836610	-0.6057127095875877	-0.7947515418635677	-0.0384980538410028	-0.0023995146634760	-0.0465589244138273	0.9989126632928466
_DSC0680.JPG	2693760.9246450122000000	1256238.9015737295000000	584.0899287155068600	2.5991038543358225	-0.1319935776889944	142.6516649939717600	-0.7949598735292573	0.6061182147671556	0.0256809113121655	-0.6066576401482773	-0.7940808128028508	-0.0374455656665365	-0.0023037204844651	-0.0453472431999971	0.9989686283392937
_DSC0681.JPG	2693759.2952028923000000	1256240.0674254310000000	584.1074975727065100	2.5888094498523344	-0.2052735419425442	142.5706553139075100	-0.7940983454587849	0.6072908359340286	0.0246101265776870	-0.6077787278781377	-0.7931946354586646	-0.0380432414290445	-0.0035826915097044	-0.0451675864990001	0.9989729993605442
_DSC0682.JPG	2693757.7739015091000000	1256241.1768229464000000	584.0837634232297000	2.6068138100301788	-0.2521949047005133	142.6367470922282300	-0.7947963029267231	0.6063973208297075	0.0241065581235831	-0.6068603320532392	-0.7938600230866312	-0.0388175363093281	-0.0044016172306595	-0.0454813482149165	0.9989554908654882
_DSC0683.JPG	2693756.3490514234000000	1256242.2885429172000000	584.0554697499633200	2.6223985998902264	-0.2027935550347033	142.6619579145696500	-0.7950659735974019	0.6060100145772801	0.0249391230732003	-0.6065126298929866	-0.7941401039105025	-0.0385217489388784	-0.0035394078472039	-0.0457532249471160	0.9989465025710986
_DSC0684.JPG	2693754.9470862113000000	1256243.2577106019000000	584.0695776448538900	2.6944399403391097	-0.2624892978286482	142.6195290533114200	-0.7946132573043770	0.6066049740069450	0.0249033496976119	-0.6070986601289637	-0.7936123469399399	-0.0401330244823111	-0.0045812864727246	-0.0470090235435091	0.9988839589860981
_DSC0685.JPG	2693753.5452402234000000	1256244.2925495640000000	584.0855056955038000	2.7433749671198879	-0.3130494398383152	142.5743255560950000	-0.7941305199634068	0.6072429285431019	0.0247536461364002	-0.6077226876357784	-0.7930733021036072	-0.0413264131425247	-0.0054637162623497	-0.0478619183158942	0.9988390183506686
_DSC0686.JPG	2693752.1603659820000000	1256245.4308517142000000	584.0906214902980800	2.7002809529929288	-0.2861231618468487	142.4492952559880600	-0.7928044117444814	0.6089730791064839	0.0247579005987001	-0.6094556808947094	-0.7917906068429355	-0.0403906912600166	-0.0049937704846498	-0.0471107613912550	0.9988771888563093
_DSC0687.JPG	2693750.7981755808000000	1256246.6392904741000000	584.1034401145842600	2.6932033328892504	-0.3103205461291920	142.6520995598508300	-0.7949549243952909	0.6061854570362030	0.0242045420838116	-0.6066443226157562	-0.7939341208569049	-0.0406359148690390	-0.0054160887869177	-0.0469872686691090	0.9988808049838928
_DSC0688.JPG	2693749.4616841506000000	1256247.7747486860000000	584.1198528260790700	2.7134776347074490	-0.3181250949359415	142.5419359733476800	-0.7937864571774066	0.6077073347694771	0.0243896631612657	-0.6081712195971900	-0.7927487966315521	-0.0409525712610673	-0.0055523018116780	-0.0473406876439799	0.9988633696547227
_DSC0689.JPG	2693748.0585033260000000	1256248.9354595321000000	584.1114316385683200	2.7243567415404413	-0.3120668792728469	142.5652958267624800	-0.7940348081961640	0.6073754461434819	0.0245721548686153	-0.6078478907376861	-0.7929917596603957	-0.0410488834982787	-0.0054465676005478	-0.0475303748429901	0.9988549436072575
_DSC0690.JPG	2693746.0045331139000000	1256250.5326112886000000	584.1117750774545800	2.7359086510154218	-0.3191495661561627	142.4398874519510500	-0.7927019166434772	0.6091093741838255	0.0246868716354697	-0.6095839929189518	-0.7916485661537857	-0.0412298833813814	-0.0055701819310632	-0.0477317293636357	0.9988446601375068
_DSC0691.JPG	2693745.1610003971000000	1256251.2090225422000000	584.0995715030696800	2.7432512346675408	-0.3530165503773012	142.4138294722589000	-0.7924218498548508	0.6094885974615352	0.0243158680080951	-0.6099423339312563	-0.7913489188649721	-0.0416801858169122	-0.0061612621360166	-0.0478595672317537	0.9988350718077937
_DSC0692.JPG	2693743.8490509167000000	1256252.2336769837000000	584.1104184470643800	2.7534269092803525	-0.3489171075839358	142.4700527706062000	-0.7930203410398657	0.6087047214941511	0.0244397366545354	-0.6091647183413018	-0.7919412924045430	-0.0418011400895294	-0.0060897147041156	-0.0480369796651499	0.9988269940082079
_DSC0693.JPG	2693742.3881335706000000	1256253.3188272845000000	584.1127006896022100	2.8190042019632222	-0.3974527421329651	142.4063793247603400	-0.7923385080900025	0.6095890242425064	0.0245134681507660	-0.6100422685004392	-0.7911905974820687	-0.0431957069487817	-0.0069368033378108	-0.0491798737191974	0.9987658488256479
_DSC0694.JPG	2693740.9597777147000000	1256254.3811902073000000	584.1353291916634600	2.8383082982711128	-0.4063866102305747	142.4312346128213800	-0.7926022069434917	0.6092435755597082	0.0245765576826534	-0.6096978225330918	-0.7914356572677757	-0.0435679423834848	-0.0070927249145435	-0.0495163209896099	0.9987481300152408
_DSC0695.JPG	2693739.5869440883000000	1256255.4000144463000000	584.1305691223416300	2.8708764754402112	-0.4621851745846034	142.4322078610432800	-0.7926067125117613	0.6092547247028067	0.0241511844141369	-0.6096798584513496	-0.7913913747767369	-0.0446112332011680	-0.0080665655666400	-0.0500836535837170	0.9987124501895754
_DSC0696.JPG	2693738.2495307494000000	1256256.5561787596000000	584.1343988753166100	2.8643066982418151	-0.4375625028527390	142.6300886825713100	-0.7947102970786749	0.6065035718823615	0.0242685189301177	-0.6069408723361984	-0.7935089702238320	-0.0443428873900664	-0.0076368321245573	-0.0499693052608395	0.9987215564544758
_DSC0697.JPG	2693736.8557262439000000	1256257.5848692784000000	584.1204888904537700	2.8724159059766738	-0.4061702070562094	142.4439734000451700	-0.7927377650051091	0.6090527152492244	0.0249324283264086	-0.6095216015450844	-0.7915451294290182	-0.0440423129174017	-0.0070889480615926	-0.0501108583517178	0.9987185032283295
_DSC0698.JPG	2693735.3920241930000000	1256258.7700971058000000	584.1273726311718500	2.9006686815385074	-0.4395094952646486	142.2039735756816600	-0.7901742683000305	0.6123737842101579	0.0249594496862894	-0.6128342225685691	-0.7889471934016195	-0.0446826775438248	-0.0076708125573073	-0.0506031069781150	0.9986893832412921
_DSC0699.JPG	2693734.0382234566000000	1256259.8606140760000000	584.1965865611316500	3.0118211003961957	-0.5130864635281989	142.5822141777335900	-0.7941941945243196	0.6071568053609305	0.0248232771361141	-0.6075980502275824	-0.7928430957148415	-0.0471639156235673	-0.0089549284479334	-0.0525398827674342	0.9985786749051256
_DSC0700.JPG	2693732.7111328598000000	1256260.9706848979000000	584.2419802349019200	2.9953697066356515	-0.5285856437788585	142.6512884285410800	-0.7949241662697346	0.6062188570594699	0.0243775968027488	-0.6066386579671497	-0.7935794341349406	-0.0471298247172960	-0.0092254289972372	-0.0522530292287195	0.9985912639294617
_DSC0701.JPG	2693731.3007576242000000	1256262.1088336718000000	584.2223173391761300	2.9222162090794108	-0.5411014086389195	142.7269779994040800	-0.7957232390195961	0.6052093975091492	0.0233690404333475	-0.6055867736151777	-0.7944323996583751	-0.0462798227675518	-0.0094438607848023	-0.0509779122723630	0.9986551286374235
_DSC0702.JPG	2693730.6202466767000000	1256262.9291718525000000	584.1964335013689200	2.8320812060675049	-0.4337913162449855	143.2408033484442200	-0.8011348025669147	0.5980219642062282	0.0235108154472660	-0.5984360516019727	-0.7999553858604497	-0.0441097809550234	-0.0075710144044180	-0.0494076002228775	0.9987500031444827
_DSC0703.JPG	2693731.1231554803000000	1256266.8712145812000000	584.1949172642924900	2.5759771709521351	-0.4118584344472485	141.2981081869748200	-0.7803896000560883	0.6248887176598332	0.0224980591551294	-0.6252522703377335	-0.7794191551061706	-0.0395648719332327	-0.0071882238285137	-0.0449429771491835	0.9989636921546042
_DSC0704.JPG	2693732.6953346524000000	1256265.6633663212000000	584.2263105253437100	2.3946718737867112	-0.4453053616415010	142.1701299062604800	-0.7898115225135245	0.6130397903142734	0.0194929319575221	-0.6133003794566743	-0.7889464642379147	-0.0377640189173831	-0.0077719664930195	-0.0417814798436396	0.9990965441231928
_DSC0705.JPG	2693734.3815735318000000	1256264.2123392932000000	584.1990205225816900	2.5418968407726878	-0.5275507591432068	142.2297453407288700	-0.7904395919765631	0.6122168842808484	0.0198931655946209	-0.6124707958894311	-0.7894452090977850	-0.0406913506180513	-0.0092073676201006	-0.0443480375440057	0.9989737113395448
_DSC0706.JPG	2693735.8462080397000000	1256262.7996609625000000	584.1882422712542400	2.5239863465450081	-0.4453968990931446	142.3633857332899000	-0.7918756478091814	0.6103300248551510	0.0207417252681702	-0.6106328930776384	-0.7909222878788657	-0.0396157093599845	-0.0077735640746777	-0.0440362952207827	0.9989996878902439
_DSC0707.JPG	2693737.4543547928000000	1256261.3874648849000000	584.2052625400291400	2.6180795912950154	-0.4273256083501388	142.0987745846796000	-0.7890490005469678	0.6139296890044034	0.0221813366321351	-0.6142849912219613	-0.7880380410885066	-0.0406201348695946	-0.0074581696994947	-0.0456769389992994	0.9989284223348479
_DSC0708.JPG	2693738.9059279598000000	1256260.1105027148000000	584.1996050324021300	2.7679292852128752	-0.5780125315504564	142.5290185203551500	-0.7936211711442555	0.6080364231510131	0.0213809455670812	-0.6083285855071666	-0.7924392434893754	-0.0444564667156122	-0.0100880506774276	-0.0482882335534084	0.9987824977109987
_DSC0709.JPG	2693740.3842382077000000	1256258.8479706801000000	584.1848131548275700	2.6947801198104244	-0.3790767703780753	142.5694057326811900	-0.7940728064945778	0.6073748276418671	0.0233280246235620	-0.6077866445930269	-0.7930229903322578	-0.0413513174981628	-0.0066160894926890	-0.0470144185489530	0.9988723000505764
_DSC0710.JPG	2693741.7057172842000000	1256257.6040726532000000	584.1679719523908700	2.8261888933876698	-0.4863564686485887	142.4905088712170300	-0.7932239084623933	0.6084842492570575	0.0232969837043358	-0.6088709040292050	-0.7920328163768413	-0.0442745977827829	-0.0084884197765844	-0.0493045250280724	0.9987477211695919
_DSC0711.JPG	2693743.0531278457000000	1256256.5837338951000000	584.1948785962690600	2.7743658056663154	-0.3923836428233752	142.3885112675791600	-0.7921487070262621	0.6098512637718219	0.0241218165263990	-0.6102897068542149	-0.7910364754061388	-0.0425178584224308	-0.0068483329663545	-0.0484017629115417	0.9988044701955620
_DSC0712.JPG	2693745.0302504618000000	1256255.0223951756000000	584.2190001788249000	2.7243450193815320	-0.3117506461118997	142.4425910692710600	-0.7927312438322531	0.6090721218355863	0.0246642545978162	-0.6095470203723237	-0.7916893539516731	-0.0409926431790501	-0.0054410483724684	-0.0475301719151038	0.9988549833435929
_DSC0713.JPG	2693746.3344360348000000	1256254.0001792868000000	584.2389057387857700	2.8629901444542325	-0.3768371656040279	142.3573974610031900	-0.7918186217646142	0.6102319286599500	0.0253034280433426	-0.6107208963784054	-0.7906467714104133	-0.0435622495407058	-0.0065770018659064	-0.0499467326483647	0.9987302273107634
_DSC0714.JPG	2693747.6426018663000000	1256252.9998817770000000	584.2614342120464200	2.8182081800509957	-0.3205531502505781	142.3749173766020400	-0.7920100661145645	0.6099714630929265	0.0255904158910621	-0.6104823951133236	-0.7908966292940127	-0.0423528868917988	-0.0055946787131268	-0.0491664111324382	0.9987749313966852
_DSC0715.JPG	2693749.0166824553000000	1256251.8888914450000000	584.2854823861069900	2.7832492952992656	-0.2855535398585005	142.4678887262630600	-0.7930021882239701	0.6086792440845423	0.0256341040932888	-0.6091984002951724	-0.7919291509698860	-0.0415394862982027	-0.0049838288291783	-0.0485571587388061	0.9988079714266481
_DSC0716.JPG	2693750.4285928272000000	1256250.7694595247000000	584.2874502935058000	2.7890115979519581	-0.3218994474184688	142.5389444086803200	-0.7937544098142073	0.6077185855012106	0.0251407584791639	-0.6082124406839518	-0.7926604403977934	-0.0420363322097327	-0.0056181756621291	-0.0486574461391487	0.9987997241877100
