<?xml version="1.0" encoding="UTF-8"?>
<document version="1.4.0">
  <chunk label="SONY-A-9" enabled="1">
    <sensors next_id="1">
      <sensor id="0" label="SONY-A-9" type="frame">
        <resolution width="6000" height="4000"/>
        <property name="pixel_width" value="0.006"/>
        <property name="pixel_height" value="0.006"/>
        <property name="focal_length" value="55"/>
        <property name="fixed" value="1"/>
        <property name="layer_index" value="0"/>
        <calibration type="frame" class="initial">
          <resolution width="6000" height="4000"/>
          <f>9227.77018581081</f>
          <cx>-37.8304617831239</cx>
          <cy>31.7622333680372</cy>
          <k1>-0.017282082281574</k1>
        </calibration>
      </sensor>
    </sensors>
    <cameras next_id="550" next_group_id="0">
      <camera id="0" sensor_id="0" label="_DSC0591.JPG" enabled="1"/>
      <camera id="1" sensor_id="0" label="_DSC0592.JPG" enabled="1"/>
      <camera id="2" sensor_id="0" label="_DSC0593.JPG" enabled="1"/>
      <camera id="3" sensor_id="0" label="_DSC0594.JPG" enabled="1">
        <transform>-1.2583311744618353e-004 -9.9726912167578519e-001 -7.3853118539674842e-002 -1.2802190941778345e+001 -9.9992189226474459e-001 -7.9751749595979859e-004 1.2472904053864916e-002 2.4069541654258735e+001 -1.2497741224710816e-002 7.3848919544244829e-002 -9.9719112688913747e-001 -6.5620154113617728e+000 0.0000000000000000e+000 0.0000000000000000e+000 0.0000000000000000e+000 1.0000000000000000e+000</transform>
      </camera>
      <camera id="4" sensor_id="0" label="_DSC0595.JPG" enabled="1">
        <transform>9.5565251847173904e-005 -9.9737855573271139e-001 -7.2360261413385168e-002 -1.2889329240476684e+001 -9.9992863598299186e-001 -9.5974449700819697e-004 1.1908057427392177e-002 2.4077621571663890e+001 -1.1946288481208173e-002 7.2353959497951884e-002 -9.9730747051072088e-001 -6.5627468547342014e+000 0.0000000000000000e+000 0.0000000000000000e+000 0.0000000000000000e+000 1.0000000000000000e+000</transform>
      </camera>
      <camera id="5" sensor_id="0" label="_DSC0596.JPG" enabled="1">
        <transform>6.0810477048909295e-003 -9.9740361339143224e-001 -7.1756901079445157e-002 -1.2792547289833394e+001 -9.9993781699284867e-001 -6.7359063464730307e-003 8.8876157245776632e-003 2.4225410561650744e+001 -9.3478878035125473e-003 7.1698393004348285e-002 -9.9738255320323654e-001 -4.4893818549344031e+000 0.0000000000000000e+000 0.0000000000000000e+000 0.0000000000000000e+000 1.0000000000000000e+000</transform>
      </camera>
      <camera id="6" sensor_id="0" label="_DSC0597.JPG" enabled="1">
        <transform>8.0224830413672121e-003 -9.9730932822034601e-001 -7.2867987556491709e-002 -1.2742567589195865e+001 -9.9992330823844133e-001 -8.6883451972081804e-003 8.8255480977151857e-003 2.4154467545447559e+001 -9.4349036742253575e-003 7.2791596372220088e-002 -9.9730254491314818e-001 -4.4479000646597173e+000 0.0000000000000000e+000 0.0000000000000000e+000 0.0000000000000000e+000 1.0000000000000000e+000</transform>
      </camera>
      <camera id="7" sensor_id="0" label="_DSC0598.JPG" enabled="1">
        <transform>1.2893089225416876e-002 -9.9727330749345555e-001 -7.2661670853958943e-002 -1.2720778674389623e+001 -9.9987641390392612e-001 -1.3512243730254614e-002 8.0359310598448405e-003 2.4125671809782709e+001 -8.9958417532670851e-003 7.2549082905560031e-002 -9.9732427294271364e-001 -1.6341206461374831e+000 0.0000000000000000e+000 0.0000000000000000e+000 0.0000000000000000e+000 1.0000000000000000e+000</transform>
      </camera>
      <camera id="8" sensor_id="0" label="_DSC0599.JPG" enabled="1">
        <transform>1.2545099114473768e-002 -9.9721529929752772e-001 -7.3513722087446220e-002 -1.2637920471377795e+001 -9.9988561072283433e-001 -1.3131919423943095e-002 7.5045427354111585e-003 2.3956831083595386e+001 -8.4490211049906075e-003 7.3411167673490346e-002 -9.9726596979099924e-001 -1.5175523485621796e+000 0.0000000000000000e+000 0.0000000000000000e+000 0.0000000000000000e+000 1.0000000000000000e+000</transform>
      </camera>
      <camera id="9" sensor_id="0" label="_DSC0600.JPG" enabled="1">
        <transform>1.8679803103158310e-002 -9.9695331039389379e-001 -7.5730851379630815e-002 -1.2564152754760281e+001 -9.9979364797142833e-001 -1.9230309376922494e-002 6.5465011457699132e-003 2.4091334841044549e+001 -7.9828836901807629e-003 7.5592936812405587e-002 -9.9710680544867647e-001 1.5029536706378397e+000 0.0000000000000000e+000 0.0000000000000000e+000 0.0000000000000000e+000 1.0000000000000000e+000</transform>
      </camera>
      <camera id="10" sensor_id="0" label="_DSC0601.JPG" enabled="1">
        <transform>9.5967048039396563e-001 -2.8062548325630937e-001 -1.6790092542257516e-002 6.2054289981000377e+000 -2.8084064445895413e-001 -9.5967701097218916e-001 -1.2188807626835626e-002 2.2617941246503634e+001 -1.2692575794301202e-002 1.6412579280768062e-002 -9.9978473971203341e-001 4.9677547316219750e-001 0.0000000000000000e+000 0.0000000000000000e+000 0.0000000000000000e+000 1.0000000000000000e+000</transform>
      </camera>
      <camera id="11" sensor_id="0" label="_DSC0602.JPG" enabled="1">
        <transform>9.9723544975926359e-001 -7.2318517515739270e-002 -1.7073071421517018e-002 5.1672078863150785e+000 -7.2515625890875082e-002 -9.9730414031129400e-001 -1.1222108518697342e-002 2.2599999848273246e+001 -1.6215478565036412e-002 1.2429148895901332e-002 -9.9979126547126340e-001 5.6938652330501804e-001 0.0000000000000000e+000 0.0000000000000000e+000 0.0000000000000000e+000 1.0000000000000000e+000</transform>
      </camera>
      <camera id="12" sensor_id="0" label="_DSC0603.JPG" enabled="1">
        <transform>9.9955566371653581e-001 -2.5428242025002455e-002 -1.5552480178829309e-002 4.0237342952731368e+000 -2.5593583183319550e-002 -9.9961701099366851e-001 -1.0526149909752347e-002 2.2615541540460253e+001 -1.5278862262402989e-002 1.0919516454586059e-002 -9.9982364471358876e-001 6.4830376293990122e-001 0.0000000000000000e+000 0.0000000000000000e+000 0.0000000000000000e+000 1.0000000000000000e+000</transform>
      </camera>
      <camera id="13" sensor_id="0" label="_DSC0604.JPG" enabled="1">
        <transform>9.9989777045318684e-001 2.8812279044891057e-003 -1.4005255031886083e-002 2.9304267124172920e+000 2.7384591512982178e-003 -9.9994420385000293e-001 -1.0202452070971958e-002 2.2658746632602615e+001 -1.4033869182176676e-002 1.0163056260112026e-002 -9.9984987013212701e-001 6.7630265347059315e-001 0.0000000000000000e+000 0.0000000000000000e+000 0.0000000000000000e+000 1.0000000000000000e+000</transform>
      </camera>
      <camera id="14" sensor_id="0" label="_DSC0605.JPG" enabled="1">
        <transform>9.9965234322612351e-001 2.2726458846869742e-002 -1.3367900014640208e-002 1.8510209777392959e+000 2.2605764375498338e-002 -9.9970293541110122e-001 -9.1115502208518849e-003 2.2710708429499569e+001 -1.3571002156043295e-002 8.8061909307709171e-003 -9.9986913088752338e-001 6.9407438758722817e-001 0.0000000000000000e+000 0.0000000000000000e+000 0.0000000000000000e+000 1.0000000000000000e+000</transform>
      </camera>
      <camera id="15" sensor_id="0" label="_DSC0606.JPG" enabled="1">
        <transform>9.9900525313882871e-001 4.2742816561946159e-002 -1.2710461572103971e-002 9.2684875897086572e-001 4.2586895917128761e-002 -9.9901711412764360e-001 -1.2294794679801031e-002 2.2803636895714611e+001 -1.3223482792659148e-002 1.1741265367354701e-002 -9.9984362886923750e-001 7.1992303257263324e-001 0.0000000000000000e+000 0.0000000000000000e+000 0.0000000000000000e+000 1.0000000000000000e+000</transform>
      </camera>
      <camera id="16" sensor_id="0" label="_DSC0607.JPG" enabled="1">
        <transform>9.9802081823755695e-001 6.1757556585808636e-002 -1.1851184286307534e-002 6.9687937952261289e-002 6.1620719720563467e-002 -9.9803241507123497e-001 -1.1583840822368010e-002 2.2899676150173274e+001 -1.2543255779786169e-002 1.0830635790610032e-002 -9.9986267260199990e-001 7.5850325010916497e-001 0.0000000000000000e+000 0.0000000000000000e+000 0.0000000000000000e+000 1.0000000000000000e+000</transform>
      </camera>
      <camera id="17" sensor_id="0" label="_DSC0608.JPG" enabled="1">
        <transform>9.9676366826642204e-001 7.9722124893083168e-002 -1.0323392203992240e-002 -6.9423775346479233e-001 7.9615178825675009e-002 -9.9677155566177811e-001 -1.0386968958963395e-002 2.2991975801690703e+001 -1.1118134943487075e-002 9.5314545652973939e-003 -9.9989276347478784e-001 7.7036046881356901e-001 0.0000000000000000e+000 0.0000000000000000e+000 0.0000000000000000e+000 1.0000000000000000e+000</transform>
      </camera>
      <camera id="18" sensor_id="0" label="_DSC0609.JPG" enabled="1">
        <transform>9.9582737381498743e-001 9.0766101020284484e-002 -9.4528549296738415e-003 -1.5387158217869483e+000 9.0675738850114818e-002 -9.9583433149773937e-001 -9.5861668270603752e-003 2.3051734760760400e+001 -1.0283576456259123e-002 8.6890227313527538e-003 -9.9990937036275562e-001 7.8282943408434036e-001 0.0000000000000000e+000 0.0000000000000000e+000 0.0000000000000000e+000 1.0000000000000000e+000</transform>
      </camera>
      <camera id="19" sensor_id="0" label="_DSC0610.JPG" enabled="1">
        <transform>9.9612318138930345e-001 8.7509619656246859e-002 -8.9818687627012048e-003 -2.4293787593528098e+000 8.7431628189199653e-002 -9.9613220373531997e-001 -8.7374523518332237e-003 2.3110143972067188e+001 -9.7117398563244875e-003 7.9182794238408915e-003 -9.9992148839792871e-001 8.0348626730941830e-001 0.0000000000000000e+000 0.0000000000000000e+000 0.0000000000000000e+000 1.0000000000000000e+000</transform>
      </camera>
      <camera id="20" sensor_id="0" label="_DSC0611.JPG" enabled="1">
        <transform>9.9634301960639959e-001 8.5016894062317203e-002 -8.5273093996305754e-003 -3.3490329603813862e+000 8.4936516231887929e-002 -9.9634218283959475e-001 -9.3831180756630880e-003 2.3100812450180992e+001 -9.2938416163893846e-003 8.6245242435935027e-003 -9.9991961781414263e-001 8.1025108049926964e-001 0.0000000000000000e+000 0.0000000000000000e+000 0.0000000000000000e+000 1.0000000000000000e+000</transform>
      </camera>
      <camera id="21" sensor_id="0" label="_DSC0612.JPG" enabled="1">
        <transform>9.9636404693492597e-001 8.4891571076085304e-002 -7.2185272522417698e-003 -4.3131978850635670e+000 8.4814046011579214e-002 -9.9634207757491577e-001 -1.0442320280773666e-002 2.3068852683229441e+001 -8.0785874138442574e-003 9.7921199918348280e-003 -9.9991942215933705e-001 8.2670742411118636e-001 0.0000000000000000e+000 0.0000000000000000e+000 0.0000000000000000e+000 1.0000000000000000e+000</transform>
      </camera>
      <camera id="22" sensor_id="0" label="_DSC0613.JPG" enabled="1">
        <transform>9.9608730230302478e-001 8.8129736725705607e-002 -6.5753855659227865e-003 -5.2921533718985563e+000 8.8044391165358740e-002 -9.9604057804456647e-001 -1.2302523032576842e-002 2.3077239530082274e+001 -7.6335689558705575e-003 1.1675461160211132e-002 -9.9990270138233572e-001 8.5019120247260449e-001 0.0000000000000000e+000 0.0000000000000000e+000 0.0000000000000000e+000 1.0000000000000000e+000</transform>
      </camera>
      <camera id="23" sensor_id="0" label="_DSC0614.JPG" enabled="1">
        <transform>9.9656180032681541e-001 8.2677586484100937e-002 -5.3846840706710582e-003 -6.2413628593653652e+000 8.2612186733882972e-002 -9.9651647641243390e-001 -1.1407841232812663e-002 2.3067733261190980e+001 -6.3090991768220452e-003 1.0923778270865020e-002 -9.9992043000224073e-001 8.8952434666019276e-001 0.0000000000000000e+000 0.0000000000000000e+000 0.0000000000000000e+000 1.0000000000000000e+000</transform>
      </camera>
      <camera id="24" sensor_id="0" label="_DSC0615.JPG" enabled="1">
        <transform>9.9677814291598565e-001 8.0032066525195636e-002 -5.3105680172860804e-003 -7.1124296910140412e+000 7.9968483619775502e-002 -9.9673373544157695e-001 -1.1265090334043449e-002 2.3075584105637802e+001 -6.1947907562126276e-003 1.0804117751446600e-002 -9.9992244479614500e-001 9.2888879348463094e-001 0.0000000000000000e+000 0.0000000000000000e+000 0.0000000000000000e+000 1.0000000000000000e+000</transform>
      </camera>
      <camera id="25" sensor_id="0" label="_DSC0616.JPG" enabled="1">
        <transform>9.9696269300668683e-001 7.7725388838365328e-002 -4.9145379009538134e-003 -8.0358047809218558e+000 7.7664421962195751e-002 -9.9691239383481622e-001 -1.1572233138604461e-002 2.3071450168283729e+001 -5.7988200638580470e-003 1.1155399968675444e-002 -9.9992096224521954e-001 9.7239553884131380e-001 0.0000000000000000e+000 0.0000000000000000e+000 0.0000000000000000e+000 1.0000000000000000e+000</transform>
      </camera>
      <camera id="26" sensor_id="0" label="_DSC0617.JPG" enabled="1">
        <transform>9.9738012061631665e-001 7.2176704085070112e-002 -4.8392547771538407e-003 -8.8748064734095280e+000 7.2109201466221004e-002 -9.9731314312124897e-001 -1.2913466673175982e-002 2.3073659828089518e+001 -5.7583038549500528e-003 1.2530680150394886e-002 -9.9990490747454708e-001 1.0154423979968246e+000 0.0000000000000000e+000 0.0000000000000000e+000 0.0000000000000000e+000 1.0000000000000000e+000</transform>
      </camera>
      <camera id="27" sensor_id="0" label="_DSC0618.JPG" enabled="1">
        <transform>9.9772772100521645e-001 6.7193452987319269e-002 -4.9431380092193906e-003 -9.7621043445038236e+000 6.7125264596249901e-002 -9.9766161608398485e-001 -1.2864627688938774e-002 2.3080352160509513e+001 -5.7959978106200613e-003 1.2503586218860854e-002 -9.9990502886076471e-001 1.0474492430905216e+000 0.0000000000000000e+000 0.0000000000000000e+000 0.0000000000000000e+000 1.0000000000000000e+000</transform>
      </camera>
      <camera id="28" sensor_id="0" label="_DSC0619.JPG" enabled="1">
        <transform>9.9777997360202220e-001 6.6437856416914964e-002 -4.5973376505076937e-003 -1.0679372432305627e+001 6.6373897905083384e-002 -9.9771153113168032e-001 -1.2892103155176315e-002 2.3182205279976891e+001 -5.4433404847530125e-003 1.2558339125996382e-002 -9.9990632469385021e-001 1.0669189033228814e+000 0.0000000000000000e+000 0.0000000000000000e+000 0.0000000000000000e+000 1.0000000000000000e+000</transform>
      </camera>
      <camera id="29" sensor_id="0" label="_DSC0620.JPG" enabled="1">
        <transform>9.9763656808878765e-001 6.8592099357815656e-002 -4.0499281121723551e-003 -1.1573482539769467e+001 6.8528609834381582e-002 -9.9754876337400766e-001 -1.4152537763779898e-002 2.3293629100618364e+001 -5.0107530565095910e-003 1.3841553260947987e-002 -9.9989164600827174e-001 1.0660976783445524e+000 0.0000000000000000e+000 0.0000000000000000e+000 0.0000000000000000e+000 1.0000000000000000e+000</transform>
      </camera>
      <camera id="30" sensor_id="0" label="_DSC0621.JPG" enabled="1">
        <transform>9.9761520933058634e-001 6.8930464469045799e-002 -3.5334374725804196e-003 -1.2519110086437388e+001 6.8876801131498938e-002 -9.9753314664920634e-001 -1.3550188265293153e-002 2.3378207046817270e+001 -4.4587417712810360e-003 1.3274502032639770e-002 -9.9990194880178251e-001 1.0548037915998414e+000 0.0000000000000000e+000 0.0000000000000000e+000 0.0000000000000000e+000 1.0000000000000000e+000</transform>
      </camera>
      <camera id="31" sensor_id="0" label="_DSC0622.JPG" enabled="1">
        <transform>9.9767992531452898e-001 6.7992673904062148e-002 -3.4297113247577318e-003 -1.3499346899618230e+001 6.7931657895796568e-002 -9.9756883712494315e-001 -1.5546866331099835e-002 2.3440253241288154e+001 -4.4784461505933335e-003 1.5277810463691872e-002 -9.9987325798198634e-001 1.0717721366029320e+000 0.0000000000000000e+000 0.0000000000000000e+000 0.0000000000000000e+000 1.0000000000000000e+000</transform>
      </camera>
      <camera id="32" sensor_id="0" label="_DSC0623.JPG" enabled="1">
        <transform>9.9802422553235415e-001 6.2762702680912649e-002 -2.9134863535576886e-003 -1.4485193459136696e+001 6.2710526632029348e-002 -9.9791205923992699e-001 -1.5456774342082608e-002 2.3428005089042269e+001 -3.8775120990842686e-003 1.5243528978418523e-002 -9.9987629221029417e-001 1.0907973872697410e+000 0.0000000000000000e+000 0.0000000000000000e+000 0.0000000000000000e+000 1.0000000000000000e+000</transform>
      </camera>
      <camera id="33" sensor_id="0" label="_DSC0624.JPG" enabled="1">
        <transform>9.9823833610942725e-001 5.9258889688402511e-002 -2.9339929072205377e-003 -1.5403210454282391e+001 5.9209254790639015e-002 -9.9813566992723468e-001 -1.4813796476513871e-002 2.3403622056845240e+001 -3.8063721072785074e-003 1.4613980012581355e-002 -9.9988596505780236e-001 1.1151228209267765e+000 0.0000000000000000e+000 0.0000000000000000e+000 0.0000000000000000e+000 1.0000000000000000e+000</transform>
      </camera>
      <camera id="34" sensor_id="0" label="_DSC0625.JPG" enabled="1">
        <transform>9.9875895796023983e-001 4.9671292415013987e-002 -3.6478218155334592e-003 -1.6395711161067812e+001 4.9614812206269981e-002 -9.9866725821502067e-001 -1.4215406396923673e-002 2.3418224987189774e+001 -4.3490578189155950e-003 1.4016778485633189e-002 -9.9989230200905754e-001 1.1518852270988726e+000 0.0000000000000000e+000 0.0000000000000000e+000 0.0000000000000000e+000 1.0000000000000000e+000</transform>
      </camera>
      <camera id="35" sensor_id="0" label="_DSC0626.JPG" enabled="1">
        <transform>9.9818030386467194e-001 6.0263542499681952e-002 -2.0943786716539703e-003 -1.6139186138809876e+001 6.0229074500468022e-002 -9.9808912876411915e-001 -1.3803971446606259e-002 2.1749739635459154e+001 -2.9222528036302172e-003 1.3652709924065453e-002 -9.9990252722466955e-001 1.0782979456816333e+000 0.0000000000000000e+000 0.0000000000000000e+000 0.0000000000000000e+000 1.0000000000000000e+000</transform>
      </camera>
      <camera id="36" sensor_id="0" label="_DSC0627.JPG" enabled="1">
        <transform>9.9866102451670269e-001 5.1723953924002204e-002 -8.8921410184095260e-004 -1.5192971055544938e+001 5.1705760608239650e-002 -9.9855797977411287e-001 -1.4438675471312204e-002 2.1813316700362698e+001 -1.6347572219227269e-003 1.4373364947365562e-002 -9.9989536149984981e-001 1.0646770628582816e+000 0.0000000000000000e+000 0.0000000000000000e+000 0.0000000000000000e+000 1.0000000000000000e+000</transform>
      </camera>
      <camera id="37" sensor_id="0" label="_DSC0628.JPG" enabled="1">
        <transform>9.9876169582297580e-001 4.9749972302503068e-002 -1.2333983002945503e-004 -1.4163300673504130e+001 4.9744529930991238e-002 -9.9868348008794339e-001 -1.2521515139112678e-002 2.1734162734558844e+001 -7.4612248204350006e-004 1.2499874212746660e-002 -9.9992159514929335e-001 1.0090061239750390e+000 0.0000000000000000e+000 0.0000000000000000e+000 0.0000000000000000e+000 1.0000000000000000e+000</transform>
      </camera>
      <camera id="38" sensor_id="0" label="_DSC0629.JPG" enabled="1">
        <transform>9.9882197591706279e-001 4.8495357718249872e-002 -1.6913618517545711e-003 -1.3127343671376877e+001 4.8475179731353089e-002 -9.9876998030876418e-001 -1.0425132327397521e-002 2.1640120560719780e+001 -2.1948519648491414e-003 1.0330862200693481e-002 -9.9994422640017411e-001 9.8439600723639931e-001 0.0000000000000000e+000 0.0000000000000000e+000 0.0000000000000000e+000 1.0000000000000000e+000</transform>
      </camera>
      <camera id="39" sensor_id="0" label="_DSC0630.JPG" enabled="1">
        <transform>9.9891825444519267e-001 4.6435136898867704e-002 -2.4696148186311969e-003 -1.2141916052093952e+001 4.6418340578332024e-002 -9.9890112344439852e-001 -6.4717261586403046e-003 2.1569229053409103e+001 -2.7674165069540829e-003 6.3500899758877471e-003 -9.9997600859379376e-001 9.6206197422753315e-001 0.0000000000000000e+000 0.0000000000000000e+000 0.0000000000000000e+000 1.0000000000000000e+000</transform>
      </camera>
      <camera id="40" sensor_id="0" label="_DSC0631.JPG" enabled="1">
        <transform>9.9892184372748760e-001 4.6237243014816791e-002 -4.1554160399839392e-003 -1.1205233945370210e+001 4.6211214546619118e-002 -9.9891272544770382e-001 -6.1555331829702964e-003 2.1512539277535517e+001 -4.4355128455362278e-003 5.9568697341042601e-003 -9.9997242058407187e-001 9.4158644565701144e-001 0.0000000000000000e+000 0.0000000000000000e+000 0.0000000000000000e+000 1.0000000000000000e+000</transform>
      </camera>
      <camera id="41" sensor_id="0" label="_DSC0632.JPG" enabled="1">
        <transform>9.9921143531894518e-001 3.9583893602928723e-002 -3.1020791551776292e-003 -1.0234488008264902e+001 3.9562663735148072e-002 -9.9919509632955406e-001 -6.6298649422803320e-003 2.1523022089189496e+001 -3.3620181487566247e-003 6.5019103504505823e-003 -9.9997321063904610e-001 9.2948625934261964e-001 0.0000000000000000e+000 0.0000000000000000e+000 0.0000000000000000e+000 1.0000000000000000e+000</transform>
      </camera>
      <camera id="42" sensor_id="0" label="_DSC0633.JPG" enabled="1">
        <transform>9.9934371644277531e-001 3.6087643861604554e-002 -3.1334273344764104e-003 -9.2755313656316662e+000 3.6065510570923262e-002 -9.9932592331539327e-001 -6.8540453088229954e-003 2.1549809731921005e+001 -3.3786615102834360e-003 6.7365384549315606e-003 -9.9997160144478314e-001 9.0632185287996314e-001 0.0000000000000000e+000 0.0000000000000000e+000 0.0000000000000000e+000 1.0000000000000000e+000</transform>
      </camera>
      <camera id="43" sensor_id="0" label="_DSC0634.JPG" enabled="1">
        <transform>9.9946757566178723e-001 3.2463799223461300e-002 -3.2660282802781538e-003 -8.3418848265905137e+000 3.2433722759714630e-002 -9.9943448366909560e-001 -8.8750482271487494e-003 2.1523413444487105e+001 -3.5522990716931541e-003 8.7643934797018794e-003 -9.9995528228928232e-001 8.9864618713513544e-001 0.0000000000000000e+000 0.0000000000000000e+000 0.0000000000000000e+000 1.0000000000000000e+000</transform>
      </camera>
      <camera id="44" sensor_id="0" label="_DSC0635.JPG" enabled="1">
        <transform>9.9930622195482277e-001 3.6941134823844021e-002 -4.7357491809748992e-003 -7.4545609268683322e+000 3.6895265790284196e-002 -9.9927462081543095e-001 -9.4324735059822321e-003 2.1528788700031555e+001 -5.0807602426025059e-003 9.2512027382038765e-003 -9.9994429901032678e-001 8.8142434152374305e-001 0.0000000000000000e+000 0.0000000000000000e+000 0.0000000000000000e+000 1.0000000000000000e+000</transform>
      </camera>
      <camera id="45" sensor_id="0" label="_DSC0636.JPG" enabled="1">
        <transform>9.9939151894274936e-001 3.4526577663668033e-002 -4.9504848387347984e-003 -6.6321752172060817e+000 3.4482504819365815e-002 -9.9936719225220483e-001 -8.7276521085094243e-003 2.1555883346918346e+001 -5.2486880919194318e-003 8.5516363802172531e-003 -9.9994965912716538e-001 8.6062983597294063e-001 0.0000000000000000e+000 0.0000000000000000e+000 0.0000000000000000e+000 1.0000000000000000e+000</transform>
      </camera>
      <camera id="46" sensor_id="0" label="_DSC0637.JPG" enabled="1">
        <transform>9.9921270052003619e-001 3.9347895745539777e-002 -5.0717077848698913e-003 -5.7660632019371540e+000 3.9308910614161918e-002 -9.9919843087277282e-001 -7.5700256087106697e-003 2.1537579036507722e+001 -5.3655070389298353e-003 7.3647024235090168e-003 -9.9995848538448251e-001 8.4787551000275163e-001 0.0000000000000000e+000 0.0000000000000000e+000 0.0000000000000000e+000 1.0000000000000000e+000</transform>
      </camera>
      <camera id="47" sensor_id="0" label="_DSC0638.JPG" enabled="1">
        <transform>9.9938319165371392e-001 3.4686582410032842e-002 -5.4842721256441081e-003 -4.9455355751977512e+000 3.4650563653988643e-002 -9.9937814449285578e-001 -6.5316727166589159e-003 2.1548690900767628e+001 -5.7074231047818513e-003 6.3376108060266443e-003 -9.9996362934397487e-001 8.1527998344437391e-001 0.0000000000000000e+000 0.0000000000000000e+000 0.0000000000000000e+000 1.0000000000000000e+000</transform>
      </camera>
      <camera id="48" sensor_id="0" label="_DSC0639.JPG" enabled="1">
        <transform>9.9944611316571630e-001 3.2902849446590297e-002 -4.9869205164594114e-003 -4.0585928225371255e+000 3.2863390840910008e-002 -9.9942943178451149e-001 -7.7979757197693365e-003 2.1495241483525987e+001 -5.2406507592152899e-003 7.6297694056591328e-003 -9.9995716018159320e-001 7.7473574099680709e-001 0.0000000000000000e+000 0.0000000000000000e+000 0.0000000000000000e+000 1.0000000000000000e+000</transform>
      </camera>
      <camera id="49" sensor_id="0" label="_DSC0640.JPG" enabled="1">
        <transform>9.9959173392799938e-001 2.8099407432834310e-002 -5.1757863885204397e-003 -3.1654177997605579e+000 2.8054559252736179e-002 -9.9956988812989678e-001 -8.5428595400112977e-003 2.1502207993431060e+001 -5.4136095122138718e-003 8.3941673743869894e-003 -9.9995011414877100e-001 7.2830883235346355e-001 0.0000000000000000e+000 0.0000000000000000e+000 0.0000000000000000e+000 1.0000000000000000e+000</transform>
      </camera>
      <camera id="50" sensor_id="0" label="_DSC0641.JPG" enabled="1">
        <transform>9.9955786814672054e-001 2.9454787649643151e-002 -4.0600136081023770e-003 -2.2896687270631233e+000 2.9408469244941320e-002 -9.9950660260469948e-001 -1.1031468002069972e-002 2.1529422647536961e+001 -4.3829399554280585e-003 1.0907191853349901e-002 -9.9993090911483551e-001 7.0159075683783367e-001 0.0000000000000000e+000 0.0000000000000000e+000 0.0000000000000000e+000 1.0000000000000000e+000</transform>
      </camera>
      <camera id="51" sensor_id="0" label="_DSC0642.JPG" enabled="1">
        <transform>9.9961578288462327e-001 2.7265752670895874e-002 -4.9865157426129108e-003 -1.3417674479397363e+000 2.7212316663533329e-002 -9.9957466428109021e-001 -1.0487151622313302e-002 2.1527334547154712e+001 -5.2703348817108499e-003 1.0347427633732781e-002 -9.9993257488272647e-001 6.5540101413191498e-001 0.0000000000000000e+000 0.0000000000000000e+000 0.0000000000000000e+000 1.0000000000000000e+000</transform>
      </camera>
      <camera id="52" sensor_id="0" label="_DSC0643.JPG" enabled="1">
        <transform>9.9964557813706945e-001 2.6285574606950274e-002 -4.2174255875211753e-003 9.9768593418985557e-002 2.6246990878592356e-002 -9.9961535929899681e-001 -8.9570599728199269e-003 2.1552847935336224e+001 -4.4512448621612478e-003 8.8431906640111715e-003 -9.9995099099808737e-001 5.8970176306768152e-001 0.0000000000000000e+000 0.0000000000000000e+000 0.0000000000000000e+000 1.0000000000000000e+000</transform>
      </camera>
      <camera id="53" sensor_id="0" label="_DSC0644.JPG" enabled="1">
        <transform>9.9973108977491276e-001 2.2860771374991075e-002 -3.8901503319553627e-003 5.5723839947335307e-001 2.2825191439938400e-002 -9.9969934486661660e-001 -8.9571484852959994e-003 2.1534103895054624e+001 -4.0937480619826268e-003 8.8659463904236582e-003 -9.9995231697386810e-001 5.6753384034702725e-001 0.0000000000000000e+000 0.0000000000000000e+000 0.0000000000000000e+000 1.0000000000000000e+000</transform>
      </camera>
      <camera id="54" sensor_id="0" label="_DSC0645.JPG" enabled="1">
        <transform>9.9965300038537763e-001 2.6065513752342249e-002 -3.8036578892989264e-003 1.3552141549843508e+000 2.6031214962139358e-002 -9.9962235952393286e-001 -8.8042141841291940e-003 2.1487996774198248e+001 -4.0317078400178008e-003 8.7021452890414710e-003 -9.9995400794199585e-001 5.5223402853861492e-001 0.0000000000000000e+000 0.0000000000000000e+000 0.0000000000000000e+000 1.0000000000000000e+000</transform>
      </camera>
      <camera id="55" sensor_id="0" label="_DSC0646.JPG" enabled="1">
        <transform>9.9973398613247300e-001 2.2811710894101087e-002 -3.4033538989176660e-003 2.2379740096769010e+000 2.2782244755176612e-002 -9.9970466268561309e-001 -8.4591210276078396e-003 2.1453241351265504e+001 -3.5953157848172533e-003 8.3793347425937768e-003 -9.9995842936278057e-001 5.2934780857289909e-001 0.0000000000000000e+000 0.0000000000000000e+000 0.0000000000000000e+000 1.0000000000000000e+000</transform>
      </camera>
      <camera id="56" sensor_id="0" label="_DSC0647.JPG" enabled="1">
        <transform>9.9972384437402784e-001 2.3306320998585556e-002 -3.0083868642156331e-003 3.1517271787953298e+000 2.3280678870755894e-002 -9.9969456041631866e-001 -8.2943272988325427e-003 2.1367100310133800e+001 -3.2007782382781971e-003 8.2219994851805145e-003 -9.9996107611403307e-001 4.9775931967643228e-001 0.0000000000000000e+000 0.0000000000000000e+000 0.0000000000000000e+000 1.0000000000000000e+000</transform>
      </camera>
      <camera id="57" sensor_id="0" label="_DSC0648.JPG" enabled="1">
        <transform>9.9971958654530746e-001 2.3521057649911963e-002 -2.7400957480444221e-003 4.0625835237779704e+000 2.3492032370450423e-002 -9.9967216424210159e-001 -1.0182752801598938e-002 2.1352916235553248e+001 -2.9787065623593590e-003 1.0115527002696372e-002 -9.9994440016466568e-001 4.7852646768755686e-001 0.0000000000000000e+000 0.0000000000000000e+000 0.0000000000000000e+000 1.0000000000000000e+000</transform>
      </camera>
      <camera id="58" sensor_id="0" label="_DSC0649.JPG" enabled="1">
        <transform>9.9980782894867870e-001 1.9354772998327361e-002 -3.1141507852499085e-003 5.0636078952847399e+000 1.9317242467440054e-002 -9.9974539701549403e-001 -1.1661273077430782e-002 2.1293903417939934e+001 -3.3390592064509611e-003 1.1598875312524905e-002 -9.9992715573440660e-001 4.2761828985940936e-001 0.0000000000000000e+000 0.0000000000000000e+000 0.0000000000000000e+000 1.0000000000000000e+000</transform>
      </camera>
      <camera id="59" sensor_id="0" label="_DSC0650.JPG" enabled="1">
        <transform>9.9975626420083352e-001 2.1856905736161104e-002 -3.1125331861038170e-003 6.0033481651597986e+000 2.1823926433172203e-002 -9.9970915864125220e-001 -1.0262278686482561e-002 2.1315180627591463e+001 -3.3359295906114873e-003 1.0191849706511300e-002 -9.9994249723337914e-001 4.0564650744496600e-001 0.0000000000000000e+000 0.0000000000000000e+000 0.0000000000000000e+000 1.0000000000000000e+000</transform>
      </camera>
      <camera id="60" sensor_id="0" label="_DSC0651.JPG" enabled="1">
        <transform>9.9936269662770993e-001 3.5504687864283554e-002 -3.6902206778714015e-003 6.1024499953941032e+000 3.5471137745874029e-002 -9.9933203661687164e-001 -8.7908462726140977e-003 2.1007958029264120e+001 -3.9998719985549847e-003 8.6543475106618303e-003 -9.9995455061375660e-001 3.9122476670138301e-001 0.0000000000000000e+000 0.0000000000000000e+000 0.0000000000000000e+000 1.0000000000000000e+000</transform>
      </camera>
      <camera id="61" sensor_id="0" label="_DSC0652.JPG" enabled="1">
        <transform>9.9998127618637733e-001 2.7767546898246616e-003 -5.4531559721324417e-003 5.7190123234946268e+000 2.7353617233577244e-003 -9.9996750371694632e-001 -7.5834890611965076e-003 1.9743442233801812e+001 -5.4740362536483470e-003 7.5684307152430472e-003 -9.9995637594027187e-001 3.9208466654955704e-001 0.0000000000000000e+000 0.0000000000000000e+000 0.0000000000000000e+000 1.0000000000000000e+000</transform>
      </camera>
      <camera id="62" sensor_id="0" label="_DSC0653.JPG" enabled="1">
        <transform>9.9979192840253117e-001 1.8801880375559389e-002 -7.9113333572622038e-003 4.7544128824612741e+000 1.8753972392128802e-002 -9.9980560051038780e-001 -6.0868470966561764e-003 1.9802289500285610e+001 -8.0242395690710514e-003 5.9372116692902070e-003 -9.9995017930741537e-001 4.6001128708643829e-001 0.0000000000000000e+000 0.0000000000000000e+000 0.0000000000000000e+000 1.0000000000000000e+000</transform>
      </camera>
      <camera id="63" sensor_id="0" label="_DSC0654.JPG" enabled="1">
        <transform>9.9984743229168005e-001 1.5830919509685518e-002 -7.3820137640413352e-003 3.6254576406283281e+000 1.5764081987644934e-002 -9.9983499838499090e-001 -9.0260580306143045e-003 1.9772698633681895e+001 -7.5236865180206541e-003 8.9083102754151395e-003 -9.9993201576367952e-001 4.7665892798920073e-001 0.0000000000000000e+000 0.0000000000000000e+000 0.0000000000000000e+000 1.0000000000000000e+000</transform>
      </camera>
      <camera id="64" sensor_id="0" label="_DSC0655.JPG" enabled="1">
        <transform>9.9975526304415163e-001 2.0769571033618320e-002 -7.6183288587059464e-003 2.5628338360830196e+000 2.0691771182631876e-002 -9.9973435151978896e-001 -1.0152684208256071e-002 1.9879298612612736e+001 -7.8271719570681530e-003 9.9925627536908632e-003 -9.9991943878932965e-001 4.7229659163564902e-001 0.0000000000000000e+000 0.0000000000000000e+000 0.0000000000000000e+000 1.0000000000000000e+000</transform>
      </camera>
      <camera id="65" sensor_id="0" label="_DSC0656.JPG" enabled="1">
        <transform>9.9989082011204444e-001 1.3461245887488144e-002 -6.0944823258288648e-003 1.4988784703731048e+000 1.3395081574115739e-002 -9.9985227733028170e-001 -1.0770111748360985e-002 1.9962608122490245e+001 -6.2385611551095546e-003 1.0687299780860545e-002 -9.9992342805742274e-001 4.8655410262740184e-001 0.0000000000000000e+000 0.0000000000000000e+000 0.0000000000000000e+000 1.0000000000000000e+000</transform>
      </camera>
      <camera id="66" sensor_id="0" label="_DSC0657.JPG" enabled="1">
        <transform>9.9993454780801372e-001 9.8744913290878880e-003 -5.7787992675368011e-003 5.4965655784553680e-001 9.8147249201517330e-003 -9.9989898195263183e-001 -1.0280907782496228e-002 2.0038525406484332e+001 -5.8797342392720737e-003 1.0223517549366607e-002 -9.9993045178861983e-001 4.8852119675210426e-001 0.0000000000000000e+000 0.0000000000000000e+000 0.0000000000000000e+000 1.0000000000000000e+000</transform>
      </camera>
      <camera id="67" sensor_id="0" label="_DSC0658.JPG" enabled="1">
        <transform>9.9989220060688155e-001 1.3684757818209888e-002 -5.3211435786716214e-003 -3.2737739012074213e-001 1.3634950474857448e-002 -9.9986391509810102e-001 -9.2865176597931743e-003 2.0078065449957176e+001 -5.4475031965185265e-003 9.2129630496604695e-003 -9.9994272136996398e-001 5.1714691244744493e-001 0.0000000000000000e+000 0.0000000000000000e+000 0.0000000000000000e+000 1.0000000000000000e+000</transform>
      </camera>
      <camera id="68" sensor_id="0" label="_DSC0659.JPG" enabled="1">
        <transform>9.9987851852667942e-001 1.4585190060378343e-002 -5.4973102328390614e-003 -1.1798372992888861e+000 1.4535109072234109e-002 -9.9985347091318477e-001 -9.0425276950332270e-003 2.0106216514476049e+001 -5.6283917020489979e-003 8.9615251916080642e-003 -9.9994400456880006e-001 5.3520991722957845e-001 0.0000000000000000e+000 0.0000000000000000e+000 0.0000000000000000e+000 1.0000000000000000e+000</transform>
      </camera>
      <camera id="69" sensor_id="0" label="_DSC0660.JPG" enabled="1">
        <transform>9.9990529601776545e-001 1.2675016162371527e-002 -5.3612462084888530e-003 -2.0941381195573605e+000 1.2614722194523080e-002 -9.9985843682201281e-001 -1.1134410617357258e-002 2.0134816157011169e+001 -5.5016160879710931e-003 1.1065725512795435e-002 -9.9992363805407458e-001 5.4083900349092340e-001 0.0000000000000000e+000 0.0000000000000000e+000 0.0000000000000000e+000 1.0000000000000000e+000</transform>
      </camera>
      <camera id="70" sensor_id="0" label="_DSC0661.JPG" enabled="1">
        <transform>9.9996271689620775e-001 6.7732400310696042e-003 -5.3561214545266942e-003 -2.9608161049719000e+000 6.7153381738921493e-003 -9.9991960859302964e-001 -1.0755490894079333e-002 2.0127106724763145e+001 -5.4285403898646431e-003 1.0719121729128410e-002 -9.9992781308382039e-001 5.4116937252800923e-001 0.0000000000000000e+000 0.0000000000000000e+000 0.0000000000000000e+000 1.0000000000000000e+000</transform>
      </camera>
      <camera id="71" sensor_id="0" label="_DSC0662.JPG" enabled="1">
        <transform>9.9993934102732451e-001 9.7780154378348909e-003 -5.0699782975994149e-003 -3.8177149814577138e+000 9.7246621925987063e-003 -9.9989817858332941e-001 -1.0443342902546487e-002 2.0156323572146665e+001 -5.1715772333503669e-003 1.0393405593826757e-002 -9.9993261368408304e-001 5.4860489864548734e-001 0.0000000000000000e+000 0.0000000000000000e+000 0.0000000000000000e+000 1.0000000000000000e+000</transform>
      </camera>
      <camera id="72" sensor_id="0" label="_DSC0663.JPG" enabled="1">
        <transform>9.9993651924528848e-001 1.0290922595638565e-002 -4.5885064834000440e-003 -4.7414869800125166e+000 1.0244660629724850e-002 -9.9989757659027589e-001 -9.9941611691538625e-003 2.0155856252118667e+001 -4.6908856519205728e-003 9.9465190405404053e-003 -9.9993952934703845e-001 5.3872231057481912e-001 0.0000000000000000e+000 0.0000000000000000e+000 0.0000000000000000e+000 1.0000000000000000e+000</transform>
      </camera>
      <camera id="73" sensor_id="0" label="_DSC0664.JPG" enabled="1">
        <transform>9.9994717640809339e-001 9.2538108111603901e-003 -4.4734079797262571e-003 -5.6846743590229734e+000 9.2106879137624324e-003 -9.9991182176580629e-001 -9.5661863426158011e-003 2.0168689899410477e+001 -4.5615372011086498e-003 9.5244778574801424e-003 -9.9994423679518518e-001 5.5415024202659735e-001 0.0000000000000000e+000 0.0000000000000000e+000 0.0000000000000000e+000 1.0000000000000000e+000</transform>
      </camera>
      <camera id="74" sensor_id="0" label="_DSC0665.JPG" enabled="1">
        <transform>9.9995994325058102e-001 8.0861867590644020e-003 -3.8373790524086236e-003 -6.6316347898967347e+000 8.0414678810325369e-003 -9.9990120076895028e-001 -1.1529245210749819e-002 2.0224628551253240e+001 -3.9302275522741714e-003 1.1497925226266135e-002 -9.9992617278821072e-001 5.7772514104928452e-001 0.0000000000000000e+000 0.0000000000000000e+000 0.0000000000000000e+000 1.0000000000000000e+000</transform>
      </camera>
      <camera id="75" sensor_id="0" label="_DSC0666.JPG" enabled="1">
        <transform>9.9996388497785860e-001 7.4942778838333135e-003 -4.0080592544770545e-003 -7.5571332040165311e+000 7.4471353544370783e-003 -9.9990440093516808e-001 -1.1650286069250353e-002 2.0269999390141258e+001 -4.0949865689896498e-003 1.1620016759134317e-002 -9.9992410026737388e-001 6.2224681602200604e-001 0.0000000000000000e+000 0.0000000000000000e+000 0.0000000000000000e+000 1.0000000000000000e+000</transform>
      </camera>
      <camera id="76" sensor_id="0" label="_DSC0667.JPG" enabled="1">
        <transform>9.9997150790339961e-001 6.6177807177359759e-003 -3.6315781380881671e-003 -8.4382285283747951e+000 6.5754349693441906e-003 -9.9991166463815129e-001 -1.1551042183513936e-002 2.0305946113008297e+001 -3.7076996055510707e-003 1.1526833864221117e-002 -9.9992668984516142e-001 6.6261163621495334e-001 0.0000000000000000e+000 0.0000000000000000e+000 0.0000000000000000e+000 1.0000000000000000e+000</transform>
      </camera>
      <camera id="77" sensor_id="0" label="_DSC0668.JPG" enabled="1">
        <transform>9.9996322013899497e-001 7.9531295971909978e-003 -3.2103113343057528e-003 -9.3345365416268073e+000 7.9095698363173504e-003 -9.9987945801385147e-001 -1.3360694103637353e-002 2.0347467360980378e+001 -3.3161836887160142e-003 1.3334810517470272e-002 -9.9990558842032973e-001 7.0069216430370374e-001 0.0000000000000000e+000 0.0000000000000000e+000 0.0000000000000000e+000 1.0000000000000000e+000</transform>
      </camera>
      <camera id="78" sensor_id="0" label="_DSC0669.JPG" enabled="1">
        <transform>9.9998676321233115e-001 4.3828654659287198e-003 -2.6951605580434841e-003 -1.0245798994305149e+001 4.3546174088639764e-003 -9.9993644635264056e-001 -1.0399065480858307e-002 2.0323237675562158e+001 -2.7405669757337861e-003 1.0387191437550836e-002 -9.9994229610847607e-001 7.3146700032583922e-001 0.0000000000000000e+000 0.0000000000000000e+000 0.0000000000000000e+000 1.0000000000000000e+000</transform>
      </camera>
      <camera id="79" sensor_id="0" label="_DSC0670.JPG" enabled="1">
