<?xml version="1.0" encoding="UTF-8"?>
<document version="1.4.0">
  <chunk label="SONY-A-9" enabled="1">
    <sensors next_id="1">
      <sensor id="0" label="SONY-A-9" type="frame">
        <resolution width="6000" height="4000"/>
        <property name="pixel_width" value="0.006"/>
        <property name="pixel_height" value="0.006"/>
        <property name="focal_length" value="55"/>
        <property name="fixed" value="1"/>
        <property name="layer_index" value="0"/>
        <calibration type="frame" class="initial">
          <resolution width="6000" height="4000"/>
          <f>9227.77018581081</f>
          <cx>-37.8304617831239</cx>
          <cy>31.7622333680372</cy>
          <k1>-0.017282082281574</k1>
        </calibration>
      </sensor>
    </sensors>
    <cameras next_id="594" next_group_id="0">
      <camera id="0" sensor_id="0" label="_DSC3687.JPG" enabled="1"/>
      <camera id="1" sensor_id="0" label="_DSC3688.JPG" enabled="1"/>
      <camera id="2" sensor_id="0" label="_DSC3689.JPG" enabled="1"/>
      <camera id="3" sensor_id="0" label="_DSC3690.JPG" enabled="1"/>
      <camera id="4" sensor_id="0" label="_DSC3691.JPG" enabled="1">
        <transform>-6.1365066397457646e-002 -9.9697405358206659e-001 -4.7718603397188142e-002 3.4514093771975012e+000 -9.9593693843391939e-001 5.8004161774829477e-002 6.8884917650171781e-002 1.0315011483208126e+001 -6.5908597989239190e-002 5.1751847319124175e-002 -9.9648271586121895e-001 -5.6285655498463472e+000 0.0000000000000000e+000 0.0000000000000000e+000 0.0000000000000000e+000 1.0000000000000000e+000</transform>
      </camera>
      <camera id="5" sensor_id="0" label="_DSC3692.JPG" enabled="1">
        <transform>-6.0665165259796594e-002 -9.9689348303826253e-001 -5.0230679866424099e-002 3.5793707914207231e+000 -9.9611744705578786e-001 5.7248138663701820e-002 6.6878115184277317e-002 1.0035938497039076e+001 -6.3794744258923258e-002 5.4092828502336848e-002 -9.9649595910347544e-001 -3.8600076528985152e+000 0.0000000000000000e+000 0.0000000000000000e+000 0.0000000000000000e+000 1.0000000000000000e+000</transform>
      </camera>
      <camera id="6" sensor_id="0" label="_DSC3693.JPG" enabled="1">
        <transform>-5.7438398254653356e-002 -9.9685692638304058e-001 -5.4562796190232132e-002 3.6740622778099628e+000 -9.9626187315907477e-001 5.3700484942319604e-002 6.7664894934753139e-002 9.9034939835982438e+000 -6.4522170573464974e-002 5.8245396720399134e-002 -9.9621501859055106e-001 -8.6216616283980885e-001 0.0000000000000000e+000 0.0000000000000000e+000 0.0000000000000000e+000 1.0000000000000000e+000</transform>
      </camera>
      <camera id="7" sensor_id="0" label="_DSC3694.JPG" enabled="1">
        <transform>-5.4567415334385361e-002 -9.9696972839557785e-001 -5.5441481280467643e-002 3.7429659176683812e+000 -9.9656768281895114e-001 5.0915626592334284e-002 6.5272142063643873e-002 9.8511109862181954e+000 -6.2251511986386419e-002 5.8812920617477761e-002 -9.9632614621109439e-001 1.3365750759488593e+000 0.0000000000000000e+000 0.0000000000000000e+000 0.0000000000000000e+000 1.0000000000000000e+000</transform>
      </camera>
      <camera id="8" sensor_id="0" label="_DSC3695.JPG" enabled="1">
        <transform>9.4156304799506008e-001 -3.3421523658479563e-001 -4.1942845454518526e-002 2.0959651656633348e+001 -3.3411599972361933e-001 -9.4248345820346713e-001 9.5618900600205198e-003 8.7654781580204162e+000 -4.2726167379475752e-002 5.0106533907831319e-003 -9.9907425548537609e-001 7.7361741855954680e-001 0.0000000000000000e+000 0.0000000000000000e+000 0.0000000000000000e+000 1.0000000000000000e+000</transform>
      </camera>
      <camera id="9" sensor_id="0" label="_DSC3696.JPG" enabled="1">
        <transform>9.9865423408503218e-001 -3.5399254706719473e-002 -3.7902684736643641e-002 2.0204625204036720e+001 -3.5388555084453717e-002 -9.9937317417495175e-001 9.5336693671702272e-004 8.2677381096563565e+000 -3.7912674834033863e-002 3.8923731866226467e-004 -9.9928098029595191e-001 7.6134196421995848e-001 0.0000000000000000e+000 0.0000000000000000e+000 0.0000000000000000e+000 1.0000000000000000e+000</transform>
      </camera>
      <camera id="10" sensor_id="0" label="_DSC3697.JPG" enabled="1">
        <transform>9.9928012091779483e-001 1.4378656313517531e-002 -3.5106896489642249e-002 1.9299486726346220e+001 1.4406146938984305e-002 -9.9989608550377318e-001 5.3021184777633898e-004 8.0369846908663796e+000 -3.5095624640246910e-002 -1.0355852687594861e-003 -9.9938342226307819e-001 7.5220055259866081e-001 0.0000000000000000e+000 0.0000000000000000e+000 0.0000000000000000e+000 1.0000000000000000e+000</transform>
      </camera>
      <camera id="11" sensor_id="0" label="_DSC3698.JPG" enabled="1">
        <transform>9.9845747386599304e-001 4.4072843176752030e-002 -3.3767697218757879e-002 1.8245361996604291e+001 4.4072769230750708e-002 -9.9902804424068814e-001 -7.4688215839987626e-004 8.0877599067275945e+000 -3.3767793731206079e-002 -7.4250585382465732e-004 -9.9942942962051284e-001 7.2855077133172874e-001 0.0000000000000000e+000 0.0000000000000000e+000 0.0000000000000000e+000 1.0000000000000000e+000</transform>
      </camera>
      <camera id="12" sensor_id="0" label="_DSC3699.JPG" enabled="1">
        <transform>9.9749074188863829e-001 6.3557873271670784e-002 -3.1186801561484210e-002 1.7220971020788099e+001 6.3510781480327905e-002 -9.9797802295211624e-001 -2.4992679614800461e-003 8.3492163950506519e+000 -3.1282590720897681e-002 5.1229851403346315e-004 -9.9951044870377481e-001 7.1869893597685253e-001 0.0000000000000000e+000 0.0000000000000000e+000 0.0000000000000000e+000 1.0000000000000000e+000</transform>
      </camera>
      <camera id="13" sensor_id="0" label="_DSC3700.JPG" enabled="1">
        <transform>9.9632052665065318e-001 8.0761014207403600e-002 -2.8689140083959657e-002 1.6222473372491930e+001 8.0638538955471809e-002 -9.9672876874115901e-001 -5.4025548456378154e-003 8.5379864258080929e+000 -2.9031607080772574e-002 3.0692259488055377e-003 -9.9957378199029556e-001 7.1223448760745389e-001 0.0000000000000000e+000 0.0000000000000000e+000 0.0000000000000000e+000 1.0000000000000000e+000</transform>
      </camera>
      <camera id="14" sensor_id="0" label="_DSC3701.JPG" enabled="1">
        <transform>9.9487296302807371e-001 9.7770871126544812e-002 -2.5858155287962790e-002 1.5320669310119575e+001 9.7642242389107653e-002 -9.9520230358824702e-001 -6.1941451285432020e-003 8.6733505579675878e+000 -2.6339702674225089e-002 3.6375392510972389e-003 -9.9964643168033673e-001 6.9249121670192360e-001 0.0000000000000000e+000 0.0000000000000000e+000 0.0000000000000000e+000 1.0000000000000000e+000</transform>
      </camera>
      <camera id="15" sensor_id="0" label="_DSC3702.JPG" enabled="1">
        <transform>9.9311547652340693e-001 1.1475575833727594e-001 -2.3510980798842319e-002 1.4445076040496451e+001 1.1459344155578180e-001 -9.9337909864819518e-001 -8.1430658416136153e-003 8.7904668819802456e+000 -2.4289780610133746e-002 5.3928005095643366e-003 -9.9969041420860671e-001 6.8961616905305911e-001 0.0000000000000000e+000 0.0000000000000000e+000 0.0000000000000000e+000 1.0000000000000000e+000</transform>
      </camera>
      <camera id="16" sensor_id="0" label="_DSC3703.JPG" enabled="1">
        <transform>9.9108732988555026e-001 1.3166935160404866e-001 -2.0225884121590366e-002 1.3571107415329239e+001 1.3151999926652982e-001 -9.9127663835344793e-001 -8.5507922217521477e-003 8.8827430841913149e+000 -2.1175323687315523e-002 5.8144735666259854e-003 -9.9975886971003181e-001 7.0118338072988839e-001 0.0000000000000000e+000 0.0000000000000000e+000 0.0000000000000000e+000 1.0000000000000000e+000</transform>
      </camera>
      <camera id="17" sensor_id="0" label="_DSC3704.JPG" enabled="1">
        <transform>9.9111039003139567e-001 1.3168048255655052e-001 -1.8985396637644401e-002 1.2691754724965971e+001 1.3151548975792871e-001 -9.9126668384214678e-001 -9.6972912880674139e-003 8.9565391294922936e+000 -2.0096535162729755e-002 7.1142124137162149e-003 -9.9977273280290346e-001 7.0159503906342946e-001 0.0000000000000000e+000 0.0000000000000000e+000 0.0000000000000000e+000 1.0000000000000000e+000</transform>
      </camera>
      <camera id="18" sensor_id="0" label="_DSC3705.JPG" enabled="1">
        <transform>9.9201862199775448e-001 1.2496579132164760e-001 -1.6810847956935222e-002 1.1852357317749558e+001 1.2479516753537868e-001 -9.9212324018712117e-001 -1.0846309991173291e-002 9.0312434514341771e+000 -1.8033850656294481e-002 8.6618289040066923e-003 -9.9979985644655112e-001 6.9045004099128893e-001 0.0000000000000000e+000 0.0000000000000000e+000 0.0000000000000000e+000 1.0000000000000000e+000</transform>
      </camera>
      <camera id="19" sensor_id="0" label="_DSC3706.JPG" enabled="1">
        <transform>9.9156522721205764e-001 1.2862125329655599e-001 -1.5967886031761368e-002 1.1038704659232010e+001 1.2845594634349278e-001 -9.9165439310146919e-001 -1.0983373414139222e-002 9.0387971073290050e+000 -1.7247319585890406e-002 8.8395612436308873e-003 -9.9981217842358883e-001 6.8671091364071402e-001 0.0000000000000000e+000 0.0000000000000000e+000 0.0000000000000000e+000 1.0000000000000000e+000</transform>
      </camera>
      <camera id="20" sensor_id="0" label="_DSC3707.JPG" enabled="1">
        <transform>9.9154530854493195e-001 1.2886266389654774e-001 -1.5241881643039265e-002 1.0200025576865986e+001 1.2867654053387842e-001 -9.9160627057947603e-001 -1.2623472727271969e-002 9.1110504435290380e+000 -1.6740639735929624e-002 1.0555472559218303e-002 -9.9980414731100375e-001 6.8462981474470141e-001 0.0000000000000000e+000 0.0000000000000000e+000 0.0000000000000000e+000 1.0000000000000000e+000</transform>
      </camera>
      <camera id="21" sensor_id="0" label="_DSC3708.JPG" enabled="1">
        <transform>9.9333381424987466e-001 1.1441925409936797e-001 -1.4005990116336596e-002 9.2307549319771063e+000 1.1426402897502792e-001 -9.9338472220663232e-001 -1.1424769969054104e-002 9.2371459302035479e+000 -1.5220550259061900e-002 9.7482294698109009e-003 -9.9983664009277795e-001 7.0527666913934983e-001 0.0000000000000000e+000 0.0000000000000000e+000 0.0000000000000000e+000 1.0000000000000000e+000</transform>
      </camera>
      <camera id="22" sensor_id="0" label="_DSC3709.JPG" enabled="1">
        <transform>9.9320003524952938e-001 1.1568946037640054e-001 -1.3024543683040676e-002 8.4577418225747447e+000 1.1552308766995031e-001 -9.9322133570164695e-001 -1.2876122173906554e-002 9.3613916959922125e+000 -1.4425886299813961e-002 1.1283929495244227e-002 -9.9983226930301228e-001 7.0544889453395898e-001 0.0000000000000000e+000 0.0000000000000000e+000 0.0000000000000000e+000 1.0000000000000000e+000</transform>
      </camera>
      <camera id="23" sensor_id="0" label="_DSC3710.JPG" enabled="1">
        <transform>9.9298926030189638e-001 1.1750975452242725e-001 -1.2797910656506959e-002 7.6221589733359085e+000 1.1732739357622539e-001 -9.9299211275332622e-001 -1.4175567935537491e-002 9.4667325456717215e+000 -1.4373991849954155e-002 1.2574641218119291e-002 -9.9981761674644098e-001 7.1309040443773386e-001 0.0000000000000000e+000 0.0000000000000000e+000 0.0000000000000000e+000 1.0000000000000000e+000</transform>
      </camera>
      <camera id="24" sensor_id="0" label="_DSC3711.JPG" enabled="1">
        <transform>9.9434581064491512e-001 1.0558227547137693e-001 -1.1348654510277792e-002 6.6911744683965599e+000 1.0537933081850727e-001 -9.9428333252746881e-001 -1.7200328319963602e-002 9.5244878349215973e+000 -1.3099827829058414e-002 1.5907160788689385e-002 -9.9978765582822227e-001 7.1803505614858865e-001 0.0000000000000000e+000 0.0000000000000000e+000 0.0000000000000000e+000 1.0000000000000000e+000</transform>
      </camera>
      <camera id="25" sensor_id="0" label="_DSC3712.JPG" enabled="1">
        <transform>9.9320960766431732e-001 1.1580622546744811e-001 -1.1117256238617744e-002 5.7662489689100811e+000 1.1560686439520042e-001 -9.9314685938741931e-001 -1.7157173240814928e-002 9.5749479023379767e+000 -1.3027975591098287e-002 1.5755438168713942e-002 -9.9979099716896314e-001 7.1240624715845391e-001 0.0000000000000000e+000 0.0000000000000000e+000 0.0000000000000000e+000 1.0000000000000000e+000</transform>
      </camera>
      <camera id="26" sensor_id="0" label="_DSC3713.JPG" enabled="1">
        <transform>9.9416018410417051e-001 1.0731720794097215e-001 -1.1337778517690106e-002 4.8332191337490293e+000 1.0713208397620412e-001 -9.9411862128056117e-001 -1.5839299421115040e-002 9.7112688979211619e+000 -1.2970926138005573e-002 1.4532160988316027e-002 -9.9981026768689074e-001 7.1109362855081337e-001 0.0000000000000000e+000 0.0000000000000000e+000 0.0000000000000000e+000 1.0000000000000000e+000</transform>
      </camera>
      <camera id="27" sensor_id="0" label="_DSC3714.JPG" enabled="1">
        <transform>9.9489892504370503e-001 1.0027984081566881e-001 -1.0958214857544658e-002 3.9606317658472787e+000 1.0009786114253537e-001 -9.9484803561870128e-001 -1.6056282891782021e-002 9.8387067901802308e+000 -1.2511880017395217e-002 1.4877484720050994e-002 -9.9981103880025002e-001 7.0233943251044884e-001 0.0000000000000000e+000 0.0000000000000000e+000 0.0000000000000000e+000 1.0000000000000000e+000</transform>
      </camera>
      <camera id="28" sensor_id="0" label="_DSC3715.JPG" enabled="1">
        <transform>9.9526978897741725e-001 9.6607370110232210e-002 -1.0250033620912639e-002 3.0756157047677828e+000 9.6436214169346418e-002 -9.9520970811807763e-001 -1.6052833526034441e-002 9.9239922187272764e+000 -1.1751754997836504e-002 1.4988425798436591e-002 -9.9981860522124488e-001 6.9983771386168736e-001 0.0000000000000000e+000 0.0000000000000000e+000 0.0000000000000000e+000 1.0000000000000000e+000</transform>
      </camera>
      <camera id="29" sensor_id="0" label="_DSC3716.JPG" enabled="1">
        <transform>9.9504395386312861e-001 9.8974140230839738e-002 -9.5733717152421752e-003 2.1778913305790963e+000 9.8816607503117562e-002 -9.9498137928227903e-001 -1.5726823045627909e-002 9.9031446422770806e+000 -1.1081875383117196e-002 1.4702872069760831e-002 -9.9983049442937744e-001 7.1431905102510429e-001 0.0000000000000000e+000 0.0000000000000000e+000 0.0000000000000000e+000 1.0000000000000000e+000</transform>
      </camera>
      <camera id="30" sensor_id="0" label="_DSC3717.JPG" enabled="1">
        <transform>9.9553020354433119e-001 9.3940686347227714e-002 -9.7345405435753582e-003 1.2462020267412233e+000 9.3787854690994987e-002 -9.9547738430646682e-001 -1.5120041230627716e-002 9.9021327491462436e+000 -1.1110902008547197e-002 1.4139476049941042e-002 -9.9983829846310124e-001 7.0164116758883721e-001 0.0000000000000000e+000 0.0000000000000000e+000 0.0000000000000000e+000 1.0000000000000000e+000</transform>
      </camera>
      <camera id="31" sensor_id="0" label="_DSC3718.JPG" enabled="1">
        <transform>9.9586410258941793e-001 9.0296833973748089e-002 -1.0058377010813274e-002 2.7047035397639085e-001 9.0156342983177692e-002 -9.9583419711356524e-001 -1.3641322482827664e-002 1.0089895249811867e+001 -1.1248244026243026e-002 1.2678076884853024e-002 -9.9985636137038592e-001 6.9761221460777501e-001 0.0000000000000000e+000 0.0000000000000000e+000 0.0000000000000000e+000 1.0000000000000000e+000</transform>
      </camera>
      <camera id="32" sensor_id="0" label="_DSC3719.JPG" enabled="1">
        <transform>9.9614911559353803e-001 8.7076029081231188e-002 -1.0232529582456774e-002 -5.8893814075206052e-001 8.6934452989233274e-002 -9.9612186916225354e-001 -1.3550743896963969e-002 1.0173317691124788e+001 -1.1372791463579245e-002 1.2609002186648167e-002 -9.9985582594601263e-001 7.1200627795400118e-001 0.0000000000000000e+000 0.0000000000000000e+000 0.0000000000000000e+000 1.0000000000000000e+000</transform>
      </camera>
      <camera id="33" sensor_id="0" label="_DSC3720.JPG" enabled="1">
        <transform>9.9647694363382622e-001 8.3426889647983435e-002 -8.5822427052090009e-003 -3.3601263523162889e-001 8.3324850068369052e-002 -9.9645456858040327e-001 -1.1630224259498898e-002 8.4730606484107938e+000 -9.5220883881498627e-003 1.0874136237219551e-002 -9.9989553604055192e-001 6.0349098544256552e-001 0.0000000000000000e+000 0.0000000000000000e+000 0.0000000000000000e+000 1.0000000000000000e+000</transform>
      </camera>
      <camera id="34" sensor_id="0" label="_DSC3721.JPG" enabled="1">
        <transform>9.9710522150009717e-001 7.5733547202568099e-002 -6.7533018116884619e-003 4.6641733075489922e-001 7.5670262186477474e-002 -9.9709063484661509e-001 -9.1802680681917891e-003 8.5119370778685006e+000 -7.4289082558018750e-003 8.6426691068497586e-003 -9.9993505568753638e-001 6.2613245437961829e-001 0.0000000000000000e+000 0.0000000000000000e+000 0.0000000000000000e+000 1.0000000000000000e+000</transform>
      </camera>
      <camera id="35" sensor_id="0" label="_DSC3722.JPG" enabled="1">
        <transform>9.9709774009632668e-001 7.5835286907886879e-002 -6.7160966637296966e-003 1.4705428447519546e+000 7.5758655767549449e-002 -9.9706537983669741e-001 -1.1011557900505117e-002 8.4701265507355252e+000 -7.5314521237292405e-003 1.0470797042284419e-002 -9.9991681635934460e-001 5.7718037323342897e-001 0.0000000000000000e+000 0.0000000000000000e+000 0.0000000000000000e+000 1.0000000000000000e+000</transform>
      </camera>
      <camera id="36" sensor_id="0" label="_DSC3723.JPG" enabled="1">
        <transform>9.9721916659949095e-001 7.4285739057521269e-002 -5.9634502844961509e-003 2.4514786432012854e+000 7.4227813207188506e-002 -9.9719691942093835e-001 -9.4093381206828836e-003 8.4462660565818251e+000 -6.6457138891565168e-003 8.9405184451722651e-003 -9.9993794888324694e-001 5.8157753446044536e-001 0.0000000000000000e+000 0.0000000000000000e+000 0.0000000000000000e+000 1.0000000000000000e+000</transform>
      </camera>
      <camera id="37" sensor_id="0" label="_DSC3724.JPG" enabled="1">
        <transform>9.9759905246105518e-001 6.8945467578046107e-002 -6.5309286666567655e-003 3.2872573187475251e+000 6.8895937491902773e-002 -9.9759545085840573e-001 -7.5276971064135775e-003 8.3773155089252480e+000 -7.0342253245251314e-003 7.0596690473899524e-003 -9.9995033914041209e-001 5.9360529264985473e-001 0.0000000000000000e+000 0.0000000000000000e+000 0.0000000000000000e+000 1.0000000000000000e+000</transform>
      </camera>
      <camera id="38" sensor_id="0" label="_DSC3725.JPG" enabled="1">
        <transform>9.9754739676982374e-001 6.9727413696468329e-002 -6.1056512305946459e-003 4.2502275339635442e+000 6.9680982108926551e-002 -9.9754103188089049e-001 -7.5133512059369972e-003 8.3597133730960316e+000 -6.6145241766554404e-003 7.0694761623374550e-003 -9.9995313419015119e-001 5.7778426194480281e-001 0.0000000000000000e+000 0.0000000000000000e+000 0.0000000000000000e+000 1.0000000000000000e+000</transform>
      </camera>
      <camera id="39" sensor_id="0" label="_DSC3726.JPG" enabled="1">
        <transform>9.9797164246679637e-001 6.3287980821327861e-002 -6.8725770773589920e-003 5.2241407633247521e+000 6.3237323503271353e-002 -9.9797142254030979e-001 -7.3539587307158410e-003 8.3041031846447595e+000 -7.3240527215202578e-003 6.9044388931834063e-003 -9.9994934220454523e-001 5.8441952875253722e-001 0.0000000000000000e+000 0.0000000000000000e+000 0.0000000000000000e+000 1.0000000000000000e+000</transform>
      </camera>
      <camera id="40" sensor_id="0" label="_DSC3727.JPG" enabled="1">
        <transform>9.9817926695392001e-001 5.9929935168537458e-002 -6.8230414062018154e-003 6.1544603550990109e+000 5.9872908145064123e-002 -9.9817169749758539e-001 -8.2763026190179976e-003 8.3051115969542852e+000 -7.3065651019177235e-003 7.8527183499566989e-003 -9.9994247280577486e-001 5.6397589332281228e-001 0.0000000000000000e+000 0.0000000000000000e+000 0.0000000000000000e+000 1.0000000000000000e+000</transform>
      </camera>
      <camera id="41" sensor_id="0" label="_DSC3728.JPG" enabled="1">
        <transform>9.9821092520504540e-001 5.9511905992356125e-002 -5.7690420733123712e-003 7.0693208720170402e+000 5.9455178090870607e-002 -9.9818528304247911e-001 -9.5510478790918289e-003 8.2603597548789924e+000 -6.3269739583422845e-003 9.1909609161834310e-003 -9.9993774588119622e-001 5.5079546637780830e-001 0.0000000000000000e+000 0.0000000000000000e+000 0.0000000000000000e+000 1.0000000000000000e+000</transform>
      </camera>
      <camera id="42" sensor_id="0" label="_DSC3729.JPG" enabled="1">
        <transform>9.9821971090806116e-001 5.9347479639129203e-002 -5.9401527850792757e-003 7.9243962518065949e+000 5.9310035446079726e-002 -9.9821977440781118e-001 -6.2929863024822662e-003 8.1852722868173622e+000 -6.3030508495256514e-003 5.9294722953740558e-003 -9.9996255575310755e-001 5.3743531343595285e-001 0.0000000000000000e+000 0.0000000000000000e+000 0.0000000000000000e+000 1.0000000000000000e+000</transform>
      </camera>
      <camera id="43" sensor_id="0" label="_DSC3730.JPG" enabled="1">
        <transform>9.9861621471089257e-001 5.2360681781223307e-002 -4.9004815981703118e-003 8.7283329864095140e+000 5.2322530264333054e-002 -9.9860121033914551e-001 -7.6141667916841673e-003 8.1287699754836282e+000 -5.2923098195861162e-003 7.3472248229589513e-003 -9.9995900403175253e-001 5.5859200291902678e-001 0.0000000000000000e+000 0.0000000000000000e+000 0.0000000000000000e+000 1.0000000000000000e+000</transform>
      </camera>
      <camera id="44" sensor_id="0" label="_DSC3731.JPG" enabled="1">
        <transform>9.9862126385189809e-001 5.2129806804535973e-002 -6.1688431135890594e-003 9.5201830736458675e+000 5.2080992602584482e-002 -9.9861220256512961e-001 -7.8255413582742125e-003 8.0157944164139305e+000 -6.5682259680876426e-003 7.4934725289597555e-003 -9.9995035190607828e-001 5.6057244419619512e-001 0.0000000000000000e+000 0.0000000000000000e+000 0.0000000000000000e+000 1.0000000000000000e+000</transform>
      </camera>
      <camera id="45" sensor_id="0" label="_DSC3732.JPG" enabled="1">
        <transform>9.9840533216937510e-001 5.6137644550679322e-002 -5.9462223353254923e-003 1.0398793925246286e+001 5.6092070486642803e-002 -9.9839688424418460e-001 -7.5723946031486843e-003 7.9559864019171513e+000 -6.3617862492411931e-003 7.2267832267119197e-003 -9.9995364956577515e-001 5.4295036792326212e-001 0.0000000000000000e+000 0.0000000000000000e+000 0.0000000000000000e+000 1.0000000000000000e+000</transform>
      </camera>
      <camera id="46" sensor_id="0" label="_DSC3733.JPG" enabled="1">
        <transform>9.9859134549788253e-001 5.2905751585650355e-002 -4.0380869092060036e-003 1.1269960792230606e+001 5.2864175701342560e-002 -9.9855373462439401e-001 -9.7886666657363546e-003 7.9285089003594420e+000 -4.5501235308977143e-003 9.5614076805023793e-003 -9.9994393635794443e-001 5.6136008432724094e-001 0.0000000000000000e+000 0.0000000000000000e+000 0.0000000000000000e+000 1.0000000000000000e+000</transform>
      </camera>
      <camera id="47" sensor_id="0" label="_DSC3734.JPG" enabled="1">
        <transform>9.9862714938716290e-001 5.2282884618524143e-002 -3.2119282115064748e-003 1.2095455740139345e+001 5.2248824522568633e-002 -9.9858499002525847e-001 -9.9034353768964259e-003 7.8621100113153135e+000 -3.7251634701863249e-003 9.7220199660679671e-003 -9.9994580127369892e-001 5.4963370356893482e-001 0.0000000000000000e+000 0.0000000000000000e+000 0.0000000000000000e+000 1.0000000000000000e+000</transform>
      </camera>
      <camera id="48" sensor_id="0" label="_DSC3735.JPG" enabled="1">
        <transform>9.9863949235058735e-001 5.2144112118161917e-002 -3.9482802568716546e-004 1.2876611365104761e+001 5.2137549580002884e-002 -9.9858966404321514e-001 -1.0017923430107972e-002 7.7159741456589188e+000 -9.1664690805650371e-004 9.9837086028852391e-003 -9.9994974139752579e-001 5.3000416245812376e-001 0.0000000000000000e+000 0.0000000000000000e+000 0.0000000000000000e+000 1.0000000000000000e+000</transform>
      </camera>
      <camera id="49" sensor_id="0" label="_DSC3736.JPG" enabled="1">
        <transform>9.9903746328311183e-001 4.3865083530770621e-002 3.7465769189919584e-005 1.3662909666325938e+001 4.3863897978115324e-002 -9.9900341147789629e-001 -8.2548355338315001e-003 7.6495982418916162e+000 -3.2467061898991910e-004 8.2485333462157303e-003 -9.9996592756284730e-001 5.6282432348706679e-001 0.0000000000000000e+000 0.0000000000000000e+000 0.0000000000000000e+000 1.0000000000000000e+000</transform>
      </camera>
      <camera id="50" sensor_id="0" label="_DSC3737.JPG" enabled="1">
        <transform>9.9873352180972597e-001 5.0309488184781294e-002 5.5480819000132279e-004 1.4567519617141443e+001 5.0312456936489648e-002 -9.9869190089249371e-001 -9.1183205005808936e-003 7.4861595320978118e+000 9.5344408414121398e-005 9.1346861097024289e-003 -9.9995827333900333e-001 5.3861388609011063e-001 0.0000000000000000e+000 0.0000000000000000e+000 0.0000000000000000e+000 1.0000000000000000e+000</transform>
      </camera>
      <camera id="51" sensor_id="0" label="_DSC3738.JPG" enabled="1">
        <transform>9.9890551789839532e-001 4.6665783475342400e-002 3.1734783392403077e-003 1.5820994860763765e+001 4.6696912807740250e-002 -9.9885320270664280e-001 -1.0567770668812145e-002 7.3930617435825221e+000 2.6766857050224773e-003 1.0704396074266032e-002 -9.9993912377620353e-001 5.8526685736364092e-001 0.0000000000000000e+000 0.0000000000000000e+000 0.0000000000000000e+000 1.0000000000000000e+000</transform>
      </camera>
      <camera id="52" sensor_id="0" label="_DSC3739.JPG" enabled="1">
        <transform>9.9899607322898809e-001 4.4502429731100503e-002 5.1360900586159570e-003 1.6710306031897666e+001 4.4553470658613807e-002 -9.9895397979089695e-001 -1.0292449280923288e-002 7.3342164040924445e+000 4.6726786037336668e-003 1.0510947053277432e-002 -9.9993384084483783e-001 6.2252294184041501e-001 0.0000000000000000e+000 0.0000000000000000e+000 0.0000000000000000e+000 1.0000000000000000e+000</transform>
      </camera>
      <camera id="53" sensor_id="0" label="_DSC3740.JPG" enabled="1">
        <transform>9.9895264744788537e-001 4.5386108209919319e-002 5.8059743728913950e-003 1.7172602280770427e+001 4.5446457647621834e-002 -9.9890922426520035e-001 -1.0722927080724478e-002 7.2886674614577442e+000 5.3129694281157415e-003 1.0975557364121128e-002 -9.9992565198438765e-001 6.1584392356655870e-001 0.0000000000000000e+000 0.0000000000000000e+000 0.0000000000000000e+000 1.0000000000000000e+000</transform>
      </camera>
      <camera id="54" sensor_id="0" label="_DSC3741.JPG" enabled="1">
        <transform>9.9886577406009014e-001 4.6939113091058519e-002 7.9928138700188951e-003 1.7931411339660070e+001 4.7017300115656073e-002 -9.9884508857388021e-001 -9.8925487955187959e-003 7.1989359649475553e+000 7.5192354112818896e-003 1.0257128938558355e-002 -9.9991912293183371e-001 6.1436050586175517e-001 0.0000000000000000e+000 0.0000000000000000e+000 0.0000000000000000e+000 1.0000000000000000e+000</transform>
      </camera>
      <camera id="55" sensor_id="0" label="_DSC3742.JPG" enabled="1">
        <transform>9.9899673461431093e-001 4.3578317762331169e-002 1.0317676625617172e-002 1.8754983828499071e+001 4.3686075474231485e-002 -9.9899055203427656e-001 -1.0459625036830065e-002 7.1249366059470276e+000 9.8514486044066363e-003 1.0899870056868743e-002 -9.9989206507159467e-001 5.7117598964055583e-001 0.0000000000000000e+000 0.0000000000000000e+000 0.0000000000000000e+000 1.0000000000000000e+000</transform>
      </camera>
      <camera id="56" sensor_id="0" label="_DSC3743.JPG" enabled="1">
        <transform>9.9906793399354443e-001 4.1706736434910845e-002 1.1127057194974900e-002 1.9660648677733093e+001 4.1814518505858107e-002 -9.9907891989257624e-001 -9.6362787634284575e-003 7.0480545991565933e+000 1.0714910545338803e-002 1.0092569654559354e-002 -9.9989165949605419e-001 5.3275166458599854e-001 0.0000000000000000e+000 0.0000000000000000e+000 0.0000000000000000e+000 1.0000000000000000e+000</transform>
      </camera>
      <camera id="57" sensor_id="0" label="_DSC3744.JPG" enabled="1">
        <transform>9.9892753622202624e-001 4.3994848420821478e-002 1.4430200616119463e-002 2.0706155873077357e+001 4.4116359141657707e-002 -9.9899263879198541e-001 -8.2130685806224811e-003 6.8954675875317433e+000 1.4054331484520620e-002 8.8408682749306459e-003 -9.9986214790573436e-001 5.2056396558349494e-001 0.0000000000000000e+000 0.0000000000000000e+000 0.0000000000000000e+000 1.0000000000000000e+000</transform>
      </camera>
      <camera id="58" sensor_id="0" label="_DSC3745.JPG" enabled="1">
        <transform>9.9948146131094351e-001 3.0462580566756835e-002 1.0432625793878093e-002 2.0485312543600898e+001 3.0611868194236686e-002 -9.9942671595777066e-001 -1.4462121404701676e-002 5.2085747917023308e+000 9.9860913975349692e-003 1.4773984400949493e-002 -9.9984099103983559e-001 3.8265205473373409e-001 0.0000000000000000e+000 0.0000000000000000e+000 0.0000000000000000e+000 1.0000000000000000e+000</transform>
      </camera>
      <camera id="59" sensor_id="0" label="_DSC3746.JPG" enabled="1">
        <transform>9.9928563330814990e-001 3.7223939844079401e-002 6.5269722240223777e-003 1.9654499467833194e+001 3.7327443816292244e-002 -9.9916642211626050e-001 -1.6526428940706904e-002 5.2825315603776772e+000 5.9063526876023242e-003 1.6758258199319136e-002 -9.9984212542783701e-001 3.9061738835785575e-001 0.0000000000000000e+000 0.0000000000000000e+000 0.0000000000000000e+000 1.0000000000000000e+000</transform>
      </camera>
      <camera id="60" sensor_id="0" label="_DSC3747.JPG" enabled="1">
        <transform>9.9940004235990632e-001 3.4249134727209953e-002 5.1528731262451156e-003 1.8657598760344950e+001 3.4336606047145050e-002 -9.9924874368626060e-001 -1.7970690765606076e-002 5.4283880217678648e+000 4.5335213886028552e-003 1.8136841286930286e-002 -9.9982523581471572e-001 3.9484433531348584e-001 0.0000000000000000e+000 0.0000000000000000e+000 0.0000000000000000e+000 1.0000000000000000e+000</transform>
      </camera>
      <camera id="61" sensor_id="0" label="_DSC3748.JPG" enabled="1">
        <transform>9.9946638110412189e-001 3.2467239312527665e-002 3.5820963210497657e-003 1.7664141544567066e+001 3.2523709335205708e-002 -9.9932587261726524e-001 -1.7029640302144766e-002 5.7608761521173060e+000 3.0267761247361521e-003 1.7137056023846069e-002 -9.9984856850281401e-001 4.1939789585233839e-001 0.0000000000000000e+000 0.0000000000000000e+000 0.0000000000000000e+000 1.0000000000000000e+000</transform>
      </camera>
      <camera id="62" sensor_id="0" label="_DSC3749.JPG" enabled="1">
        <transform>9.9959694568472091e-001 2.8262608884411768e-002 2.6778941023174788e-003 1.6721958537029568e+001 2.8308619351923130e-002 -9.9941729553798009e-001 -1.9070696105218346e-002 6.0558760633733471e+000 2.1373460562999808e-003 1.9138817063665034e-002 -9.9981455152105048e-001 4.2227672387482568e-001 0.0000000000000000e+000 0.0000000000000000e+000 0.0000000000000000e+000 1.0000000000000000e+000</transform>
      </camera>
      <camera id="63" sensor_id="0" label="_DSC3750.JPG" enabled="1">
        <transform>9.9957553912754427e-001 2.8872002800503952e-002 3.8921757624699928e-003 1.5841472120006362e+001 2.8936621313691794e-002 -9.9942421277396121e-001 -1.7717642848185979e-002 6.2726772900218393e+000 3.3783908634533099e-003 1.7822748818169712e-002 -9.9983545451226030e-001 4.1318841613974172e-001 0.0000000000000000e+000 0.0000000000000000e+000 0.0000000000000000e+000 1.0000000000000000e+000</transform>
      </camera>
      <camera id="64" sensor_id="0" label="_DSC3751.JPG" enabled="1">
        <transform>9.9967205349489885e-001 2.5299654007954041e-002 3.9639586741750310e-003 1.4994269181251203e+001 2.5364217070505474e-002 -9.9953055059261620e-001 -1.7185311298370275e-002 6.4268130480843739e+000 3.5273153662567945e-003 1.7280218143861180e-002 -9.9984446395787352e-001 3.9920473805223600e-001 0.0000000000000000e+000 0.0000000000000000e+000 0.0000000000000000e+000 1.0000000000000000e+000</transform>
      </camera>
      <camera id="65" sensor_id="0" label="_DSC3752.JPG" enabled="1">
        <transform>9.9977777262591572e-001 2.0716070061817582e-002 3.9050997883788071e-003 1.4173403561300793e+001 2.0788140504000088e-002 -9.9959528765155958e-001 -1.9419426335033695e-002 6.4545953549949724e+000 3.5012251497556950e-003 1.9496290569995991e-002 -9.9980379879077330e-001 3.6707679432930540e-001 0.0000000000000000e+000 0.0000000000000000e+000 0.0000000000000000e+000 1.0000000000000000e+000</transform>
      </camera>
      <camera id="66" sensor_id="0" label="_DSC3753.JPG" enabled="1">
        <transform>9.9970740930359403e-001 2.3869721686504891e-002 3.9156315077330060e-003 1.3315612793616280e+001 2.3937786765973280e-002 -9.9954466003531917e-001 -1.8369947186231049e-002 6.4472030153869886e+000 3.4753630374894430e-003 1.8458303862677133e-002 -9.9982359087504569e-001 3.4968835851794455e-001 0.0000000000000000e+000 0.0000000000000000e+000 0.0000000000000000e+000 1.0000000000000000e+000</transform>
      </camera>
      <camera id="67" sensor_id="0" label="_DSC3754.JPG" enabled="1">
        <transform>9.9973920027622998e-001 2.2618909754725355e-002 3.1490240634035340e-003 1.2478345445995004e+001 2.2674506239441266e-002 -9.9956407366158551e-001 -1.8908448160917041e-002 6.4406388514389246e+000 2.7199628383203097e-003 1.8974919408633547e-002 -9.9981626023764691e-001 3.4737302961101640e-001 0.0000000000000000e+000 0.0000000000000000e+000 0.0000000000000000e+000 1.0000000000000000e+000</transform>
      </camera>
      <camera id="68" sensor_id="0" label="_DSC3755.JPG" enabled="1">
        <transform>9.9952919541475127e-001 3.0520173458272806e-002 3.1474633623040683e-003 1.1553968392303856e+001 3.0573651300747622e-002 -9.9935878492659913e-001 -1.8635204215989205e-002 6.4773352481662210e+000 2.5766954962508550e-003 1.8722660123718236e-002 -9.9982139536929859e-001 3.5060064481026254e-001 0.0000000000000000e+000 0.0000000000000000e+000 0.0000000000000000e+000 1.0000000000000000e+000</transform>
      </camera>
      <camera id="69" sensor_id="0" label="_DSC3756.JPG" enabled="1">
        <transform>9.9952107854458772e-001 3.0801684567974948e-002 2.9782163853538123e-003 1.0679435964335550e+001 3.0850576397605113e-002 -9.9936070352212669e-001 -1.8067268517836899e-002 6.5473224945628088e+000 2.4198101162169945e-003 1.8150495407427979e-002 -9.9983233796245374e-001 3.6590204488160682e-001 0.0000000000000000e+000 0.0000000000000000e+000 0.0000000000000000e+000 1.0000000000000000e+000</transform>
      </camera>
      <camera id="70" sensor_id="0" label="_DSC3757.JPG" enabled="1">
        <transform>9.9955973606113491e-001 2.9551977791373217e-002 2.6485192112469754e-003 9.7872595940512479e+000 2.9593279214464689e-002 -9.9941374805182726e-001 -1.7216214169601077e-002 6.6578619259592013e+000 2.1381933329080332e-003 1.7287012859861728e-002 -9.9984828214867383e-001 3.7582286032443857e-001 0.0000000000000000e+000 0.0000000000000000e+000 0.0000000000000000e+000 1.0000000000000000e+000</transform>
      </camera>
      <camera id="71" sensor_id="0" label="_DSC3758.JPG" enabled="1">
        <transform>9.9962924005686604e-001 2.7069085817838245e-002 2.9405809490520803e-003 8.9556352819994078e+000 2.7115990231422877e-002 -9.9948268870398871e-001 -1.7293873331757949e-002 6.6718624577059025e+000 2.4709304119701196e-003 1.7367198220554117e-002 -9.9984612562577202e-001 3.6918290970414680e-001 0.0000000000000000e+000 0.0000000000000000e+000 0.0000000000000000e+000 1.0000000000000000e+000</transform>
      </camera>
      <camera id="72" sensor_id="0" label="_DSC3759.JPG" enabled="1">
        <transform>9.9961011329083660e-001 2.7855788515036180e-002 1.9174078557753806e-003 8.1710844478385347e+000 2.7887017917633129e-002 -9.9943335727897220e-001 -1.8848835235734343e-002 6.6586634774361624e+000 1.3912722024892860e-003 1.8894957112622145e-002 -9.9982050636970365e-001 3.6177786948867335e-001 0.0000000000000000e+000 0.0000000000000000e+000 0.0000000000000000e+000 1.0000000000000000e+000</transform>
      </camera>
      <camera id="73" sensor_id="0" label="_DSC3760.JPG" enabled="1">
        <transform>9.9952629501092494e-001 3.0776331040304469e-002 5.5040275234192982e-005 7.2714241559195223e+000 3.0771253795894942e-002 -9.9932556373284931e-001 -2.0038652895131685e-002 6.6791347971405726e+000 -5.6171306102590702e-004 2.0030854143559134e-002 -9.9979920452094606e-001 3.6480190339607610e-001 0.0000000000000000e+000 0.0000000000000000e+000 0.0000000000000000e+000 1.0000000000000000e+000</transform>
      </camera>
      <camera id="74" sensor_id="0" label="_DSC3761.JPG" enabled="1">
        <transform>9.9983270676116520e-001 1.8241682224673868e-002 -1.3414619845887766e-003 6.2680362949761710e+000 1.8212398893306791e-002 -9.9964766405621241e-001 -1.9309486619505552e-002 6.7189532034506598e+000 -1.6932268581489939e-003 1.9281825032185194e-002 -9.9981265455395940e-001 3.7677142241752726e-001 0.0000000000000000e+000 0.0000000000000000e+000 0.0000000000000000e+000 1.0000000000000000e+000</transform>
      </camera>
      <camera id="75" sensor_id="0" label="_DSC3762.JPG" enabled="1">
        <transform>9.9974588891981953e-001 2.2541320816504822e-002 -2.1550815990036823e-004 5.3741373991976005e+000 2.2532240953765357e-002 -9.9953813605780462e-001 -2.0391485568518084e-002 6.8088358890852758e+000 -6.7505964257715575e-004 2.0381447984307407e-002 -9.9979204881442318e-001 4.1686042114770205e-001 0.0000000000000000e+000 0.0000000000000000e+000 0.0000000000000000e+000 1.0000000000000000e+000</transform>
      </camera>
      <camera id="76" sensor_id="0" label="_DSC3763.JPG" enabled="1">
        <transform>9.9975367205345500e-001 2.2131642183409260e-002 -1.6690206403412225e-003 4.4851116704907410e+000 2.2094753285002815e-002 -9.9956407686845239e-001 -1.9582597156491393e-002 6.9754268458524100e+000 -2.1016881089263827e-003 1.9540896816269904e-002 -9.9980684947579190e-001 4.5985818020437513e-001 0.0000000000000000e+000 0.0000000000000000e+000 0.0000000000000000e+000 1.0000000000000000e+000</transform>
      </camera>
      <camera id="77" sensor_id="0" label="_DSC3764.JPG" enabled="1">
        <transform>9.9983409790248956e-001 1.8148201228613273e-002 -1.5554625294180910e-003 3.5969572568232389e+000 1.8114134102221176e-002 -9.9964255514005484e-001 -1.9663166041846751e-002 7.1059944437297275e+000 -1.9117576314511830e-003 1.9631728024507855e-002 -9.9980545129416565e-001 4.7867706665512566e-001 0.0000000000000000e+000 0.0000000000000000e+000 0.0000000000000000e+000 1.0000000000000000e+000</transform>
      </camera>
      <camera id="78" sensor_id="0" label="_DSC3765.JPG" enabled="1">
        <transform>9.9983867471340260e-001 1.7878039826760408e-002 -1.7321198862337718e-003 2.7179905881568525e+000 1.7837131963143453e-002 -9.9961409619799968e-001 -2.1295431566079052e-002 7.2494008731101838e+000 -2.1121720282505658e-003 2.1261100023491696e-002 -9.9977172612307563e-001 5.0075536892376205e-001 0.0000000000000000e+000 0.0000000000000000e+000 0.0000000000000000e+000 1.0000000000000000e+000</transform>
      </camera>
      <camera id="79" sensor_id="0" label="_DSC3766.JPG" enabled="1">
        <transform>9.9982261129470751e-001 1.8751000127187726e-002 -1.7736792445158561e-003 1.8250544711182750e+000 1.8711852300998543e-002 -9.9962524157020394e-001 -1.9981066017032353e-002 7.3141802080301908e+000 -2.1476795146939394e-003 1.9944332777548500e-002 -9.9979878528770005e-001 5.1806887594673401e-001 0.0000000000000000e+000 0.0000000000000000e+000 0.0000000000000000e+000 1.0000000000000000e+000</transform>
      </camera>
      <camera id="80" sensor_id="0" label="_DSC3767.JPG" enabled="1">
