<?xml version="1.0" encoding="UTF-8"?>
<document version="1.5.0">
  <chunk label="SonyA9" enabled="true">
    <sensors next_id="1">
      <sensor id="0" label="SonyA9" type="frame">
        <resolution width="6000" height="4000"/>
        <property name="pixel_width" value="0.006"/>
        <property name="pixel_height" value="0.006"/>
        <property name="focal_length" value="55"/>
        <property name="fixed" value="true"/>
        <property name="layer_index" value="0"/>
        <calibration type="frame" class="initial">
          <resolution width="6000" height="4000"/>
          <f>9227.77018581081</f>
          <cx>-37.8304617831239</cx>
          <cy>31.7622333680372</cy>
          <k1>-0.017282082281574</k1>
        </calibration>
      </sensor>
    </sensors>
    <cameras next_id="608" next_group_id="0">
      <camera id="0" sensor_id="0" label="DSC00627.JPG">
        <transform>9.9797902106062286e-001 -6.1832846301711854e-002 -1.4648298232548998e-002 4.3141069423022937e+000 -6.1690846209982685e-002 -9.9804565266014711e-001 9.9556365982891356e-003 1.9798774957538747e+001 -1.5235255717482556e-002 -9.0318505528937613e-003 -9.9984314402750851e-001 8.2946632763006467e-001 0 0 0 1</transform>
        <rotation_covariance>1.2752410420848104e-008 -3.3120697583914537e-010 -1.1232309604572715e-010 -3.3120697583914542e-010 5.1601065445341564e-009 -5.4359203675497110e-011 -1.1232309604572716e-010 -5.4359203675497129e-011 2.3314616206249883e-010</rotation_covariance>
        <location_covariance>1.8366082054909942e-006 -3.8145618243560194e-007 4.3013287948181380e-007 -3.8145618243560194e-007 4.0553483452917693e-006 -1.8270614226310742e-007 4.3013287948181380e-007 -1.8270614226310742e-007 1.9102491817905455e-006</location_covariance>
      </camera>
      <camera id="1" sensor_id="0" label="DSC00628.JPG">
        <transform>9.9936588063511378e-001 -3.3690873227961812e-002 -1.1522225633166443e-002 4.7417772984068636e+000 -3.3642599103139076e-002 -9.9942442525346797e-001 4.3581799366940524e-003 1.9745987827361251e+001 -1.1662424618819955e-002 -3.9677787126480030e-003 -9.9992411941311721e-001 7.1753563849399382e-001 0 0 0 1</transform>
        <rotation_covariance>1.2337567454596890e-008 -1.6305214792349913e-010 -5.0953876254522160e-011 -1.6305214792349918e-010 4.8933574244485308e-009 -1.3709318462035678e-011 -5.0953876254522160e-011 -1.3709318462035684e-011 2.2464776039111262e-010</rotation_covariance>
        <location_covariance>1.7378343297408953e-006 -3.6042124310842091e-007 4.2855355998256399e-007 -3.6042124310842091e-007 3.8619876309541139e-006 -1.6582849513617660e-007 4.2855355998256399e-007 -1.6582849513617660e-007 1.8818263606420673e-006</location_covariance>
      </camera>
      <camera id="2" sensor_id="0" label="DSC00629.JPG">
        <transform>9.9995114649277550e-001 -5.9952605159110011e-003 -7.8588471884066674e-003 6.2362814537770213e+000 -5.9788896162567733e-003 -9.9997991081193760e-001 2.1049587895929753e-003 1.9769565103000179e+001 -7.8713090868664133e-003 -2.0578687751230270e-003 -9.9996690328698545e-001 6.4362768591977493e-001 0 0 0 1</transform>
        <rotation_covariance>1.2676905781998548e-008 -2.3133518665511549e-010 3.8206050153632511e-012 -2.3133518665511554e-010 4.5647000994381775e-009 1.6442469795773854e-011 3.8206050153632600e-012 1.6442469795773858e-011 2.1122355745148945e-010</rotation_covariance>
        <location_covariance>1.7007901723895486e-006 -3.3947480472555621e-007 4.9908095831619896e-007 -3.3947480472555621e-007 3.9977019555378814e-006 -7.3006087449728924e-008 4.9908095831619896e-007 -7.3006087449728924e-008 1.9201980637510524e-006</location_covariance>
      </camera>
      <camera id="3" sensor_id="0" label="DSC00630.JPG">
        <transform>9.9994984743957382e-001 8.0563346214712790e-003 -5.9496283951277198e-003 7.5792213325990314e+000 8.0503858023221048e-003 -9.9996707169737908e-001 -1.0231370399759181e-003 1.9883742819612110e+001 -5.9576752183211111e-003 9.7518892307246773e-004 -9.9998177739024685e-001 5.4856908343347832e-001 0 0 0 1</transform>
        <rotation_covariance>1.2828775825869706e-008 8.8552888556483140e-011 1.6460775360930465e-011 8.8552888556483166e-011 4.4253410953912725e-009 2.6285276513299530e-011 1.6460775360930459e-011 2.6285276513299534e-011 2.0404983735860344e-010</rotation_covariance>
        <location_covariance>1.7701624857021617e-006 -1.3003700934040554e-007 6.1252479083871275e-007 -1.3003700934040554e-007 4.0816465748968586e-006 1.0079918353430306e-008 6.1252479083871275e-007 1.0079918353430306e-008 1.9827996708850505e-006</location_covariance>
      </camera>
      <camera id="4" sensor_id="0" label="DSC00631.JPG">
        <transform>9.9995591087832847e-001 8.3719296183123442e-003 -4.2528924226909260e-003 9.0335944818755500e+000 8.3561558532971852e-003 -9.9995819224150739e-001 -3.7132773195545903e-003 2.0002187134505487e+001 -4.2838019151642094e-003 3.6775757725077355e-003 -9.9998406211178636e-001 4.7980860625833133e-001 0 0 0 1</transform>
        <rotation_covariance>1.2977828152261204e-008 3.6264860489959700e-010 2.1984069504178178e-011 3.6264860489959695e-010 4.4690786035884042e-009 3.1680955190076323e-011 2.1984069504178181e-011 3.1680955190076317e-011 2.0058810822497006e-010</rotation_covariance>
        <location_covariance>1.9790550836579829e-006 1.3157453489364206e-007 7.5265352200334437e-007 1.3157453489364206e-007 4.1851342725698386e-006 9.0226696208995123e-008 7.5265352200334437e-007 9.0226696208995123e-008 2.0697660560037665e-006</location_covariance>
      </camera>
      <camera id="5" sensor_id="0" label="DSC00632.JPG">
        <transform>9.9997045504409776e-001 7.3264655884586263e-003 -2.3263578574296562e-003 1.0384238106102970e+001 7.3162221675815396e-003 -9.9996363658847298e-001 -4.3815971917703731e-003 2.0120422479705333e+001 -2.3583748841695196e-003 4.3644475867483067e-003 -9.9998769475687466e-001 4.4391409782188695e-001 0 0 0 1</transform>
        <rotation_covariance>1.2847454782292386e-008 4.0845733486083681e-010 4.2108054324300377e-011 4.0845733486083681e-010 4.5271769761051972e-009 2.8620749053221246e-011 4.2108054324300377e-011 2.8620749053221240e-011 2.0006098511446641e-010</rotation_covariance>
        <location_covariance>2.2398611795202263e-006 3.1127241677991600e-007 8.9533184151743889e-007 3.1127241677991600e-007 4.1804535378117400e-006 1.5744207763116499e-007 8.9533184151743889e-007 1.5744207763116499e-007 2.1689285503194184e-006</location_covariance>
      </camera>
      <camera id="6" sensor_id="0" label="DSC00633.JPG">
        <transform>9.9996038733783554e-001 8.8500500555928532e-003 -9.4887785289977477e-004 1.1821468450978708e+001 8.8430833834567246e-003 -9.9993561690676214e-001 -7.1106903719837392e-003 2.0258433498170000e+001 -1.0117467269303785e-003 7.1020176926343678e-003 -9.9997426852557258e-001 3.9443922228608125e-001 0 0 0 1</transform>
        <rotation_covariance>1.2932067197704060e-008 4.0718248151615048e-010 6.2951997783071732e-011 4.0718248151615053e-010 4.5822237079901175e-009 3.8121137821656323e-011 6.2951997783071719e-011 3.8121137821656316e-011 2.0164259798204783e-010</rotation_covariance>
        <location_covariance>2.5598889119625059e-006 4.7639731467476979e-007 1.0540907261010585e-006 4.7639731467476979e-007 4.2434352338206183e-006 2.2647355352714599e-007 1.0540907261010585e-006 2.2647355352714599e-007 2.2852630699605999e-006</location_covariance>
      </camera>
      <camera id="7" sensor_id="0" label="DSC00634.JPG">
        <transform>9.9996268008599820e-001 8.6371943252516771e-003 -1.9315645368550978e-004 1.3084129540617338e+001 8.6358464451570596e-003 -9.9994387731118906e-001 -6.1371315809098268e-003 2.0366156552850121e+001 -2.4615321128992500e-004 6.1352344742130896e-003 -9.9998114897559098e-001 3.7067377519381778e-001 0 0 0 1</transform>
        <rotation_covariance>1.3238233549227754e-008 5.0367525130160168e-010 7.1905360173112989e-011 5.0367525130160178e-010 4.6494287008560717e-009 2.7974405861327570e-011 7.1905360173113002e-011 2.7974405861327567e-011 2.0279942953074182e-010</rotation_covariance>
        <location_covariance>2.8873925882582386e-006 6.5605581616697166e-007 1.1931254513229664e-006 6.5605581616697166e-007 4.3774415434223165e-006 2.7606487684828042e-007 1.1931254513229664e-006 2.7606487684828042e-007 2.3986334189543682e-006</location_covariance>
      </camera>
      <camera id="8" sensor_id="0" label="DSC00635.JPG">
        <transform>9.9996771853092081e-001 8.0079727511688740e-003 6.5899050191972272e-004 1.4357632811781391e+001 8.0136512338678158e-003 -9.9992630112013159e-001 -9.1199628351139699e-003 2.0491729693875914e+001 5.8590952118262171e-004 9.1249493493645202e-003 -9.9995819513087869e-001 3.6283380137841137e-001 0 0 0 1</transform>
        <rotation_covariance>1.3205632307587292e-008 4.3601484749369478e-010 8.9719399125201848e-011 4.3601484749369467e-010 4.7807215108248359e-009 3.9971595339101660e-011 8.9719399125201822e-011 3.9971595339101660e-011 2.0482140219645234e-010</rotation_covariance>
        <location_covariance>3.2871324107609878e-006 7.8667410999659897e-007 1.3554342076934683e-006 7.8667410999659897e-007 4.4021625390397171e-006 3.3409061274791373e-007 1.3554342076934683e-006 3.3409061274791373e-007 2.5311876181966745e-006</location_covariance>
      </camera>
      <camera id="9" sensor_id="0" label="DSC00636.JPG">
        <transform>9.9997149674197350e-001 7.2919118737935990e-003 1.9579900004005365e-003 1.5339050996845542e+001 7.3074047922497250e-003 -9.9994109352245408e-001 -8.0256663474661833e-003 2.0560587694627458e+001 1.8993522103723484e-003 8.0397454153395536e-003 -9.9996587689522565e-001 3.5274317539084976e-001 0 0 0 1</transform>
        <rotation_covariance>1.3042117855614792e-008 4.1688089199884147e-010 1.1164692282022869e-010 4.1688089199884147e-010 4.7932513046774882e-009 3.6727957393848254e-011 1.1164692282022869e-010 3.6727957393848254e-011 2.0439896648189043e-010</rotation_covariance>
        <location_covariance>3.5868873649099927e-006 8.9818535332469965e-007 1.4739622605694637e-006 8.9818535332469965e-007 4.3630967643705815e-006 3.8186024005673213e-007 1.4739622605694637e-006 3.8186024005673213e-007 2.6307147812197875e-006</location_covariance>
      </camera>
      <camera id="10" sensor_id="0" label="DSC00637.JPG">
        <transform>9.9997638450962723e-001 6.4613514009522624e-003 2.3412306862699373e-003 1.6726021856472673e+001 6.4808247686769680e-003 -9.9994365304267463e-001 -8.4077137194847364e-003 2.0708998241553001e+001 2.2867735722241706e-003 8.4226882730231052e-003 -9.9996191376916188e-001 2.9832700742284485e-001 0 0 0 1</transform>
        <rotation_covariance>1.3056373095203998e-008 4.0898472983163819e-010 1.0313649729880432e-010 4.0898472983163819e-010 4.9543172981207700e-009 4.2244434654232593e-011 1.0313649729880433e-010 4.2244434654232586e-011 2.0585557227534643e-010</rotation_covariance>
        <location_covariance>4.0996386470359487e-006 1.0770156855955839e-006 1.6484849853472446e-006 1.0770156855955839e-006 4.3947138800193098e-006 4.3834047839169152e-007 1.6484849853472446e-006 4.3834047839169152e-007 2.7839934826426869e-006</location_covariance>
      </camera>
      <camera id="11" sensor_id="0" label="DSC00638.JPG">
        <transform>9.9997770472291370e-001 5.9855001414992701e-003 2.9603792239602860e-003 1.7638955840575480e+001 6.0137384592518738e-003 -9.9993560806844850e-001 -9.6236514133585232e-003 2.0764646882841291e+001 2.9025862325275332e-003 9.6412397977767798e-003 -9.9994930945939675e-001 2.6064276582665913e-001 0 0 0 1</transform>
        <rotation_covariance>1.3118722411670659e-008 4.0383750600429133e-010 1.0646905554258632e-010 4.0383750600429138e-010 5.0285637786173818e-009 4.6099555063616654e-011 1.0646905554258629e-010 4.6099555063616654e-011 2.0630350662815072e-010</rotation_covariance>
        <location_covariance>4.4505988509495121e-006 1.1912712411915801e-006 1.7641967823458314e-006 1.1912712411915801e-006 4.4254961926733463e-006 4.6312641996088098e-007 1.7641967823458314e-006 4.6312641996088098e-007 2.8804179227153977e-006</location_covariance>
      </camera>
      <camera id="12" sensor_id="0" label="DSC00639.JPG">
        <transform>9.9997887601764035e-001 5.5001043328916322e-003 3.4635777491411010e-003 1.8893945193858926e+001 5.5358693545465758e-003 -9.9993056837432448e-001 -1.0402527629848640e-002 2.0857830157164059e+001 3.4061222800173692e-003 1.0421481800957050e-002 -9.9993989371766034e-001 2.1677520977209472e-001 0 0 0 1</transform>
        <rotation_covariance>1.2936270987266037e-008 2.7677188209669721e-010 1.1532219760496418e-010 2.7677188209669716e-010 5.0515781371374795e-009 4.7770244472663777e-011 1.1532219760496418e-010 4.7770244472663777e-011 2.0655164544312535e-010</rotation_covariance>
        <location_covariance>4.9404925601781061e-006 1.3089990103711441e-006 1.9320282146825289e-006 1.3089990103711441e-006 4.3766073565478496e-006 5.0785773987408702e-007 1.9320282146825289e-006 5.0785773987408702e-007 3.0261832741148924e-006</location_covariance>
      </camera>
      <camera id="13" sensor_id="0" label="DSC00640.JPG">
        <transform>9.9998009741696325e-001 5.0998269691325216e-003 3.7143687007349965e-003 2.0321790986758618e+001 5.1394361113242084e-003 -9.9992918712575651e-001 -1.0733449141885240e-002 2.0980445082977415e+001 3.6593669422056991e-003 1.0752325279153757e-002 -9.9993549618696587e-001 1.5594766430371801e-001 0 0 0 1</transform>
        <rotation_covariance>1.2961327030181841e-008 5.1588900635176850e-010 1.0520387850839783e-010 5.1588900635176850e-010 5.1015267668991730e-009 5.7465604134203384e-011 1.0520387850839783e-010 5.7465604134203371e-011 2.0967834773132995e-010</rotation_covariance>
        <location_covariance>5.5478645910900157e-006 1.5858070584923395e-006 2.1269913139989376e-006 1.5858070584923395e-006 4.4094320266328492e-006 5.6376150426616276e-007 2.1269913139989376e-006 5.6376150426616276e-007 3.2042483346015848e-006</location_covariance>
      </camera>
      <camera id="14" sensor_id="0" label="DSC00641.JPG">
        <transform>9.9998408238833736e-001 4.3508578722224051e-003 3.5923537870375332e-003 2.1744322032274670e+001 4.3886236277088046e-003 -9.9993447654763168e-001 -1.0572728790064880e-002 2.1100393094970567e+001 3.5461179633281517e-003 1.0588325986182664e-002 -9.9993765425660441e-001 9.2088456176212738e-002 0 0 0 1</transform>
        <rotation_covariance>1.3090257885387015e-008 4.6805444900761914e-010 1.0075461919284675e-010 4.6805444900761914e-010 5.2596590129638642e-009 5.5721472380300952e-011 1.0075461919284674e-010 5.5721472380300939e-011 2.1547061283322885e-010</rotation_covariance>
        <location_covariance>6.2360732156534040e-006 1.7643543554293105e-006 2.3328892644670181e-006 1.7643543554293105e-006 4.4802818299960406e-006 6.2011798242386292e-007 2.3328892644670181e-006 6.2011798242386292e-007 3.3936941620355847e-006</location_covariance>
      </camera>
      <camera id="15" sensor_id="0" label="DSC00642.JPG">
        <transform>9.9998541398195051e-001 4.2551795740100084e-003 3.3264500807058989e-003 2.2735753948897887e+001 4.2905201645019554e-003 -9.9993365362516262e-001 -1.0690172334965206e-002 2.1194070320793188e+001 3.2807407798395760e-003 1.0704288609066057e-002 -9.9993732550860870e-001 5.4459509870439460e-002 0 0 0 1</transform>
        <rotation_covariance>1.3146120300537758e-008 4.1090442293023897e-010 1.0757266361930837e-010 4.1090442293023892e-010 5.3282979130970820e-009 5.9156979818177346e-011 1.0757266361930837e-010 5.9156979818177359e-011 2.2092797462906291e-010</rotation_covariance>
        <location_covariance>6.7266278294883951e-006 1.8817104166867453e-006 2.4818320863751037e-006 1.8817104166867453e-006 4.5203369169598978e-006 6.6376426514350217e-007 2.4818320863751037e-006 6.6376426514350217e-007 3.5379587132238190e-006</location_covariance>
      </camera>
      <camera id="16" sensor_id="0" label="DSC00643.JPG">
        <transform>9.9998876059409625e-001 3.6202626754237191e-003 3.0614348993965156e-003 2.4043779770820915e+001 3.6587446878528925e-003 -9.9991317576490546e-001 -1.2659167391671245e-002 2.1304830751502351e+001 3.0153395814430757e-003 1.2670226118825905e-002 -9.9991518295168735e-001 1.1239722552971079e-002 0 0 0 1</transform>
        <rotation_covariance>1.2972170805413839e-008 6.0685544118037264e-010 1.0330668260229315e-010 6.0685544118037253e-010 5.2073863478506446e-009 6.7706686136908903e-011 1.0330668260229313e-010 6.7706686136908891e-011 2.2377916807565607e-010</rotation_covariance>
        <location_covariance>7.3337041587416517e-006 2.1355875767155838e-006 2.6947108497914283e-006 2.1355875767155838e-006 4.4864809001780810e-006 7.1309806064556844e-007 2.6947108497914283e-006 7.1309806064556844e-007 3.7347440759702478e-006</location_covariance>
      </camera>
      <camera id="17" sensor_id="0" label="DSC00644.JPG">
        <transform>9.9999266250505969e-001 3.0474946801301644e-003 2.3211445918005866e-003 2.5387392478081310e+001 3.0788230286315056e-003 -9.9990256985343906e-001 -1.3615125752144760e-002 2.1406282016252639e+001 2.2794264190438545e-003 1.3622172244650463e-002 -9.9990461577019296e-001 -3.1406702050773012e-002 0 0 0 1</transform>
        <rotation_covariance>1.2708299461815885e-008 8.4903004068510964e-010 8.2685149361101120e-011 8.4903004068510954e-010 5.2094680324867782e-009 7.4300276370670860e-011 8.2685149361101107e-011 7.4300276370670860e-011 2.2509967816174324e-010</rotation_covariance>
        <location_covariance>8.0403373436130159e-006 2.4117669929762453e-006 2.9076492463784882e-006 2.4117669929762453e-006 4.4178765069745950e-006 7.6295494174469344e-007 2.9076492463784882e-006 7.6295494174469344e-007 3.9473765634144493e-006</location_covariance>
      </camera>
      <camera id="18" sensor_id="0" label="DSC00645.JPG">
        <transform>9.9999464985820796e-001 2.6190999949481228e-003 1.9597372723152589e-003 2.6393721126727154e+001 2.6479208189790883e-003 -9.9988620687345275e-001 -1.4851323831745498e-002 2.1494782854931476e+001 1.9206171655111333e-003 1.4856433604180291e-002 -9.9988779250987370e-001 -8.2418533449953035e-002 0 0 0 1</transform>
        <rotation_covariance>1.2730462522357933e-008 8.6113108049315811e-010 6.9838463259992960e-011 8.6113108049315800e-010 5.3197671076068506e-009 8.2370783780007706e-011 6.9838463259992973e-011 8.2370783780007693e-011 2.2750424823407902e-010</rotation_covariance>
        <location_covariance>8.6334917652583079e-006 2.5662537446887227e-006 3.0707225242477839e-006 2.5662537446887227e-006 4.4425168824360588e-006 7.9327076719076785e-007 3.0707225242477839e-006 7.9327076719076785e-007 4.1140618631247539e-006</location_covariance>
      </camera>
      <camera id="19" sensor_id="0" label="DSC00646.JPG">
        <transform>9.9999547968644054e-001 2.2173816825431219e-003 2.0307203545699560e-003 2.7877771489944426e+001 2.2468966800916973e-003 -9.9989017055525142e-001 -1.4649173433993547e-002 2.1627073560456157e+001 1.9980145128440396e-003 1.4653670033959124e-002 -9.9989063296569702e-001 -1.5362142755930552e-001 0 0 0 1</transform>
        <rotation_covariance>1.2914762271689178e-008 8.6033846048551399e-010 5.1813531980680942e-011 8.6033846048551409e-010 5.6636363498006918e-009 8.5281317271278954e-011 5.1813531980680942e-011 8.5281317271278954e-011 2.3299921772719322e-010</rotation_covariance>
        <location_covariance>9.6135599920392467e-006 2.7936794008385210e-006 3.3254688807489579e-006 2.7936794008385210e-006 4.5375150624045370e-006 8.3190340324395903e-007 3.3254688807489579e-006 8.3190340324395903e-007 4.3780837588529946e-006</location_covariance>
      </camera>
      <camera id="20" sensor_id="0" label="DSC00647.JPG">
        <transform>9.9999614877953791e-001 1.7694511660129055e-003 2.1380993110940837e-003 2.8542140931364465e+001 1.8015377675992242e-003 -9.9988437288793397e-001 -1.5099513772796750e-002 2.1697899548835903e+001 2.1111342365939282e-003 1.5103307487900149e-002 -9.9988370984588049e-001 -1.7930836680680937e-001 0 0 0 1</transform>
        <rotation_covariance>1.2851371087335171e-008 8.0339978417405004e-010 5.0726768478826620e-011 8.0339978417405014e-010 5.7128794382148113e-009 9.0063348907857403e-011 5.0726768478826614e-011 9.0063348907857364e-011 2.3431181192339126e-010</rotation_covariance>
        <location_covariance>1.0030726163294483e-005 2.8795135381777502e-006 3.4426458955499984e-006 2.8795135381777502e-006 4.5330341918845460e-006 8.4867425826425504e-007 3.4426458955499984e-006 8.4867425826425504e-007 4.5064225483280633e-006</location_covariance>
      </camera>
      <camera id="21" sensor_id="0" label="DSC00648.JPG">
        <transform>9.9999871474110869e-001 1.3331749274576570e-003 8.9059572359899235e-004 2.9623774841781170e+001 1.3465292124328954e-003 -9.9988407740325269e-001 -1.5166364578444169e-002 2.1804433376891872e+001 8.7027306643339705e-004 1.5167544298897544e-002 -9.9988458745233733e-001 -2.2976070460883138e-001 0 0 0 1</transform>
        <rotation_covariance>1.2809061670336326e-008 7.8464343222682653e-010 3.4479630067415278e-011 7.8464343222682663e-010 5.6564512040411125e-009 9.8707162893865643e-011 3.4479630067415278e-011 9.8707162893865643e-011 2.3602643417186798e-010</rotation_covariance>
        <location_covariance>1.0679105507556668e-005 3.0440615874162010e-006 3.6224910046962238e-006 3.0440615874162010e-006 4.5464484109661150e-006 8.8196139233208436e-007 3.6224910046962238e-006 8.8196139233208436e-007 4.7148248513033900e-006</location_covariance>
      </camera>
      <camera id="22" sensor_id="0" label="DSC00649.JPG">
        <transform>9.9999944739224689e-001 9.1524754916435093e-004 5.1723991109052655e-004 3.0790296565817808e+001 9.2294582860831629e-004 -9.9988579684006118e-001 -1.5084477071258996e-002 2.1908641615351655e+001 5.0337480998833780e-004 1.5084946119878337e-002 -9.9988608901932474e-001 -2.7825637041084500e-001 0 0 0 1</transform>
        <rotation_covariance>1.2750863783780506e-008 7.7086710936165190e-010 4.2638089750126770e-011 7.7086710936165190e-010 5.6564727750973286e-009 9.8697608445440309e-011 4.2638089750126770e-011 9.8697608445440296e-011 2.3923780943713917e-010</rotation_covariance>
        <location_covariance>1.1429963302976664e-005 3.2207802938508075e-006 3.8164274968470213e-006 3.2207802938508075e-006 4.5557752381797080e-006 9.1590955108574611e-007 3.8164274968470213e-006 9.1590955108574611e-007 4.9488095670078829e-006</location_covariance>
      </camera>
      <camera id="23" sensor_id="0" label="DSC00650.JPG">
        <transform>9.9999974607117792e-001 5.6565066574927635e-004 4.3347076272348006e-004 3.1313607506554032e+001 5.7228053448263414e-004 -9.9988047029069393e-001 -1.5450489514916621e-002 2.1936896094881210e+001 4.2467937040895429e-004 1.5450733658471806e-002 -9.9988054010309013e-001 -2.9140107907286367e-001 0 0 0 1</transform>
        <rotation_covariance>1.2668346018845890e-008 7.7935905623676014e-010 4.7955209875561762e-011 7.7935905623676014e-010 5.6585921803651347e-009 9.9961636680629008e-011 4.7955209875561762e-011 9.9961636680628995e-011 2.4134495887652064e-010</rotation_covariance>
        <location_covariance>1.1777558207385357e-005 3.2974330466130382e-006 3.9042686328184174e-006 3.2974330466130382e-006 4.5378766185567267e-006 9.3393406396838214e-007 3.9042686328184174e-006 9.3393406396838214e-007 5.0549380876862376e-006</location_covariance>
      </camera>
      <camera id="24" sensor_id="0" label="DSC00651.JPG">
        <transform>9.9999978689409263e-001 3.4999487378558757e-004 5.5110376329676374e-004 3.2345144471914523e+001 3.5860739500732854e-004 -9.9987658879933083e-001 -1.5706004321599201e-002 2.2035286449498670e+001 5.4553872991942799e-004 1.5706198604441834e-002 -9.9987650123047300e-001 -3.2105761196723703e-001 0 0 0 1</transform>
        <rotation_covariance>1.2784789562973719e-008 8.2250560381854884e-010 6.5901604824347514e-011 8.2250560381854894e-010 5.7272326976181495e-009 1.0165250935292759e-010 6.5901604824347514e-011 1.0165250935292761e-010 2.4813166426492365e-010</rotation_covariance>
        <location_covariance>1.2503986235082976e-005 3.4717393552153245e-006 4.0769928781918063e-006 3.4717393552153245e-006 4.6112811802549266e-006 9.6754204889196964e-007 4.0769928781918063e-006 9.6754204889196964e-007 5.2814685757287382e-006</location_covariance>
      </camera>
      <camera id="25" sensor_id="0" label="DSC00652.JPG">
        <transform>9.9999994457827257e-001 -2.1731880823659062e-004 2.5222209777044763e-004 3.2860539179411902e+001 -2.1376097306125569e-004 -9.9990167404551156e-001 -1.4021289071617052e-002 2.2071768466496700e+001 2.5524438762292579e-004 1.4021234379291949e-002 -9.9990166508351386e-001 -3.3881834777504921e-001 0 0 0 1</transform>
        <rotation_covariance>1.2700052896128618e-008 8.6478152882198580e-010 7.3321918060716887e-011 8.6478152882198570e-010 5.6631374190246031e-009 8.4140327223481798e-011 7.3321918060716887e-011 8.4140327223481811e-011 2.5004679842964842e-010</rotation_covariance>
        <location_covariance>1.2841998284646567e-005 3.5639728284601267e-006 4.1562485973334600e-006 3.5639728284601267e-006 4.5932021594526021e-006 9.8293373972643180e-007 4.1562485973334600e-006 9.8293373972643180e-007 5.3929538601400186e-006</location_covariance>
      </camera>
      <camera id="26" sensor_id="0" label="DSC00653.JPG">
        <transform>9.9999795055179241e-001 -5.9699244797510272e-004 -1.9345522046900947e-003 3.3055407263042639e+001 -6.2141631141208759e-004 -9.9991980303831018e-001 -1.2649163355526275e-002 2.2081881325594665e+001 -1.9268456044845956e-003 1.2650339594016376e-002 -9.9991812473530683e-001 -3.5423751619608218e-001 0 0 0 1</transform>
        <rotation_covariance>1.3007093185728403e-008 9.4828855620301603e-010 5.7471825555706026e-011 9.4828855620301583e-010 5.7282937522909357e-009 7.9382926802136993e-011 5.7471825555706020e-011 7.9382926802137006e-011 2.5253069339148485e-010</rotation_covariance>
        <location_covariance>1.3002995987110206e-005 3.6231953822355923e-006 4.1817412217558647e-006 3.6231953822355923e-006 4.7014606044191081e-006 9.8437202246420539e-007 4.1817412217558647e-006 9.8437202246420539e-007 5.4320224221406550e-006</location_covariance>
      </camera>
      <camera id="27" sensor_id="0" label="DSC00654.JPG">
        <transform>9.9999405650598328e-001 -2.1817050815090390e-003 -2.6696658303750533e-003 3.3064689382333164e+001 -2.2152393964139216e-003 -9.9991786750226763e-001 -1.2623429174920320e-002 2.0137220659775434e+001 -2.6419059644753008e-003 1.2629268096567253e-002 -9.9991675749545261e-001 -3.8590829211901140e-001 0 0 0 1</transform>
        <rotation_covariance>1.2505916475261701e-008 7.5691200360441071e-010 6.6998328783828147e-011 7.5691200360441061e-010 5.7908188496653894e-009 1.1091278629961774e-010 6.6998328783828160e-011 1.1091278629961776e-010 2.3567942975727936e-010</rotation_covariance>
        <location_covariance>1.3019333435508555e-005 2.8911559988787689e-006 3.7987012261885912e-006 2.8911559988787689e-006 4.1029115817145304e-006 8.2316570820781522e-007 3.7987012261885912e-006 8.2316570820781522e-007 4.9102486226340283e-006</location_covariance>
      </camera>
      <camera id="28" sensor_id="0" label="DSC00655.JPG">
        <transform>9.9999201324991216e-001 -3.4186380978200922e-003 -2.0703501984351783e-003 3.2692585041648208e+001 -3.4386078313426100e-003 -9.9994684653624299e-001 -9.7200863373545082e-003 2.0121455857797670e+001 -2.0370106946839611e-003 9.7271278278600569e-003 -9.9995061556641396e-001 -3.8041420624716160e-001 0 0 0 1</transform>
        <rotation_covariance>1.2171591207788192e-008 7.7733799484329651e-010 5.9541607346172578e-011 7.7733799484329651e-010 5.6668622190812546e-009 9.3352989311467227e-011 5.9541607346172565e-011 9.3352989311467227e-011 2.2992100436883206e-010</rotation_covariance>
        <location_covariance>1.2712243822255867e-005 2.8582301112029593e-006 3.7435433441395126e-006 2.8582301112029593e-006 3.9788511821117519e-006 8.0814482930874904e-007 3.7435433441395126e-006 8.0814482930874904e-007 4.8294078891891052e-006</location_covariance>
      </camera>
      <camera id="29" sensor_id="0" label="DSC00656.JPG">
        <transform>9.9998619159210866e-001 -3.7118155438996478e-003 -3.7200874288693029e-003 3.1204709640803763e+001 -3.7408740298567793e-003 -9.9996230892861249e-001 -7.8349590714211822e-003 2.0080398721514122e+001 -3.6908652919213354e-003 7.8487672615619678e-003 -9.9996238647554681e-001 -3.3135502023729163e-001 0 0 0 1</transform>
        <rotation_covariance>1.2852187569017222e-008 5.8315768862334919e-010 3.0295905022226675e-011 5.8315768862334919e-010 5.7715831862070154e-009 8.6651005064068484e-011 3.0295905022226675e-011 8.6651005064068471e-011 2.2655535618516208e-010</rotation_covariance>
        <location_covariance>1.1734181750161653e-005 2.6239600811804724e-006 3.5280985798029933e-006 2.6239600811804724e-006 4.1906624677119124e-006 7.8628307200343334e-007 3.5280985798029933e-006 7.8628307200343334e-007 4.5392111297583813e-006</location_covariance>
      </camera>
      <camera id="30" sensor_id="0" label="DSC00657.JPG">
        <transform>9.9998559071496351e-001 -4.3175552124161999e-003 -3.1901535126642269e-003 2.9787658642424095e+001 -4.3381103738400328e-003 -9.9996969353021925e-001 -6.4647366120892781e-003 2.0013691833946545e+001 -3.1621449731167755e-003 6.4784826979041752e-003 -9.9997401471293335e-001 -2.8729505025108093e-001 0 0 0 1</transform>
        <rotation_covariance>1.2999805045279287e-008 5.9157209956970437e-010 3.2981429320654390e-011 5.9157209956970437e-010 5.8231398500044157e-009 7.6988571366180081e-011 3.2981429320654390e-011 7.6988571366180081e-011 2.2316963802393721e-010</rotation_covariance>
        <location_covariance>1.0829927146598594e-005 2.4602391710894298e-006 3.3190344392176388e-006 2.4602391710894298e-006 4.2155837018364560e-006 7.4652039968237700e-007 3.3190344392176388e-006 7.4652039968237700e-007 4.2707168857509589e-006</location_covariance>
      </camera>
      <camera id="31" sensor_id="0" label="DSC00658.JPG">
        <transform>9.9998770204854226e-001 -4.3755479946501101e-003 -2.3345944878468538e-003 2.8358391098123331e+001 -4.3930457511510276e-003 -9.9996189950050440e-001 -7.5432550249543767e-003 1.9944382428025893e+001 -2.3014996642331739e-003 7.5534182387657417e-003 -9.9996882400013143e-001 -2.5014338890482984e-001 0 0 0 1</transform>
        <rotation_covariance>1.3289651523506767e-008 6.0935740116027120e-010 4.5126214078851821e-011 6.0935740116027141e-010 5.8020714155674598e-009 8.4733541442541676e-011 4.5126214078851834e-011 8.4733541442541676e-011 2.2099544851301633e-010</rotation_covariance>
        <location_covariance>9.9362509715839040e-006 2.2972991080055512e-006 3.1047296366293722e-006 2.2972991080055512e-006 4.2894448559347683e-006 7.1531310638822332e-007 3.1047296366293722e-006 7.1531310638822332e-007 4.0122131375139550e-006</location_covariance>
      </camera>
      <camera id="32" sensor_id="0" label="DSC00659.JPG">
        <transform>9.9998916504776103e-001 -4.4038661657207975e-003 -1.5085588739550810e-003 2.6952761976141712e+001 -4.4164960228987790e-003 -9.9995434449933462e-001 -8.4736933969674268e-003 1.9829727665475836e+001 -1.4711729882948105e-003 8.4802641291713155e-003 -9.9996295969917703e-001 -2.0199563121244557e-001 0 0 0 1</transform>
        <rotation_covariance>1.3021602649688771e-008 9.2313292881658425e-010 5.4827917794465883e-011 9.2313292881658436e-010 5.3724259968655746e-009 9.1088110405162835e-011 5.4827917794465877e-011 9.1088110405162835e-011 2.1448643764979654e-010</rotation_covariance>
        <location_covariance>8.9548333462390520e-006 2.2252930479303653e-006 2.8729278782177397e-006 2.2252930479303653e-006 4.1695813409504620e-006 6.9779610915393276e-007 2.8729278782177397e-006 6.9779610915393276e-007 3.7620015706520169e-006</location_covariance>
      </camera>
      <camera id="33" sensor_id="0" label="DSC00660.JPG">
        <transform>9.9998806472081103e-001 -4.6203101292524038e-003 -1.5884427077130202e-003 2.5635248619727967e+001 -4.6375158639449200e-003 -9.9992869596213463e-001 -1.1004382675854412e-002 1.9742165830720616e+001 -1.5374857845906226e-003 1.1011617763730866e-002 -9.9993818829550041e-001 -1.5121787851492130e-001 0 0 0 1</transform>
        <rotation_covariance>1.3258802432573967e-008 9.1774665957144028e-010 6.0342478844856898e-011 9.1774665957144007e-010 5.1545295143422988e-009 9.6579265024518771e-011 6.0342478844856885e-011 9.6579265024518758e-011 2.1080199226680387e-010</rotation_covariance>
        <location_covariance>8.1385993645237248e-006 2.0637862808790578e-006 2.6666226251746809e-006 2.0637862808790578e-006 4.2334996137483193e-006 6.6380532072080548e-007 2.6666226251746809e-006 6.6380532072080548e-007 3.5481189703554463e-006</location_covariance>
      </camera>
      <camera id="34" sensor_id="0" label="DSC00661.JPG">
        <transform>9.9998833613002236e-001 -4.6370744575397254e-003 -1.3509790468756281e-003 2.4443179047656415e+001 -4.6532525317503582e-003 -9.9991439923344594e-001 -1.2228714016303906e-002 1.9648175464096919e+001 -1.2941579446200562e-003 1.2234857828843841e-002 -9.9992431384036384e-001 -9.7709128486599683e-002 0 0 0 1</transform>
        <rotation_covariance>1.4437695707607160e-008 8.2506434260997201e-010 6.8934808677385995e-011 8.2506434260997211e-010 5.1721815301024085e-009 1.0087572969718978e-010 6.8934808677385995e-011 1.0087572969718976e-010 2.1126015059979680e-010</rotation_covariance>
        <location_covariance>7.5088274354183908e-006 1.8838130225379719e-006 2.4791817794918098e-006 1.8838130225379719e-006 4.6248130645584235e-006 6.4320903639248563e-007 2.4791817794918098e-006 6.4320903639248563e-007 3.3670538050107505e-006</location_covariance>
      </camera>
      <camera id="35" sensor_id="0" label="DSC00662.JPG">
        <transform>9.9998699665448154e-001 -5.0376537768864870e-003 -7.9282178021796118e-004 2.3196781555282723e+001 -5.0474557520749971e-003 -9.9990418853797014e-001 -1.2889411726463865e-002 1.9538598745460259e+001 -7.2781342513840376e-004 1.2893245853844579e-002 -9.9991661377285379e-001 -4.6149905439595164e-002 0 0 0 1</transform>
        <rotation_covariance>1.4306862297748349e-008 5.9594470254306759e-010 5.6124881140166610e-011 5.9594470254306770e-010 5.1719659720769772e-009 1.0593208796357049e-010 5.6124881140166617e-011 1.0593208796357049e-010 2.0687899742884207e-010</rotation_covariance>
        <location_covariance>6.8778136111720739e-006 1.6503700546559509e-006 2.2884229552090252e-006 1.6503700546559509e-006 4.5606357670584129e-006 6.0534902023989010e-007 2.2884229552090252e-006 6.0534902023989010e-007 3.1832024257912995e-006</location_covariance>
      </camera>
      <camera id="36" sensor_id="0" label="DSC00663.JPG">
        <transform>9.9998881281013585e-001 -4.7154795839138026e-003 -3.7216510988936457e-004 2.2015472721726361e+001 -4.7199093259888466e-003 -9.9990478272160643e-001 -1.2967187297611883e-002 1.9439833550687780e+001 -3.1098316637781260e-004 1.2968798816798554e-002 -9.9991585323302057e-001 -9.7122111144945025e-003 0 0 0 1</transform>
        <rotation_covariance>1.3803245665818340e-008 6.4041007075168752e-010 5.6546663787387022e-011 6.4041007075168752e-010 5.1278388962291710e-009 1.0496555519598004e-010 5.6546663787387022e-011 1.0496555519598005e-010 2.0132026572977288e-010</rotation_covariance>
        <location_covariance>6.2941045243363868e-006 1.5256507872091709e-006 2.1205722523016007e-006 1.5256507872091709e-006 4.3640061546013766e-006 5.5820090376118161e-007 2.1205722523016007e-006 5.5820090376118161e-007 3.0144222887217765e-006</location_covariance>
      </camera>
      <camera id="37" sensor_id="0" label="DSC00664.JPG">
        <transform>9.9998825548705139e-001 -4.8338441083308134e-003 -3.5048409365773871e-004 2.1046460214531102e+001 -4.8381679694492145e-003 -9.9989561510673564e-001 -1.3614368182997678e-002 1.9360817231352073e+001 -2.8463777498300157e-004 1.3615903989790002e-002 -9.9990725876947106e-001 2.3355885072291981e-002 0 0 0 1</transform>
        <rotation_covariance>1.4210661399956275e-008 5.3758583756507080e-010 6.5554832523935017e-011 5.3758583756507070e-010 5.1568465132019508e-009 1.1048321354009947e-010 6.5554832523935030e-011 1.1048321354009948e-010 2.0089371492045311e-010</rotation_covariance>
        <location_covariance>5.8626859780205011e-006 1.3790105213606406e-006 1.9874484016226666e-006 1.3790105213606406e-006 4.4925350160376139e-006 5.2700466776324443e-007 1.9874484016226666e-006 5.2700466776324443e-007 2.8853068494335063e-006</location_covariance>
      </camera>
      <camera id="38" sensor_id="0" label="DSC00665.JPG">
        <transform>9.9998870942514595e-001 -4.7489354052813399e-003 1.6921804622324309e-004 1.9686468073778208e+001 -4.7463805726090302e-003 -9.9990681797589887e-001 -1.2799501426717895e-002 1.9220090170274933e+001 2.2998628363847119e-004 1.2798553739741814e-002 -9.9991806870787181e-001 6.7733326970780688e-002 0 0 0 1</transform>
        <rotation_covariance>1.3894963928832194e-008 3.2291947274086495e-010 8.1617619316642167e-011 3.2291947274086500e-010 5.1439367737940490e-009 1.0302271062681529e-010 8.1617619316642180e-011 1.0302271062681529e-010 1.9794402419252951e-010</rotation_covariance>
        <location_covariance>5.2729785462561310e-006 1.1421628682181993e-006 1.8070600436798751e-006 1.1421628682181993e-006 4.3582630055393455e-006 4.8309177741277017e-007 1.8070600436798751e-006 4.8309177741277017e-007 2.7065374747539322e-006</location_covariance>
      </camera>
      <camera id="39" sensor_id="0" label="DSC00666.JPG">
        <transform>9.9998782237916406e-001 -4.8324857769591195e-003 1.0010867059325002e-003 1.8700870144276518e+001 -4.8197253583035574e-003 -9.9991175852343184e-001 -1.2379233176922452e-002 1.9121229758481807e+001 1.0608208368205342e-003 1.2374257464332142e-002 -9.9992287323141005e-001 8.4030466936681356e-002 0 0 0 1</transform>
        <rotation_covariance>1.3429226423133365e-008 2.8012885654612946e-010 9.3934799658419202e-011 2.8012885654612946e-010 4.9755274861077615e-009 9.7274750788233724e-011 9.3934799658419202e-011 9.7274750788233698e-011 1.9385272461508683e-010</rotation_covariance>
        <location_covariance>4.8098767703333537e-006 1.0135051300323205e-006 1.6770662038420063e-006 1.0135051300323205e-006 4.1720141273615790e-006 4.5007308396729418e-007 1.6770662038420063e-006 4.5007308396729418e-007 2.5795626040888823e-006</location_covariance>
      </camera>
      <camera id="40" sensor_id="0" label="DSC00667.JPG">
        <transform>9.9998601332334791e-001 -4.9699172901025018e-003 1.8091655003392949e-003 1.7428879310976573e+001 -4.9480504655704961e-003 -9.9991698682692298e-001 -1.1896900922392135e-002 1.9001418174760481e+001 1.8681419293633235e-003 1.1887782682089518e-002 -9.9992759271290999e-001 1.1850996693324964e-001 0 0 0 1</transform>
        <rotation_covariance>1.3392284867121968e-008 2.2771833681770941e-010 1.1735558579393405e-010 2.2771833681770941e-010 4.8810209001636428e-009 8.9585117680255141e-011 1.1735558579393405e-010 8.9585117680255154e-011 1.9235950966304768e-010</rotation_covariance>
        <location_covariance>4.2947183710784306e-006 8.5526009974967973e-007 1.5241468508090379e-006 8.5526009974967973e-007 4.1393155036357570e-006 4.0816390146387181e-007 1.5241468508090379e-006 4.0816390146387181e-007 2.4306420387084180e-006</location_covariance>
      </camera>
      <camera id="41" sensor_id="0" label="DSC00668.JPG">
        <transform>9.9998476351786658e-001 -4.8839216442082218e-003 2.5729441288337321e-003 1.5952940285669012e+001 -4.8553001542608444e-003 -9.9992754267197870e-001 -1.1015237918000829e-002 1.8863675191779524e+001 2.6265552590608358e-003 1.1002577668499464e-002 -9.9993602019935246e-001 1.5759841761026749e-001 0 0 0 1</transform>
