<?xml version="1.0" encoding="UTF-8"?>
<document version="1.5.0">
  <chunk label="SonyA9" enabled="true">
    <sensors next_id="1">
      <sensor id="0" label="SonyA9" type="frame">
        <resolution width="6000" height="4000"/>
        <property name="pixel_width" value="0.006"/>
        <property name="pixel_height" value="0.006"/>
        <property name="focal_length" value="55"/>
        <property name="fixed" value="true"/>
        <property name="layer_index" value="0"/>
        <calibration type="frame" class="initial">
          <resolution width="6000" height="4000"/>
          <f>9227.77018581081</f>
          <cx>-37.8304617831239</cx>
          <cy>31.7622333680372</cy>
          <k1>-0.017282082281574</k1>
        </calibration>
      </sensor>
    </sensors>
    <cameras next_id="576" next_group_id="0">
      <camera id="0" sensor_id="0" label="DSC00003.JPG">
        <transform>9.9252746661312719e-001 1.2122280958511118e-001 1.3937663176401644e-002 -1.6104021662830494e+001 1.2074759203386486e-001 -9.9219945025408673e-001 3.0988222496801960e-002 7.9305035724937820e+000 1.7585421136563223e-002 -2.9073722702465211e-002 -9.9942256909260851e-001 2.0005214551216099e-001 0 0 0 1</transform>
        <rotation_covariance>1.1070928495917193e-008 -3.5526959915593780e-010 -6.9298958646433521e-011 -3.5526959915593754e-010 5.5907485241692351e-009 -1.3237553213776390e-010 -6.9298958646433508e-011 -1.3237553213776387e-010 2.0949929859893475e-010</rotation_covariance>
        <location_covariance>6.8142745613617047e-006 -3.2627652197509375e-006 7.8784555798619483e-007 -3.2627652197509375e-006 4.7255327872019533e-006 -5.1420534406426555e-007 7.8784555798619483e-007 -5.1420534406426555e-007 9.4172934609793804e-007</location_covariance>
      </camera>
      <camera id="1" sensor_id="0" label="DSC00004.JPG">
        <transform>9.9560949870045201e-001 9.2844613961312730e-002 1.1899737636158004e-002 -1.5871109803407254e+001 9.2473995791156074e-002 -9.9530364351315959e-001 2.8621972535914270e-002 7.9615999961170587e+000 1.4501248217026990e-002 -2.7395891440217774e-002 -9.9951947401356012e-001 1.8649631553101767e-001 0 0 0 1</transform>
        <rotation_covariance>1.0968611982347351e-008 -4.4376058066212119e-010 -8.7624139888975110e-011 -4.4376058066212083e-010 5.4483249445519019e-009 -1.1610727770572562e-010 -8.7624139888975135e-011 -1.1610727770572563e-010 2.0390469398827991e-010</rotation_covariance>
        <location_covariance>6.6280346414153855e-006 -3.2149659147872036e-006 7.7447244267791058e-007 -3.2149659147872036e-006 4.7028680021420102e-006 -5.1379182727478475e-007 7.7447244267791058e-007 -5.1379182727478475e-007 9.1949444129991224e-007</location_covariance>
      </camera>
      <camera id="2" sensor_id="0" label="DSC00005.JPG">
        <transform>9.9780700328675886e-001 6.4777019757372142e-002 1.3605951023368222e-002 -1.4588697272271812e+001 6.4449006087168317e-002 -9.9764889582291993e-001 2.3302495095692353e-002 7.9808418696716696e+000 1.5083428200293767e-002 -2.2374502780210418e-002 -9.9963586961406348e-001 1.8634404246310263e-001 0 0 0 1</transform>
        <rotation_covariance>1.0932234378880633e-008 -6.7874728459555558e-010 -5.1870606813861918e-011 -6.7874728459555558e-010 4.9292574930986882e-009 -7.4861666546883023e-011 -5.1870606813861892e-011 -7.4861666546883010e-011 1.8210329303024372e-010</rotation_covariance>
        <location_covariance>5.7985981062996112e-006 -3.0592670748249676e-006 7.1360254632313032e-007 -3.0592670748249676e-006 4.6880621412850679e-006 -4.9742725904147040e-007 7.1360254632313032e-007 -4.9742725904147040e-007 8.0564155211914188e-007</location_covariance>
      </camera>
      <camera id="3" sensor_id="0" label="DSC00006.JPG">
        <transform>9.9900646211123934e-001 4.2775140952518310e-002 1.2505038043796364e-002 -1.3351319494260361e+001 4.2501918549704525e-002 -9.9886815258408912e-001 2.1354172258441682e-002 7.9835900506190729e+000 1.3404311977079824e-002 -2.0801467970821413e-002 -9.9969376478533667e-001 1.7790190476555889e-001 0 0 0 1</transform>
        <rotation_covariance>1.0951059401992264e-008 -6.5720525145779342e-010 -4.4423732971416428e-011 -6.5720525145779342e-010 4.8809103849179848e-009 -5.4932087068373484e-011 -4.4423732971416409e-011 -5.4932087068373484e-011 1.7402767558116854e-010</rotation_covariance>
        <location_covariance>5.1882135840718647e-006 -2.8129511262975753e-006 6.7601229660331086e-007 -2.8129511262975753e-006 4.6880994261293846e-006 -4.7178123922427701e-007 6.7601229660331086e-007 -4.7178123922427701e-007 7.0999808523592919e-007</location_covariance>
      </camera>
      <camera id="4" sensor_id="0" label="DSC00007.JPG">
        <transform>9.9909857584590245e-001 4.0658338969182889e-002 1.2203901628441514e-002 -1.1948260426577370e+001 4.0407069706139179e-002 -9.9897961142420599e-001 2.0174356904387698e-002 8.0103285987925563e+000 1.3011704748143609e-002 -1.9663047347993397e-002 -9.9972199140988072e-001 1.8687510076854122e-001 0 0 0 1</transform>
        <rotation_covariance>1.0901185754961853e-008 -5.4698699406967642e-010 -2.3718665474540588e-011 -5.4698699406967642e-010 4.9480709507236525e-009 -6.6289696721443294e-011 -2.3718665474540604e-011 -6.6289696721443320e-011 1.6885678678918505e-010</rotation_covariance>
        <location_covariance>4.6108505828314093e-006 -2.5535350795269312e-006 6.2695845506685234e-007 -2.5535350795269312e-006 4.6670748277219626e-006 -4.6137816601668574e-007 6.2695845506685234e-007 -4.6137816601668574e-007 6.1252030195664008e-007</location_covariance>
      </camera>
      <camera id="5" sensor_id="0" label="DSC00008.JPG">
        <transform>9.9918621862585555e-001 3.8617322364646635e-002 1.1644866746674963e-002 -1.0622151905856272e+001 3.8414695298647335e-002 -9.9911471509571881e-001 1.7149264249896497e-002 8.0657576568977909e+000 1.2296816387786529e-002 -1.6687974490202789e-002 -9.9978512682182830e-001 1.9110792859529210e-001 0 0 0 1</transform>
        <rotation_covariance>1.0525010734510199e-008 -5.1106979583956794e-010 -1.8340578397955632e-011 -5.1106979583956774e-010 4.5694957646266273e-009 -4.4627574147462858e-011 -1.8340578397955622e-011 -4.4627574147462865e-011 1.5752569647380861e-010</rotation_covariance>
        <location_covariance>3.9734191950162776e-006 -2.3359431822621869e-006 5.9211625012730576e-007 -2.3359431822621869e-006 4.5460864159670507e-006 -4.6160428322085286e-007 5.9211625012730576e-007 -4.6160428322085286e-007 5.2922361688061342e-007</location_covariance>
      </camera>
      <camera id="6" sensor_id="0" label="DSC00009.JPG">
        <transform>9.9923232367255133e-001 3.7576573815815625e-002 1.1079911020336187e-002 -9.3738246974561044e+000 3.7415314920418885e-002 -9.9919576955945488e-001 1.4419025760937239e-002 8.1068169961365939e+000 1.1612817804473105e-002 -1.3993398256079592e-002 -9.9983464996362614e-001 1.8232807983007795e-001 0 0 0 1</transform>
        <rotation_covariance>1.0324702847577906e-008 -3.6588223494299321e-010 -3.0284907793178623e-011 -3.6588223494299331e-010 4.6313743394398869e-009 -3.6533804035593078e-011 -3.0284907793178617e-011 -3.6533804035593072e-011 1.5573293187889471e-010</rotation_covariance>
        <location_covariance>3.5538573596940757e-006 -2.0897026373678848e-006 5.6113710169999843e-007 -2.0897026373678848e-006 4.4767370523828640e-006 -4.5049871040096189e-007 5.6113710169999843e-007 -4.5049871040096189e-007 4.6000571162513293e-007</location_covariance>
      </camera>
      <camera id="7" sensor_id="0" label="DSC00010.JPG">
        <transform>9.9924670371080682e-001 3.7261899550625345e-002 1.0843245130837878e-002 -8.1805269923616937e+000 3.7120239555668684e-002 -9.9922644112812908e-001 1.2984882199827774e-002 8.1197051369527458e+000 1.1318698618573734e-002 -1.2572596879433484e-002 -9.9985689819558132e-001 1.8242419575235461e-001 0 0 0 1</transform>
        <rotation_covariance>1.0115540369607080e-008 -4.3644781735799054e-010 -1.9622807002681930e-011 -4.3644781735799048e-010 4.5342760453895159e-009 -2.8624833102792085e-011 -1.9622807002681940e-011 -2.8624833102792085e-011 1.5020536192262797e-010</rotation_covariance>
        <location_covariance>3.1468885271113724e-006 -1.9253691753305875e-006 5.1808194795516741e-007 -1.9253691753305875e-006 4.3958249627239320e-006 -4.4828607103507626e-007 5.1808194795516741e-007 -4.4828607103507626e-007 3.9815047118434975e-007</location_covariance>
      </camera>
      <camera id="8" sensor_id="0" label="DSC00011.JPG">
        <transform>9.9927272858544813e-001 3.6709706154444577e-002 1.0315589146908723e-002 -7.0760908186911591e+000 3.6597825400858430e-002 -9.9927135691522440e-001 1.0833024726936544e-002 8.1617719531390751e+000 1.0705749918701114e-002 -1.0447618047213952e-002 -9.9988811083831663e-001 1.8839073806647708e-001 0 0 0 1</transform>
        <rotation_covariance>9.6621456401085461e-009 -3.9563612315350726e-010 -3.5261539903013732e-011 -3.9563612315350720e-010 4.3620993036062467e-009 -2.0059424548963645e-011 -3.5261539903013758e-011 -2.0059424548963658e-011 1.4205349859124981e-010</rotation_covariance>
        <location_covariance>2.7800837667359171e-006 -1.7412620745939872e-006 4.8046721912994998e-007 -1.7412620745939872e-006 4.2503639137350805e-006 -4.4654275048376746e-007 4.8046721912994998e-007 -4.4654275048376746e-007 3.4663774545311557e-007</location_covariance>
      </camera>
      <camera id="9" sensor_id="0" label="DSC00012.JPG">
        <transform>9.9930292197594550e-001 3.6074341728907458e-002 9.6079133615103018e-003 -5.8600881825134357e+000 3.5985192892062381e-002 -9.9930909215454478e-001 9.2953875540876668e-003 8.1385122278578290e+000 9.9366001659191728e-003 -8.9431653280944746e-003 -9.9991063789273538e-001 1.9918625540746226e-001 0 0 0 1</transform>
        <rotation_covariance>9.6020916428347423e-009 -3.9899773548222888e-010 -6.0361554723432135e-011 -3.9899773548222894e-010 4.3220087327541024e-009 -1.7692111597597780e-011 -6.0361554723432135e-011 -1.7692111597597790e-011 1.3892708144640432e-010</rotation_covariance>
        <location_covariance>2.4649103122157198e-006 -1.5478326159290849e-006 4.3844955315610339e-007 -1.5478326159290849e-006 4.2098604470768127e-006 -4.3254971503826981e-007 4.3844955315610339e-007 -4.3254971503826981e-007 2.9506377830725749e-007</location_covariance>
      </camera>
      <camera id="10" sensor_id="0" label="DSC00013.JPG">
        <transform>9.9932876051407837e-001 3.5524386299664215e-002 8.9468646703025675e-003 -4.9848813871613338e+000 3.5444599960927636e-002 -9.9933179912242420e-001 8.9238778761564323e-003 8.1324304468256656e+000 9.2579016524419275e-003 -8.6007697778149803e-003 -9.9992015582056493e-001 2.0379416628485772e-001 0 0 0 1</transform>
        <rotation_covariance>9.5893645631410497e-009 -2.9291173611456528e-010 -7.7065607427737100e-011 -2.9291173611456544e-010 4.3249292667491960e-009 -1.7271025674057380e-011 -7.7065607427737113e-011 -1.7271025674057383e-011 1.3561172200212369e-010</rotation_covariance>
        <location_covariance>2.2677378458014336e-006 -1.3755820544025943e-006 4.0200195766908787e-007 -1.3755820544025943e-006 4.1949356283150517e-006 -4.2620940313962550e-007 4.0200195766908787e-007 -4.2620940313962550e-007 2.6234706788435943e-007</location_covariance>
      </camera>
      <camera id="11" sensor_id="0" label="DSC00014.JPG">
        <transform>9.9936423965975163e-001 3.4581086130133012e-002 8.6755386775803460e-003 -3.6516466705161981e+000 3.4514558452902674e-002 -9.9937449784434118e-001 7.7044346432537346e-003 8.1555547203849272e+000 8.9365398274183563e-003 -7.4001040824657558e-003 -9.9993268609215968e-001 2.0253130477072590e-001 0 0 0 1</transform>
        <rotation_covariance>9.2996203383952262e-009 -3.8510431821866237e-010 -7.9934511889096143e-011 -3.8510431821866247e-010 4.1334968214828682e-009 -6.7302348083915975e-012 -7.9934511889096156e-011 -6.7302348083915943e-012 1.2788009036192185e-010</rotation_covariance>
        <location_covariance>1.9464132439066043e-006 -1.1991829676853293e-006 3.4789868951156480e-007 -1.1991829676853293e-006 4.0854340146940417e-006 -4.1941446017097074e-007 3.4789868951156480e-007 -4.1941446017097074e-007 2.1922027497644946e-007</location_covariance>
      </camera>
      <camera id="12" sensor_id="0" label="DSC00015.JPG">
        <transform>9.9939098933385173e-001 3.4104335997884642e-002 7.3854386767984318e-003 -2.3459364361046253e+000 3.4049084020431143e-002 -9.9939215481178700e-001 7.4820303409480768e-003 8.1682478377644259e+000 7.6361191501299582e-003 -7.2260062826319414e-003 -9.9994473573169451e-001 1.9959215754468407e-001 0 0 0 1</transform>
        <rotation_covariance>9.3742732108037691e-009 -1.5449742707946683e-010 -1.0432747541662363e-010 -1.5449742707946686e-010 4.2452849128541509e-009 -2.1994866774702417e-011 -1.0432747541662364e-010 -2.1994866774702414e-011 1.2647012251999855e-010</rotation_covariance>
        <location_covariance>1.7684108172015312e-006 -9.2704116213386869e-007 2.9292490030430558e-007 -9.2704116213386869e-007 4.0988894486363882e-006 -4.1563377714564606e-007 2.9292490030430558e-007 -4.1563377714564606e-007 1.8478166523283384e-007</location_covariance>
      </camera>
      <camera id="13" sensor_id="0" label="DSC00016.JPG">
        <transform>9.9941437290878543e-001 3.3448053322215114e-002 7.2207307312948388e-003 -1.4578084311847117e+000 3.3403154769997591e-002 -9.9942240669496207e-001 6.2515795973063270e-003 8.1686869576475338e+000 7.4256632532857351e-003 -6.0067233167613388e-003 -9.9995438835991146e-001 1.9685742187647373e-001 0 0 0 1</transform>
        <rotation_covariance>9.0411874209121581e-009 -4.2301586565506817e-011 -1.0771814524821550e-010 -4.2301586565506921e-011 3.8959863356896997e-009 -1.4966684312449023e-011 -1.0771814524821554e-010 -1.4966684312449023e-011 1.1807191367939386e-010</rotation_covariance>
        <location_covariance>1.5346557223088862e-006 -7.5798562076719821e-007 2.4597299461136406e-007 -7.5798562076719821e-007 3.9827051670743007e-006 -4.2092273980220889e-007 2.4597299461136406e-007 -4.2092273980220889e-007 1.6268689278510016e-007</location_covariance>
      </camera>
      <camera id="14" sensor_id="0" label="DSC00017.JPG">
        <transform>9.9944741017876360e-001 3.2623235334144893e-002 6.3717190220947007e-003 -2.5143219404525918e-001 3.2588973232487592e-002 -9.9945420173589317e-001 5.4090161878921151e-003 8.1932655949440498e+000 6.5447009569368688e-003 -5.1983794399478025e-003 -9.9996507126028289e-001 2.0368888316644163e-001 0 0 0 1</transform>
        <rotation_covariance>8.8024834668535364e-009 -2.4912103715349139e-010 -1.1718839708947593e-010 -2.4912103715349144e-010 3.6273785265837476e-009 -8.4812232558723857e-012 -1.1718839708947590e-010 -8.4812232558723857e-012 1.1438788269082540e-010</rotation_covariance>
        <location_covariance>1.3308819695526352e-006 -6.4631718460929963e-007 2.0651147205296601e-007 -6.4631718460929963e-007 3.8939155980789800e-006 -4.1247203966085042e-007 2.0651147205296601e-007 -4.1247203966085042e-007 1.3947013393400459e-007</location_covariance>
      </camera>
      <camera id="15" sensor_id="0" label="DSC00018.JPG">
        <transform>9.9948593463415625e-001 3.1598233665899748e-002 5.4238452856010585e-003 1.1126680438197882e+000 3.1573491103975733e-002 -9.9949090103133975e-001 4.5884000553286482e-003 8.2254796644082813e+000 5.5660693486608882e-003 -4.4147915869013022e-003 -9.9997476392519535e-001 2.0447126961605819e-001 0 0 0 1</transform>
        <rotation_covariance>9.0134009380234693e-009 -4.5230909861290686e-010 -1.1149542859173952e-010 -4.5230909861290702e-010 3.5892966033837921e-009 1.1368806581830029e-011 -1.1149542859173956e-010 1.1368806581830013e-011 1.1096504613580549e-010</rotation_covariance>
        <location_covariance>1.2295854199681642e-006 -5.1112967646077093e-007 1.4138358459404106e-007 -5.1112967646077093e-007 3.9555703840488780e-006 -3.9804269773323394e-007 1.4138358459404106e-007 -3.9804269773323394e-007 1.2009140079111126e-007</location_covariance>
      </camera>
      <camera id="16" sensor_id="0" label="DSC00019.JPG">
        <transform>9.9952398384378138e-001 3.0498268281376483e-002 4.6541758554914459e-003 2.3496509766357518e+000 3.0479231742503863e-002 -9.9952695949355086e-001 4.1077582650835606e-003 8.2526187237472506e+000 4.7772537553912213e-003 -3.9639472013136487e-003 -9.9998073229894879e-001 1.8250803506884603e-001 0 0 0 1</transform>
        <rotation_covariance>8.8847069930642402e-009 -3.6576063180831541e-010 -1.2952414546495793e-010 -3.6576063180831546e-010 3.3962972684126545e-009 1.7831600483168078e-011 -1.2952414546495790e-010 1.7831600483168078e-011 1.0850621213874788e-010</rotation_covariance>
        <location_covariance>1.1201303365728670e-006 -2.9831414041969197e-007 1.0557721638465403e-007 -2.9831414041969197e-007 3.9084841211736894e-006 -3.9183357009283716e-007 1.0557721638465403e-007 -3.9183357009283716e-007 1.0878634044241233e-007</location_covariance>
      </camera>
      <camera id="17" sensor_id="0" label="DSC00020.JPG">
        <transform>9.9955686894016482e-001 2.9501833260788281e-002 3.9632800540339644e-003 3.4275501031224063e+000 2.9488937864947402e-002 -9.9955974583284457e-001 3.2736912157888078e-003 8.2715143179297943e+000 4.0581150958700803e-003 -3.1553676222759891e-003 -9.9998678759123460e-001 1.5899287147970328e-001 0 0 0 1</transform>
        <rotation_covariance>8.6947285214691723e-009 -1.5598583297576171e-010 -1.1888640236237508e-010 -1.5598583297576171e-010 3.2609815903573349e-009 8.2274667061556455e-012 -1.1888640236237505e-010 8.2274667061556455e-012 1.0572938712344544e-010</rotation_covariance>
        <location_covariance>1.0700776065731131e-006 -6.6829153198262191e-008 4.8084318677381219e-008 -6.6829153198262191e-008 3.8443160878757399e-006 -4.1031750889794529e-007 4.8084318677381219e-008 -4.1031750889794529e-007 1.0155310872331243e-007</location_covariance>
      </camera>
      <camera id="18" sensor_id="0" label="DSC00021.JPG">
        <transform>9.9957575293128520e-001 2.8942557544038662e-002 3.2622867233275451e-003 4.4660153058170389e+000 2.8934579122480937e-002 -9.9957826336701439e-001 2.4668877535449873e-003 8.3021760340395119e+000 3.3323089382706755e-003 -2.3714482903303565e-003 -9.9999163594009433e-001 1.4657260396902821e-001 0 0 0 1</transform>
        <rotation_covariance>8.8042048562586327e-009 -1.0907570059496925e-010 -1.2531011511970415e-010 -1.0907570059496927e-010 3.3520442275516405e-009 1.6356095066564827e-011 -1.2531011511970418e-010 1.6356095066564833e-011 1.0809222218700331e-010</rotation_covariance>
        <location_covariance>1.1293840348779256e-006 1.0851995381901824e-007 -1.4701900741806336e-010 1.0851995381901824e-007 3.8739305918748715e-006 -4.1241568672706175e-007 -1.4701900741806336e-010 -4.1241568672706175e-007 1.0178328099342285e-007</location_covariance>
      </camera>
      <camera id="19" sensor_id="0" label="DSC00022.JPG">
        <transform>9.9960122265038431e-001 2.7991406723644727e-002 3.7251611358913787e-003 5.6012233191219982e+000 2.7983333060070451e-002 -9.9960596428605686e-001 2.2020977706780622e-003 8.2878011139275092e+000 3.7853331037079256e-003 -2.0969771991973980e-003 -9.9999063692612644e-001 1.3884389566316543e-001 0 0 0 1</transform>
        <rotation_covariance>8.9486526372696860e-009 -6.5816624162029122e-011 -1.1566850329761800e-010 -6.5816624162029096e-011 3.5783175279012625e-009 2.5022862917627067e-011 -1.1566850329761800e-010 2.5022862917627060e-011 1.1183526380345927e-010</rotation_covariance>
        <location_covariance>1.2725843561807948e-006 2.9583457695301980e-007 -5.9048530242568687e-008 2.9583457695301980e-007 3.8988138944732132e-006 -4.0809401138447285e-007 -5.9048530242568687e-008 -4.0809401138447285e-007 1.0448055480536049e-007</location_covariance>
      </camera>
      <camera id="20" sensor_id="0" label="DSC00023.JPG">
        <transform>9.9961976461169355e-001 2.7492253865032464e-002 2.1218329534517908e-003 6.6330727693091927e+000 2.7487683610654491e-002 -9.9961982184243281e-001 2.1538406216617830e-003 8.2899917467322446e+000 2.1802402120644272e-003 -2.0946973823375123e-003 -9.9999542938730179e-001 1.3244059523326965e-001 0 0 0 1</transform>
        <rotation_covariance>9.4772714947662810e-009 -1.5793020423994145e-010 -1.2819811462384676e-010 -1.5793020423994150e-010 3.9027821143225482e-009 2.7628441055323701e-011 -1.2819811462384681e-010 2.7628441055323701e-011 1.2125769943662814e-010</rotation_covariance>
        <location_covariance>1.4814246102503525e-006 4.2045629894706046e-007 -1.0524606952711370e-007 4.2045629894706046e-007 4.0479112654209528e-006 -4.1980256793303356e-007 -1.0524606952711370e-007 -4.1980256793303356e-007 1.1313759631329682e-007</location_covariance>
      </camera>
      <camera id="21" sensor_id="0" label="DSC00024.JPG">
        <transform>9.9965024426335047e-001 2.6407288606024044e-002 1.4297736539611028e-003 7.5591081988826261e+000 2.6404697908132005e-002 -9.9964971191634966e-001 1.8014976933998551e-003 8.3216809088581893e+000 1.4768454908004997e-003 -1.7631148678371787e-003 -9.9999735517318200e-001 1.2764195658905939e-001 0 0 0 1</transform>
        <rotation_covariance>9.2565053525500606e-009 -2.6503418658322891e-010 -1.0056549751628396e-010 -2.6503418658322886e-010 4.0080297915842485e-009 2.7904454374706640e-011 -1.0056549751628396e-010 2.7904454374706647e-011 1.2311276928380468e-010</rotation_covariance>
        <location_covariance>1.6364844923589488e-006 5.2924103731975774e-007 -1.6386336873167077e-007 5.2924103731975774e-007 3.9747854074560355e-006 -4.2519508647954658e-007 -1.6386336873167077e-007 -4.2519508647954658e-007 1.2188979785776686e-007</location_covariance>
      </camera>
      <camera id="22" sensor_id="0" label="DSC00025.JPG">
        <transform>9.9967046754604971e-001 2.5652411113927014e-002 9.5400225668827341e-004 8.3061700291515574e+000 2.5650889535208901e-002 -9.9966972206838567e-001 1.5743715473560656e-003 8.3293522633141741e+000 9.9407359697502610e-004 -1.5493817343339841e-003 -9.9999830561552705e-001 1.2845280052358288e-001 0 0 0 1</transform>
        <rotation_covariance>9.8345590378623844e-009 -2.6606094194676369e-011 -1.0343833062339468e-010 -2.6606094194676385e-011 4.4171769501453763e-009 3.6246141057382449e-011 -1.0343833062339468e-010 3.6246141057382436e-011 1.3504351264316748e-010</rotation_covariance>
        <location_covariance>1.8799482581915753e-006 7.1315255808583627e-007 -2.0418878434294409e-007 7.1315255808583627e-007 4.1577401654638436e-006 -4.2335448165689559e-007 -2.0418878434294409e-007 -4.2335448165689559e-007 1.3339388656148977e-007</location_covariance>
      </camera>
      <camera id="23" sensor_id="0" label="DSC00026.JPG">
        <transform>9.9969906056529290e-001 2.4527657235049207e-002 4.2700753004994407e-004 9.1105283482910586e+000 2.4526976958389044e-002 -9.9969799540816673e-001 1.5314627569125671e-003 8.3286086765491891e+000 4.6444176538491653e-004 -1.5205286755256332e-003 -9.9999873614239809e-001 1.1182272597301816e-001 0 0 0 1</transform>
        <rotation_covariance>1.0011596856413869e-008 1.4921600894136677e-010 -8.5561037876320166e-011 1.4921600894136679e-010 4.3571336896134282e-009 2.5628396693372527e-011 -8.5561037876320153e-011 2.5628396693372527e-011 1.4103081346577294e-010</rotation_covariance>
        <location_covariance>2.0030604498461143e-006 8.8406499572862600e-007 -2.5476705398904903e-007 8.8406499572862600e-007 4.2041571623878621e-006 -4.3804790649891242e-007 -2.5476705398904903e-007 -4.3804790649891242e-007 1.4564606723529790e-007</location_covariance>
      </camera>
      <camera id="24" sensor_id="0" label="DSC00027.JPG">
        <transform>9.9972130086131505e-001 2.3603695375554824e-002 4.3147280197143324e-004 9.9153822344150715e+000 2.3603210370766188e-002 -9.9972080401663466e-001 1.0965749071214076e-003 8.3248377930673492e+000 4.5723555656236240e-004 -1.0860851493250934e-003 -9.9999930567710604e-001 9.4285081453019462e-002 0 0 0 1</transform>
        <rotation_covariance>9.8135719676386830e-009 3.3907332649652433e-010 -4.8210752070943031e-011 3.3907332649652438e-010 4.2024978278699458e-009 2.8308917562139141e-011 -4.8210752070943031e-011 2.8308917562139144e-011 1.4427763290729556e-010</rotation_covariance>
        <location_covariance>2.1135066148301836e-006 1.0610379341710859e-006 -3.2331346498159882e-007 1.0610379341710859e-006 4.1377989554340749e-006 -4.3852276948027178e-007 -3.2331346498159882e-007 -4.3852276948027178e-007 1.5979224789843350e-007</location_covariance>
      </camera>
      <camera id="25" sensor_id="0" label="DSC00028.JPG">
        <transform>9.9974836875949535e-001 2.2431550197278671e-002 1.5722110047820226e-004 1.0596532347336710e+001 2.2431554927071540e-002 -9.9974838061276572e-001 -2.8384965320524756e-005 8.3356172216401507e+000 1.5654482182680428e-004 3.1904536527560910e-005 -9.9999998723790962e-001 8.5383523759733376e-002 0 0 0 1</transform>
        <rotation_covariance>9.6966072960975666e-009 5.4363454629643831e-010 -3.8570660661124559e-011 5.4363454629643831e-010 4.0876390957580233e-009 2.3104929955207539e-011 -3.8570660661124552e-011 2.3104929955207542e-011 1.4762654766017240e-010</rotation_covariance>
        <location_covariance>2.2291934157647747e-006 1.2274228469399706e-006 -3.8107540820965366e-007 1.2274228469399706e-006 4.1038014178705245e-006 -4.4974855590698023e-007 -3.8107540820965366e-007 -4.4974855590698023e-007 1.7551791715546743e-007</location_covariance>
      </camera>
      <camera id="26" sensor_id="0" label="DSC00029.JPG">
        <transform>9.9978109789570413e-001 2.0853303675548662e-002 -1.7017685731043381e-003 1.0782469469794503e+001 2.0857320037928291e-002 -9.9977963553424820e-001 2.3775137941289717e-003 8.4008633264775749e+000 -1.6518145466401153e-003 -2.4124876831161696e-003 -9.9999572569680628e-001 1.1221109082119927e-001 0 0 0 1</transform>
        <rotation_covariance>1.0033135286766748e-008 5.7841006309657433e-010 -5.7389712504703472e-011 5.7841006309657433e-010 4.1951214353928940e-009 1.6232866027522776e-012 -5.7389712504703466e-011 1.6232866027522780e-012 1.5405289818291665e-010</rotation_covariance>
        <location_covariance>2.3126921626861696e-006 1.2759930545426239e-006 -3.9915068783178294e-007 1.2759930545426239e-006 4.2374588301098030e-006 -4.6594221925559188e-007 -3.9915068783178294e-007 -4.6594221925559188e-007 1.8313062365837352e-007</location_covariance>
      </camera>
      <camera id="27" sensor_id="0" label="DSC00030.JPG">
        <transform>9.9982743387264461e-001 1.8514353325932400e-002 -1.5235473624414647e-003 1.0675550976829619e+001 1.8516055684087169e-002 -9.9982794593547974e-001 1.1109492982495548e-003 6.4950460890045063e+000 -1.5027167220902787e-003 -1.1389676738317775e-003 -9.9999822229596547e-001 3.9403459383508893e-002 0 0 0 1</transform>
        <rotation_covariance>8.9276420138815769e-009 4.7565598447842839e-010 -8.2675695137926443e-011 4.7565598447842829e-010 3.9216878677439804e-009 4.7846882857799929e-011 -8.2675695137926430e-011 4.7846882857799922e-011 1.2863588339351408e-010</rotation_covariance>
        <location_covariance>2.1882913104262392e-006 9.9850596525422570e-007 -3.2333169347552792e-007 9.9850596525422570e-007 3.3530444878229870e-006 -1.7847951922429514e-007 -3.2333169347552792e-007 -1.7847951922429514e-007 1.2888272393257560e-007</location_covariance>
      </camera>
      <camera id="28" sensor_id="0" label="DSC00031.JPG">
        <transform>9.9990545484752213e-001 1.3723917179891789e-002 -8.5759163364135954e-004 1.0298962572910227e+001 1.3726111925532589e-002 -9.9990239138514281e-001 2.6079788496956259e-003 6.6056638686378530e+000 -8.2171623956975445e-004 -2.6195036766873828e-003 -9.9999623148435390e-001 2.2575871922758832e-002 0 0 0 1</transform>
        <rotation_covariance>9.0922473208296741e-009 3.3044724800239954e-010 -8.6017277236984430e-011 3.3044724800239954e-010 3.9924842151240966e-009 4.4745432269248614e-011 -8.6017277236984443e-011 4.4745432269248621e-011 1.2826511747075860e-010</rotation_covariance>
        <location_covariance>2.1227482458656173e-006 9.2809536063363365e-007 -3.0479070179683361e-007 9.2809536063363365e-007 3.4219924583116886e-006 -1.9156532768376648e-007 -3.0479070179683361e-007 -1.9156532768376648e-007 1.2349876243876545e-007</location_covariance>
      </camera>
      <camera id="29" sensor_id="0" label="DSC00032.JPG">
        <transform>9.9991693030484430e-001 1.2515264953201093e-002 -3.0823096678431559e-003 8.8828712136600938e+000 1.2520444729270067e-002 -9.9992022667002589e-001 1.6669612909204746e-003 6.7316731647037269e+000 -3.0612013195143407e-003 -1.7054147047889262e-003 -9.9999386028473503e-001 2.4912087979469966e-002 0 0 0 1</transform>
        <rotation_covariance>9.3164063389665027e-009 1.1468571447605625e-010 -1.1397305715657104e-010 1.1468571447605626e-010 4.1079348594856103e-009 4.8465261164238132e-011 -1.1397305715657103e-010 4.8465261164238125e-011 1.2419812630706752e-010</rotation_covariance>
        <location_covariance>1.8689270158273058e-006 7.0529250183464536e-007 -2.2859453873977990e-007 7.0529250183464536e-007 3.5234508846822536e-006 -2.2091053211650148e-007 -2.2859453873977990e-007 -2.2091053211650148e-007 9.9695009583910169e-008</location_covariance>
      </camera>
      <camera id="30" sensor_id="0" label="DSC00033.JPG">
        <transform>9.9992537105106805e-001 1.1968925396160363e-002 -2.4489085823966011e-003 7.6683694040983470e+000 1.1977179227363910e-002 -9.9992254495250743e-001 3.3839730283122663e-003 6.7776970545917949e+000 -2.4082163813475580e-003 -3.4130515029647435e-003 -9.9999127574859303e-001 4.8020789777567505e-002 0 0 0 1</transform>
        <rotation_covariance>8.8472706487511103e-009 -2.6392628982158981e-010 -1.2708927750231299e-010 -2.6392628982158981e-010 3.7711187061513825e-009 4.1629018097494445e-011 -1.2708927750231294e-010 4.1629018097494445e-011 1.1378742417806421e-010</rotation_covariance>
        <location_covariance>1.5689808868205958e-006 4.4875078207205468e-007 -1.5929103181354526e-007 4.4875078207205468e-007 3.3989993632022057e-006 -2.2754102398795391e-007 -1.5929103181354526e-007 -2.2754102398795391e-007 8.1264024864782430e-008</location_covariance>
      </camera>
      <camera id="31" sensor_id="0" label="DSC00034.JPG">
        <transform>9.9993377584728838e-001 1.1362302955092208e-002 -1.8281114138300805e-003 6.2740860014314821e+000 1.1368512982217804e-002 -9.9992951679031417e-001 3.4232096140939506e-003 6.7663249736875981e+000 -1.7890870179558505e-003 -3.4437658232787708e-003 -9.9999246979394629e-001 8.2602551684405556e-002 0 0 0 1</transform>
        <rotation_covariance>8.7067154557320879e-009 -3.5669810489136462e-010 -1.4009075546442989e-010 -3.5669810489136457e-010 3.5916904245075940e-009 4.4059988010179737e-011 -1.4009075546442989e-010 4.4059988010179744e-011 1.0757543240713932e-010</rotation_covariance>
        <location_covariance>1.3395392500285411e-006 2.5001648207608601e-007 -8.7691612059162072e-008 2.5001648207608601e-007 3.3729354446930489e-006 -2.2569830947470267e-007 -8.7691612059162072e-008 -2.2569830947470267e-007 6.6947576584953590e-008</location_covariance>
      </camera>
      <camera id="32" sensor_id="0" label="DSC00035.JPG">
        <transform>9.9994357775405374e-001 1.0620929621477466e-002 -1.9277551196149350e-004 5.0151185931935895e+000 1.0621429753676274e-002 -9.9993963932303276e-001 2.8112169092741543e-003 6.7398042152429598e+000 -1.6290613895698057e-004 -2.8131058456608189e-003 -9.9999602994066483e-001 8.9855920814601795e-002 0 0 0 1</transform>
        <rotation_covariance>8.0183513453636590e-009 -3.5694937416191839e-010 -1.1818277297465321e-010 -3.5694937416191834e-010 3.2040608798721638e-009 4.9945526842244097e-011 -1.1818277297465319e-010 4.9945526842244110e-011 9.7440307417170387e-011</rotation_covariance>
        <location_covariance>1.1062641975088630e-006 9.3465027568727093e-008 -3.5953099565179028e-008 9.3465027568727093e-008 3.1650280077270772e-006 -2.0820605483693742e-007 -3.5953099565179028e-008 -2.0820605483693742e-007 5.7902857814788616e-008</location_covariance>
      </camera>
      <camera id="33" sensor_id="0" label="DSC00036.JPG">
        <transform>9.9995018419307113e-001 9.9775980772804137e-003 -2.7689140710299170e-004 3.7907081882547748e+000 9.9784791268162244e-003 -9.9994447597628144e-001 3.3874649570933804e-003 6.6887609594259265e+000 -2.4307726913518659e-004 -3.3900591629192713e-003 -9.9999422418947659e-001 1.0584072282318197e-001 0 0 0 1</transform>
        <rotation_covariance>7.6973970435194016e-009 -4.6044776538634413e-010 -1.1574050341055674e-010 -4.6044776538634408e-010 3.0093740835395086e-009 4.1443976814428663e-011 -1.1574050341055673e-010 4.1443976814428669e-011 9.3305145542284999e-011</rotation_covariance>
        <location_covariance>9.8709585935041028e-007 -9.4189450265259209e-008 1.4573497524341453e-008 -9.4189450265259209e-008 3.0658572338246797e-006 -2.0893373374057448e-007 1.4573497524341453e-008 -2.0893373374057448e-007 5.4461578568782941e-008</location_covariance>
      </camera>
      <camera id="34" sensor_id="0" label="DSC00037.JPG">
        <transform>9.9996125978716299e-001 8.7839253374559223e-003 5.6708071357672025e-004 1.7205892552769830e+000 8.7822560904655886e-003 -9.9995728252261651e-001 2.8818584187393832e-003 6.6513821686095493e+000 5.9237051850248904e-004 -2.8767665268802805e-003 -9.9999568664645677e-001 1.3893283060048670e-001 0 0 0 1</transform>
        <rotation_covariance>7.9958192277940457e-009 -7.2853949508087745e-010 -1.2221265835582098e-010 -7.2853949508087745e-010 3.3142840259128892e-009 3.7393574686666015e-011 -1.2221265835582098e-010 3.7393574686666009e-011 1.0108108265430258e-010</rotation_covariance>
        <location_covariance>1.0923593567617851e-006 -4.3563081714246908e-007 8.6123559467441444e-008 -4.3563081714246908e-007 3.1746512384880915e-006 -2.2018627861618909e-007 8.6123559467441444e-008 -2.2018627861618909e-007 6.6798714867020023e-008</location_covariance>
      </camera>
      <camera id="35" sensor_id="0" label="DSC00038.JPG">
        <transform>9.9996389040670963e-001 8.4175730639470293e-003 1.1671959518381682e-003 1.0502122590428271e+000 8.4139373122478489e-003 -9.9995984145825989e-001 3.0856327839214512e-003 6.6391010661063703e+000 1.1931226183579866e-003 -3.0757006494067066e-003 -9.9999455824716010e-001 1.4266751981130799e-001 0 0 0 1</transform>
        <rotation_covariance>7.9126389626220790e-009 -7.0613224936830224e-010 -1.1525723268522709e-010 -7.0613224936830214e-010 3.4549246436489856e-009 3.3751964823268923e-011 -1.1525723268522710e-010 3.3751964823268917e-011 1.0216878001596791e-010</rotation_covariance>
        <location_covariance>1.1658673273300416e-006 -5.1169917955676005e-007 1.0944917913351307e-007 -5.1169917955676005e-007 3.1534032624248556e-006 -2.2453064563933387e-007 1.0944917913351307e-007 -2.2453064563933387e-007 7.3457478110620565e-008</location_covariance>
      </camera>
      <camera id="36" sensor_id="0" label="DSC00039.JPG">
        <transform>9.9996585819852690e-001 8.1345435197140922e-003 1.4531479650727209e-003 -2.1009197402515423e-001 8.1309026696954508e-003 -9.9996383336113404e-001 2.4940712664336885e-003 6.6220252904443218e+000 1.4733835408531225e-003 -2.4821707096789789e-003 -9.9999583397607694e-001 1.3864531174698602e-001 0 0 0 1</transform>
        <rotation_covariance>7.5751324224384909e-009 -5.2465352468214471e-010 -1.1500260261132728e-010 -5.2465352468214461e-010 3.3726878154535611e-009 2.6784890685716784e-011 -1.1500260261132726e-010 2.6784890685716791e-011 1.0112420533887018e-010</rotation_covariance>
        <location_covariance>1.2222722184756104e-006 -6.1177388936991936e-007 1.6086627416320270e-007 -6.1177388936991936e-007 3.0557522121748550e-006 -2.3770443142029290e-007 1.6086627416320270e-007 -2.3770443142029290e-007 8.8616863884166076e-008</location_covariance>
      </camera>
      <camera id="37" sensor_id="0" label="DSC00040.JPG">
        <transform>9.9997182434359555e-001 7.2778612585259828e-003 1.8393625100086885e-003 -1.5826868363092070e+000 7.2761851455626350e-003 -9.9997310839892206e-001 9.1630165620381861e-004 6.5676188312537382e+000 1.8459817629306408e-003 -9.0289229663056047e-004 -9.9999788856618677e-001 1.4737797059974306e-001 0 0 0 1</transform>
        <rotation_covariance>7.8258344986274595e-009 -2.9615382953414321e-010 -1.1478118292758966e-010 -2.9615382953414326e-010 3.6261303903255304e-009 1.6270638672621326e-011 -1.1478118292758966e-010 1.6270638672621320e-011 1.0796945582254085e-010</rotation_covariance>
        <location_covariance>1.4373560034088270e-006 -7.1110219105910656e-007 2.0220880149148343e-007 -7.1110219105910656e-007 3.1450104755776006e-006 -2.5217105820045425e-007 2.0220880149148343e-007 -2.5217105820045425e-007 1.1301117908554112e-007</location_covariance>
      </camera>
      <camera id="38" sensor_id="0" label="DSC00041.JPG">
        <transform>9.9997385263695759e-001 6.8673664278755490e-003 2.2656832844309646e-003 -2.3359727997109405e+000 6.8638275003602423e-003 -9.9997521734936945e-001 1.5660648539299472e-003 6.5350727043867920e+000 2.2763818759954416e-003 -1.5504726462288799e-003 -9.9999620705287073e-001 1.5134074476432599e-001 0 0 0 1</transform>
        <rotation_covariance>7.8793698287957745e-009 -2.8466538089100334e-010 -1.0666032542418562e-010 -2.8466538089100329e-010 3.7482920512109803e-009 1.4709730732834437e-011 -1.0666032542418562e-010 1.4709730732834437e-011 1.1007339465558782e-010</rotation_covariance>
        <location_covariance>1.5726734212969514e-006 -8.0192325033700069e-007 2.2512630888172448e-007 -8.0192325033700069e-007 3.1646833012997695e-006 -2.4904700394991892e-007 2.2512630888172448e-007 -2.4904700394991892e-007 1.2822354721277790e-007</location_covariance>
      </camera>
      <camera id="39" sensor_id="0" label="DSC00042.JPG">
        <transform>9.9997763933813077e-001 5.7834935513408400e-003 3.3573838148934216e-003 -3.9346782167971277e+000 5.7757474778698976e-003 -9.9998064680704912e-001 2.3123045706802811e-003 6.5644857960255392e+000 3.3706920373699069e-003 -2.2928614649185258e-003 -9.9999169057622272e-001 1.6212911516237596e-001 0 0 0 1</transform>
        <rotation_covariance>7.8944619105171493e-009 -3.6433207483042364e-010 -1.0229281849285786e-010 -3.6433207483042370e-010 3.8545865730831485e-009 1.5147892417149211e-011 -1.0229281849285784e-010 1.5147892417149211e-011 1.1461519079307796e-010</rotation_covariance>
        <location_covariance>1.8652322061268431e-006 -1.0370118922780948e-006 2.8634971292521481e-007 -1.0370118922780948e-006 3.1974680179504301e-006 -2.5464982031532438e-007 2.8634971292521481e-007 -2.5464982031532438e-007 1.6995999879682842e-007</location_covariance>
      </camera>
      <camera id="40" sensor_id="0" label="DSC00043.JPG">
        <transform>9.9997724910469554e-001 5.5856620309639587e-003 3.7817525937258170e-003 -4.5845928966287914e+000 5.5762169497160993e-003 -9.9998131898375464e-001 2.5034951647657415e-003 6.5844609544828350e+000 3.7956656246307119e-003 -2.4823503350965880e-003 -9.9998971537675319e-001 1.6803507565011191e-001 0 0 0 1</transform>
        <rotation_covariance>8.1764129716736226e-009 -3.2640264891602458e-010 -9.9031278727291168e-011 -3.2640264891602452e-010 3.9519173622457445e-009 1.7518364409946673e-011 -9.9031278727291142e-011 1.7518364409946670e-011 1.1833640035639308e-010</rotation_covariance>
        <location_covariance>2.0230385102441654e-006 -1.1134736003463462e-006 3.1012274605038870e-007 -1.1134736003463462e-006 3.3018276580346594e-006 -2.5699950934722591e-007 3.1012274605038870e-007 -2.5699950934722591e-007 1.9086216048748769e-007</location_covariance>
      </camera>
      <camera id="41" sensor_id="0" label="DSC00044.JPG">
