<?xml version="1.0" encoding="UTF-8"?>
<document version="1.5.0">
  <chunk label="SonyA9" enabled="true">
    <sensors next_id="1">
      <sensor id="0" label="SonyA9" type="frame">
        <resolution width="6000" height="4000"/>
        <property name="pixel_width" value="0.006"/>
        <property name="pixel_height" value="0.006"/>
        <property name="focal_length" value="55"/>
        <property name="fixed" value="true"/>
        <property name="layer_index" value="0"/>
        <calibration type="frame" class="initial">
          <resolution width="6000" height="4000"/>
          <f>9227.77018581081</f>
          <cx>-37.8304617831239</cx>
          <cy>31.7622333680372</cy>
          <k1>-0.017282082281574</k1>
        </calibration>
      </sensor>
    </sensors>
    <cameras next_id="607" next_group_id="0">
      <camera id="0" sensor_id="0" label="DSC00002.JPG">
        <transform>9.9537774749006225e-001 9.3248900106096252e-002 2.2973515852231383e-002 -2.7067711345460612e+001 9.3034885596207609e-002 -9.9561042645177300e-001 1.0217083860835729e-002 9.3895539934872509e+000 2.3825403747051332e-002 -8.0325195002607288e-003 -9.9968386441252910e-001 2.1161951461106510e-001 0 0 0 1</transform>
        <rotation_covariance>7.8884871513438954e-009 -5.5862159497045157e-012 1.1398468080531421e-010 -5.5862159497045536e-012 3.8638204829880999e-009 -7.2106662770854591e-012 1.1398468080531417e-010 -7.2106662770854680e-012 1.2876362943803147e-010</rotation_covariance>
        <location_covariance>2.6232206766051768e-006 -1.0341948566571167e-006 6.3838833856074158e-007 -1.0341948566571167e-006 5.3682367330592862e-006 -3.5455873946766124e-007 6.3838833856074158e-007 -3.5455873946766124e-007 4.3462277124769028e-007</location_covariance>
      </camera>
      <camera id="1" sensor_id="0" label="DSC00003.JPG">
        <transform>9.9774674542574182e-001 6.4481268486388743e-002 1.8536396810778222e-002 -2.6891697053633610e+001 6.4311370754123270e-002 -9.9788350496899614e-001 9.6207121626824908e-003 9.5732607079644279e+000 1.9117520343027692e-002 -8.4069331612507976e-003 -9.9978189816117202e-001 2.7956111234727782e-001 0 0 0 1</transform>
        <rotation_covariance>7.8786795735961560e-009 -1.1353401163339863e-010 7.6040623485058344e-011 -1.1353401163339876e-010 3.8747986052958215e-009 -5.0361567708790169e-012 7.6040623485058318e-011 -5.0361567708790088e-012 1.2791634378328707e-010</rotation_covariance>
        <location_covariance>2.6316893938716055e-006 -1.0233684586376885e-006 6.3578871732260812e-007 -1.0233684586376885e-006 5.4164618873556700e-006 -3.6876744553824426e-007 6.3578871732260812e-007 -3.6876744553824426e-007 4.3097078526693798e-007</location_covariance>
      </camera>
      <camera id="2" sensor_id="0" label="DSC00004.JPG">
        <transform>9.9922371076820027e-001 3.5235751488795646e-002 1.7618673492832519e-002 -2.5270908397974612e+001 3.5138718542189910e-002 -9.9936568901915390e-001 5.7870606083388751e-003 9.6937959745065996e+000 1.7811409204214097e-002 -5.1634705665534681e-003 -9.9982803135032594e-001 3.1496694259947178e-001 0 0 0 1</transform>
        <rotation_covariance>8.3367317596225773e-009 -2.4994318911172927e-010 5.0803165146150064e-011 -2.4994318911172927e-010 3.6895231451567004e-009 1.2244750757798011e-011 5.0803165146150083e-011 1.2244750757798008e-011 1.1933185878821093e-010</rotation_covariance>
        <location_covariance>2.4336029481635976e-006 -9.4557256269595053e-007 5.5049044691053292e-007 -9.4557256269595053e-007 5.7340412658650609e-006 -3.5666497051356936e-007 5.5049044691053292e-007 -3.5666497051356936e-007 3.4754537298922353e-007</location_covariance>
      </camera>
      <camera id="3" sensor_id="0" label="DSC00005.JPG">
        <transform>9.9940731299317542e-001 3.0485040706761193e-002 1.5990154122663199e-002 -2.3668039934200635e+001 3.0443622062069724e-002 -9.9953248665382644e-001 2.8273661524734531e-003 9.7270425432893219e+000 1.6068870884454550e-002 -2.3388922004667439e-003 -9.9986815179391197e-001 2.9895462212401935e-001 0 0 0 1</transform>
        <rotation_covariance>8.5801416785793228e-009 -1.2489694536193432e-010 4.3524166542813725e-011 -1.2489694536193432e-010 3.6447228325377465e-009 1.9652205211537471e-011 4.3524166542813718e-011 1.9652205211537471e-011 1.1549873368141099e-010</rotation_covariance>
        <location_covariance>2.3311466356193245e-006 -7.4659227653937768e-007 4.7095533602282870e-007 -7.4659227653937768e-007 5.8732704520819048e-006 -3.4107934171704110e-007 4.7095533602282870e-007 -3.4107934171704110e-007 2.7900713308256558e-007</location_covariance>
      </camera>
      <camera id="4" sensor_id="0" label="DSC00006.JPG">
        <transform>9.9952110598147281e-001 2.7419978828520777e-002 1.4342365865395935e-002 -2.1820336337654041e+001 2.7365894232509909e-002 -9.9961766470046076e-001 3.9537642383338182e-003 9.6162490411981327e+000 1.4445294404354762e-002 -3.5593791369730281e-003 -9.9988932602050051e-001 2.7533954953493506e-001 0 0 0 1</transform>
        <rotation_covariance>8.5621467881833507e-009 -1.2850144575235401e-010 3.2318209096378049e-011 -1.2850144575235411e-010 3.5687886236023518e-009 9.4977529973687495e-012 3.2318209096378075e-011 9.4977529973687495e-012 1.1017658213002341e-010</rotation_covariance>
        <location_covariance>2.2238720653026942e-006 -6.1309879364079966e-007 3.7187861869231749e-007 -6.1309879364079966e-007 5.8188690023232366e-006 -3.2573961213229069e-007 3.7187861869231749e-007 -3.2573961213229069e-007 2.1056279136321131e-007</location_covariance>
      </camera>
      <camera id="5" sensor_id="0" label="DSC00007.JPG">
        <transform>9.9960936056065919e-001 2.5040341443859450e-002 1.2414007406310183e-002 -2.0134635060783964e+001 2.5011193239269688e-002 -9.9968405081676515e-001 2.4977500537908437e-003 9.6473413197022673e+000 1.2472629724997830e-002 -2.1862851959972697e-003 -9.9991982361826637e-001 2.6764763931988966e-001 0 0 0 1</transform>
        <rotation_covariance>8.3806099123455983e-009 -1.8256490987520677e-010 3.2003148229942989e-011 -1.8256490987520677e-010 3.5123885044210782e-009 1.0074894896665926e-011 3.2003148229942976e-011 1.0074894896665923e-011 1.0686173702498580e-010</rotation_covariance>
        <location_covariance>2.1574032946733901e-006 -5.2849928494794586e-007 2.8421826999643363e-007 -5.2849928494794586e-007 5.6887116152561789e-006 -3.3470981070706288e-007 2.8421826999643363e-007 -3.3470981070706288e-007 1.6597777020552497e-007</location_covariance>
      </camera>
      <camera id="6" sensor_id="0" label="DSC00008.JPG">
        <transform>9.9972642801326583e-001 2.0957333859137367e-002 1.0385532694673801e-002 -1.8522381871047383e+001 2.0933710434639811e-002 -9.9977803740494942e-001 2.3781694948416766e-003 9.6847143771686017e+000 1.0433067586962920e-002 -2.1601111601483973e-003 -9.9994324089945308e-001 3.3652626322879364e-001 0 0 0 1</transform>
        <rotation_covariance>8.4501735951124498e-009 -2.4870732536820408e-010 1.7693550577404664e-011 -2.4870732536820398e-010 3.3236912177308845e-009 1.3397616339209845e-011 1.7693550577404657e-011 1.3397616339209850e-011 1.0197443676215664e-010</rotation_covariance>
        <location_covariance>2.0445872582783757e-006 -4.6089145307903704e-007 2.2136777578253600e-007 -4.6089145307903704e-007 5.7530975973292693e-006 -3.2305112389019734e-007 2.2136777578253600e-007 -3.2305112389019734e-007 1.3294350874292372e-007</location_covariance>
      </camera>
      <camera id="7" sensor_id="0" label="DSC00009.JPG">
        <transform>9.9974239972362744e-001 2.0807773700434164e-002 9.0648082425826403e-003 -1.6894937315284849e+001 2.0807914194510890e-002 -9.9978348880836398e-001 7.8822901955282826e-005 9.7287323723007439e+000 9.0644857392543823e-003 1.0981715494739994e-004 -9.9995891067507137e-001 3.4505422507165512e-001 0 0 0 1</transform>
        <rotation_covariance>8.2129434879931713e-009 -3.2742138416813916e-010 1.2041399142270985e-011 -3.2742138416813931e-010 3.1641954823529839e-009 2.0219369212234803e-011 1.2041399142270969e-011 2.0219369212234803e-011 9.6580465669724154e-011</rotation_covariance>
        <location_covariance>1.9553577300854759e-006 -4.0705356989189971e-007 1.4754506093265400e-007 -4.0705356989189971e-007 5.5982996121866099e-006 -3.2909226633786128e-007 1.4754506093265400e-007 -3.2909226633786128e-007 1.0784033509292114e-007</location_covariance>
      </camera>
      <camera id="8" sensor_id="0" label="DSC00010.JPG">
        <transform>9.9976577720636106e-001 2.0359125461785591e-002 7.3414397356207561e-003 -1.5306937788276487e+001 2.0367482185489377e-002 -9.9979199374253902e-001 -1.0653251815786044e-003 9.7248099194377389e+000 7.3182235811876167e-003 1.2146023011695411e-003 -9.9997248379386205e-001 3.1581607019694924e-001 0 0 0 1</transform>
        <rotation_covariance>8.3656118559083656e-009 -2.7114165971532068e-010 -3.5889197106244797e-012 -2.7114165971532073e-010 3.1299763053779408e-009 1.9864139031499013e-011 -3.5889197106245080e-012 1.9864139031499016e-011 9.5391240395886662e-011</rotation_covariance>
        <location_covariance>1.9546557991872760e-006 -2.7679066561418635e-007 6.4691668066003502e-008 -2.7679066561418635e-007 5.6725564138275926e-006 -3.2327934962994331e-007 6.4691668066003502e-008 -3.2327934962994331e-007 9.4412333511386337e-008</location_covariance>
      </camera>
      <camera id="9" sensor_id="0" label="DSC00011.JPG">
        <transform>9.9978116109512660e-001 1.9987729470561995e-002 6.1741873871154519e-003 -1.3783991873281977e+001 1.9991626829614487e-002 -9.9979998488534960e-001 -5.7015783801281957e-004 9.5890692439957590e+000 6.1615562956956246e-003 6.9346511551526878e-004 -9.9998077698031207e-001 3.0695279866808878e-001 0 0 0 1</transform>
        <rotation_covariance>8.8572824488181800e-009 -4.1204281792617482e-010 -9.9066971523353532e-012 -4.1204281792617477e-010 3.2965229515230097e-009 2.5090309731196385e-011 -9.9066971523353532e-012 2.5090309731196388e-011 9.8716845553194952e-011</rotation_covariance>
        <location_covariance>2.0991140989165037e-006 -2.7600606227295102e-007 -1.9730280065455002e-008 -2.7600606227295102e-007 5.9466550547477547e-006 -2.8230787321673710e-007 -1.9730280065455002e-008 -2.8230787321673710e-007 9.0163228780829042e-008</location_covariance>
      </camera>
      <camera id="10" sensor_id="0" label="DSC00012.JPG">
        <transform>9.9979651089206045e-001 1.9433346749613455e-002 5.4112699221326869e-003 -1.2129094117143524e+001 1.9440986664528714e-002 -9.9981007731089977e-001 -1.3628444820651406e-003 9.4817256768604654e+000 5.3837575698118595e-003 1.4677675844515727e-003 -9.9998443028516570e-001 2.9744265850403329e-001 0 0 0 1</transform>
        <rotation_covariance>8.6863061746645356e-009 -1.2194842703500280e-010 -2.2945108120470296e-011 -1.2194842703500280e-010 3.3165727096615943e-009 2.2673601983715828e-011 -2.2945108120470299e-011 2.2673601983715831e-011 9.9823179181241687e-011</rotation_covariance>
        <location_covariance>2.1624580623478885e-006 1.3747400883797776e-008 -1.0483797064713039e-007 1.3747400883797776e-008 5.8190882309452038e-006 -2.7952601425199782e-007 -1.0483797064713039e-007 -2.7952601425199782e-007 9.4677847107201770e-008</location_covariance>
      </camera>
      <camera id="11" sensor_id="0" label="DSC00013.JPG">
        <transform>9.9981569726868758e-001 1.8717963663199590e-002 4.2672393221696902e-003 -1.0626769552120420e+001 1.8720719415816510e-002 -9.9982456786305962e-001 -6.0676354560059635e-004 9.3971387598448075e+000 4.2551333332578592e-003 6.8653750745235865e-004 -9.9999071121014271e-001 3.5300559735138853e-001 0 0 0 1</transform>
        <rotation_covariance>8.4032811926895013e-009 9.1411005696975821e-011 -4.6816449289867324e-011 9.1411005696975821e-011 3.4220137308163360e-009 1.8665523035197636e-011 -4.6816449289867317e-011 1.8665523035197636e-011 1.0142633127099287e-010</rotation_covariance>
        <location_covariance>2.3147177991256776e-006 2.4602663229036438e-007 -1.7521117357694343e-007 2.4602663229036438e-007 5.6534524756756492e-006 -2.8356556978976464e-007 -1.7521117357694343e-007 -2.8356556978976464e-007 1.0667812622682933e-007</location_covariance>
      </camera>
      <camera id="12" sensor_id="0" label="DSC00014.JPG">
        <transform>9.9982950212124311e-001 1.8180060003919606e-002 3.2329717351501893e-003 -9.0587471414686185e+000 1.8184527450282505e-002 -9.9983372577559559e-001 -1.3578523856202129e-003 9.3296929770292270e+000 3.2077483374353651e-003 1.4164109379326264e-003 -9.9999385204643065e-001 4.2123851410676072e-001 0 0 0 1</transform>
        <rotation_covariance>8.1403984935970679e-009 5.2381036158301672e-011 -4.9123229851587679e-011 5.2381036158301678e-011 3.5906273227310858e-009 1.8247585566689285e-011 -4.9123229851587659e-011 1.8247585566689282e-011 1.0363383043594702e-010</rotation_covariance>
        <location_covariance>2.5479730467558704e-006 3.2505235385426092e-007 -2.6533807928646695e-007 3.2505235385426092e-007 5.5028092621705746e-006 -2.8059558425882482e-007 -2.6533807928646695e-007 -2.8059558425882482e-007 1.2793273038886971e-007</location_covariance>
      </camera>
      <camera id="13" sensor_id="0" label="DSC00015.JPG">
        <transform>9.9984817745587973e-001 1.7356536358435749e-002 1.5403518412736097e-003 -6.6814048251713052e+000 1.7359011132852219e-002 -9.9984802787250526e-001 -1.6080708788868577e-003 9.2438205402057001e+000 1.5122072100508595e-003 1.6345657222360764e-003 -9.9999752070905334e-001 4.3900835420400636e-001 0 0 0 1</transform>
        <rotation_covariance>8.0529230837842256e-009 1.5050480667133303e-010 -7.8400115889670829e-011 1.5050480667133303e-010 3.6761478416663875e-009 3.3082424839889649e-011 -7.8400115889670803e-011 3.3082424839889642e-011 1.0865379758583680e-010</rotation_covariance>
        <location_covariance>2.8228777134084338e-006 5.3605102578600819e-007 -4.3620261243594626e-007 5.3605102578600819e-007 5.4418888080313542e-006 -2.5655308105133158e-007 -4.3620261243594626e-007 -2.5655308105133158e-007 1.8135031404952413e-007</location_covariance>
      </camera>
      <camera id="14" sensor_id="0" label="DSC00016.JPG">
        <transform>9.9985580624967452e-001 1.6945601102613204e-002 1.1015044645498605e-003 -5.5832551676004973e+000 1.6947967577809028e-002 -9.9985400549657011e-001 -2.1757958190869587e-003 9.2088848865776960e+000 1.0644734829215515e-003 2.1941503448798636e-003 -9.9999702629581266e-001 4.6023917695041044e-001 0 0 0 1</transform>
        <rotation_covariance>7.9626085545029529e-009 1.3249187327469695e-010 -8.2884093255514521e-011 1.3249187327469698e-010 3.7548227825567214e-009 2.6524918266129844e-011 -8.2884093255514521e-011 2.6524918266129841e-011 1.1312565298939357e-010</rotation_covariance>
        <location_covariance>2.9946129101748574e-006 5.9501994317233917e-007 -5.2165891223978036e-007 5.9501994317233917e-007 5.3834858144503774e-006 -2.5657987930725567e-007 -5.2165891223978036e-007 -2.5657987930725567e-007 2.1435954563426776e-007</location_covariance>
      </camera>
      <camera id="15" sensor_id="0" label="DSC00017.JPG">
        <transform>9.9986429669578492e-001 1.6458850311221091e-002 7.0316390467090983e-004 -4.1441183237187964e+000 1.6460475331856367e-002 -9.9986170514120210e-001 -2.3713590991746216e-003 9.1675309002459837e+000 6.6403681627053436e-004 2.3826117100164699e-003 -9.9999694110359449e-001 4.5136160226755595e-001 0 0 0 1</transform>
        <rotation_covariance>8.1857525586454281e-009 2.1874659671523991e-010 -1.1267537494527848e-010 2.1874659671523986e-010 3.8226814444372914e-009 2.7633827579481118e-011 -1.1267537494527848e-010 2.7633827579481118e-011 1.2105858136145318e-010</rotation_covariance>
        <location_covariance>3.2114335066523374e-006 7.3377314679667807e-007 -6.1782914425035233e-007 7.3377314679667807e-007 5.5062189185739166e-006 -2.6415663078968242e-007 -6.1782914425035233e-007 -2.6415663078968242e-007 2.6600331198691215e-007</location_covariance>
      </camera>
      <camera id="16" sensor_id="0" label="DSC00018.JPG">
        <transform>9.9987406438192150e-001 1.5869949948912374e-002 8.0620894177145709e-006 -2.6522361166900668e+000 1.5869888614938522e-002 -9.9986850628430057e-001 -3.3341829810198411e-003 9.1595313123046687e+000 -4.4852287725679582e-005 3.3338910330864007e-003 -9.9999444156397777e-001 4.3838708535558196e-001 0 0 0 1</transform>
        <rotation_covariance>8.4100449367124361e-009 3.2038571082251907e-010 -1.3256073078589533e-010 3.2038571082251912e-010 3.9330142386876566e-009 3.3786862655148227e-011 -1.3256073078589530e-010 3.3786862655148221e-011 1.2753719456749791e-010</rotation_covariance>
        <location_covariance>3.4791163755075706e-006 8.8753996569307867e-007 -7.3302966150736462e-007 8.8753996569307867e-007 5.6321625010236588e-006 -2.6983153504509078e-007 -7.3302966150736462e-007 -2.6983153504509078e-007 3.3002920868166229e-007</location_covariance>
      </camera>
      <camera id="17" sensor_id="0" label="DSC00019.JPG">
        <transform>9.9988532658731422e-001 1.5143729970317623e-002 -3.3436003775845464e-005 -6.3801641946860199e-001 1.5143556379324758e-002 -9.9988063219434042e-001 -3.0649735451124677e-003 9.0279169100447199e+000 -7.9847144326795045e-005 3.0641157341279790e-003 -9.9999530239856693e-001 4.6688451521719226e-001 0 0 0 1</transform>
        <rotation_covariance>8.6247937268613900e-009 4.4819556234883362e-010 -1.1907992882497574e-010 4.4819556234883357e-010 4.1567135372833092e-009 3.1208543754165826e-011 -1.1907992882497574e-010 3.1208543754165820e-011 1.3616357781268002e-010</rotation_covariance>
        <location_covariance>3.9280436294756142e-006 1.0848505421116177e-006 -9.0694425830589577e-007 1.0848505421116177e-006 5.7525113167351936e-006 -2.7226272171069018e-007 -9.0694425830589577e-007 -2.7226272171069018e-007 4.3098598918240588e-007</location_covariance>
      </camera>
      <camera id="18" sensor_id="0" label="DSC00020.JPG">
        <transform>9.9989103890651188e-001 1.4736857437347857e-002 -8.5752395111619037e-004 3.7940792162322284e-001 1.4733847480307328e-002 -9.9988561426504508e-001 -3.4164490689187785e-003 9.0059373440110591e+000 -9.0777358547941642e-004 3.4034421817859275e-003 -9.9999379624497309e-001 4.4396179644628275e-001 0 0 0 1</transform>
        <rotation_covariance>8.6550978227381099e-009 4.8500958808903163e-010 -1.2472515533158509e-010 4.8500958808903153e-010 4.2073187794030588e-009 3.5817309160310552e-011 -1.2472515533158509e-010 3.5817309160310552e-011 1.3906931153272917e-010</rotation_covariance>
        <location_covariance>4.1245444143998407e-006 1.1697865960508348e-006 -1.0001506480820590e-006 1.1697865960508348e-006 5.7544880190461552e-006 -2.8290401461644509e-007 -1.0001506480820590e-006 -2.8290401461644509e-007 4.9145521729033785e-007</location_covariance>
      </camera>
      <camera id="19" sensor_id="0" label="DSC00021.JPG">
        <transform>9.9989997655991703e-001 1.4137901750131295e-002 -3.9573928434070754e-004 2.1978736021009508e+000 1.4136730934084036e-002 -9.9989609589244632e-001 -2.8196201058083245e-003 8.8567550527455889e+000 -4.3556167743215703e-004 2.8137436179228423e-003 -9.9999594655822366e-001 4.2749128103614087e-001 0 0 0 1</transform>
        <rotation_covariance>8.9198321701051344e-009 4.0750301785588462e-010 -1.2502219202969444e-010 4.0750301785588478e-010 4.4941053054530865e-009 3.4310711280816663e-011 -1.2502219202969444e-010 3.4310711280816657e-011 1.4560323207282829e-010</rotation_covariance>
        <location_covariance>4.6280398711193976e-006 1.2236407006853732e-006 -1.1681920053750668e-006 1.2236407006853732e-006 5.8792307121642592e-006 -2.9809654587730634e-007 -1.1681920053750668e-006 -2.9809654587730634e-007 6.1255643181355651e-007</location_covariance>
      </camera>
      <camera id="20" sensor_id="0" label="DSC00022.JPG">
        <transform>9.9990521395761522e-001 1.3750092549782324e-002 -7.0573029435008967e-004 3.4612834412499973e+000 1.3747407570520559e-002 -9.9989873557749187e-001 -3.6779580779226686e-003 8.7957635907350564e+000 -7.5623109294504197e-004 3.6679074968411106e-003 -9.9999298725997510e-001 3.4435322417885056e-001 0 0 0 1</transform>
        <rotation_covariance>8.8699406610050519e-009 3.2986923020779118e-010 -1.2722525862897056e-010 3.2986923020779113e-010 4.5143228282580500e-009 3.8017942359688907e-011 -1.2722525862897053e-010 3.8017942359688907e-011 1.4880885672104852e-010</rotation_covariance>
        <location_covariance>4.8642878009049030e-006 1.2463188480530681e-006 -1.3089527131065684e-006 1.2463188480530681e-006 5.7986987895203660e-006 -3.1354870764776381e-007 -1.3089527131065684e-006 -3.1354870764776381e-007 7.1104979950894797e-007</location_covariance>
      </camera>
      <camera id="21" sensor_id="0" label="DSC00023.JPG">
        <transform>9.9994667421925754e-001 1.0256037377454485e-002 -1.2093035842919346e-003 4.7324159704628688e+000 1.0252234055619097e-002 -9.9994260694082970e-001 -3.1103892434985996e-003 8.7318245766996458e+000 -1.2411344469995206e-003 3.0978253161733161e-003 -9.9999443151629352e-001 3.4113059616562580e-001 0 0 0 1</transform>
        <rotation_covariance>8.8167521686026319e-009 3.9553641303014352e-010 -1.3551329094690669e-010 3.9553641303014352e-010 4.6674497123029442e-009 4.0186473066828353e-011 -1.3551329094690669e-010 4.0186473066828353e-011 1.5481532993852246e-010</rotation_covariance>
        <location_covariance>5.2144480186322592e-006 1.3690969029014912e-006 -1.4488814944867367e-006 1.3690969029014912e-006 5.7557620659110787e-006 -3.2068308717465275e-007 -1.4488814944867367e-006 -3.2068308717465275e-007 8.1815070897345175e-007</location_covariance>
      </camera>
      <camera id="22" sensor_id="0" label="DSC00024.JPG">
        <transform>9.9994872063495466e-001 9.8398278798994040e-003 -2.3945537813384742e-003 5.9831599295684876e+000 9.8336472560106702e-003 -9.9994832184241556e-001 -2.5793460762744812e-003 8.7056062577503202e+000 -2.4198103566440529e-003 2.5556666118242283e-003 -9.9999380652382397e-001 3.6971423500833467e-001 0 0 0 1</transform>
        <rotation_covariance>8.9309177965636859e-009 2.9597003836799073e-010 -1.3743425196368722e-010 2.9597003836799078e-010 4.7827074682096681e-009 4.0112289367075563e-011 -1.3743425196368722e-010 4.0112289367075563e-011 1.6076840914072401e-010</rotation_covariance>
        <location_covariance>5.5618798315819907e-006 1.3856537711297272e-006 -1.5903174735027088e-006 1.3856537711297272e-006 5.8295991427262703e-006 -3.4724711276287990e-007 -1.5903174735027088e-006 -3.4724711276287990e-007 9.3372338241566931e-007</location_covariance>
      </camera>
      <camera id="23" sensor_id="0" label="DSC00025.JPG">
        <transform>9.9995174969191147e-001 9.4470674272512604e-003 -2.6928061775175066e-003 6.7898802717184417e+000 9.4383087103172923e-003 -9.9995018643784106e-001 -3.2469942432429163e-003 8.6954473982939060e+000 -2.7233466128014135e-003 3.2214220387698582e-003 -9.9999110287205795e-001 3.4864196324398627e-001 0 0 0 1</transform>
        <rotation_covariance>8.9363741814773547e-009 3.1013991333904021e-010 -1.3773783636688515e-010 3.1013991333904021e-010 4.8664778041894031e-009 4.4502803542114332e-011 -1.3773783636688515e-010 4.4502803542114332e-011 1.6487821043082156e-010</rotation_covariance>
        <location_covariance>5.7854869145530241e-006 1.4420210055952875e-006 -1.6854353439647326e-006 1.4420210055952875e-006 5.8227564201154178e-006 -3.5998201900664682e-007 -1.6854353439647326e-006 -3.5998201900664682e-007 1.0153959432932213e-006</location_covariance>
      </camera>
      <camera id="24" sensor_id="0" label="DSC00026.JPG">
        <transform>9.9995414046212450e-001 9.2558975100622536e-003 -2.4587260801152877e-003 8.3591422400661255e+000 9.2482093796847822e-003 -9.9995236680504551e-001 -3.1200551689216783e-003 8.6363635162406407e+000 -2.4874878740058534e-003 3.0971732710372876e-003 -9.9999210992977627e-001 3.7970157050027209e-001 0 0 0 1</transform>
        <rotation_covariance>8.7396556781933091e-009 3.3610905007815373e-010 -1.0540560192013703e-010 3.3610905007815368e-010 4.7791624064100267e-009 4.6508871172260379e-011 -1.0540560192013701e-010 4.6508871172260379e-011 1.6772396992835145e-010</rotation_covariance>
        <location_covariance>6.1075738212565658e-006 1.5466491840843931e-006 -1.9034847505426277e-006 1.5466491840843931e-006 5.7111136255788725e-006 -3.6972847576453860e-007 -1.9034847505426277e-006 -3.6972847576453860e-007 1.1809753412960745e-006</location_covariance>
      </camera>
      <camera id="25" sensor_id="0" label="DSC00027.JPG">
        <transform>9.9995910530099341e-001 8.5598185774405349e-003 -2.9184296391277821e-003 9.0983508377697628e+000 8.5515988330149544e-003 -9.9995946528345592e-001 -2.8174363212116562e-003 8.7104348984193543e+000 -2.9424280851726697e-003 2.7923638635051280e-003 -9.9999177237666181e-001 3.6846898955174479e-001 0 0 0 1</transform>
        <rotation_covariance>8.9003740761447816e-009 3.2576133259541948e-010 -1.0563226368560819e-010 3.2576133259541953e-010 4.8411361168266938e-009 4.0744444437852825e-011 -1.0563226368560818e-010 4.0744444437852838e-011 1.7521609236419921e-010</rotation_covariance>
        <location_covariance>6.3241249801187309e-006 1.5945193395582912e-006 -2.0126215335433442e-006 1.5945193395582912e-006 5.8125708988558931e-006 -4.0102702291148557e-007 -2.0126215335433442e-006 -4.0102702291148557e-007 1.2719012185983920e-006</location_covariance>
      </camera>
      <camera id="26" sensor_id="0" label="DSC00028.JPG">
        <transform>9.9995884012312208e-001 7.9233367980576282e-003 -4.4202707615619164e-003 9.2608273854238732e+000 7.9171361452892944e-003 -9.9996765286094658e-001 -1.4185157829366313e-003 8.8750861536563992e+000 -4.4313671567505052e-003 1.3834615115833285e-003 -9.9998922445162775e-001 4.0380018698729092e-001 0 0 0 1</transform>
        <rotation_covariance>9.1536307794870576e-009 4.5173699395883835e-010 -1.2707064570779698e-010 4.5173699395883824e-010 4.9278057928118647e-009 3.1391665376342052e-011 -1.2707064570779698e-010 3.1391665376342052e-011 1.7921292516131216e-010</rotation_covariance>
        <location_covariance>6.4272803279499362e-006 1.7025123827243267e-006 -2.0504497905212525e-006 1.7025123827243267e-006 6.0010921689568961e-006 -4.4319061276776478e-007 -2.0504497905212525e-006 -4.4319061276776478e-007 1.2954530249633109e-006</location_covariance>
      </camera>
      <camera id="27" sensor_id="0" label="DSC00029.JPG">
        <transform>9.9996381442360160e-001 6.2716858026748831e-003 -5.7476778435642086e-003 9.0907318501487921e+000 6.2666036518733851e-003 -9.9997995802336914e-001 -9.0179279832318924e-004 6.0819223926316353e+000 -5.7532184098293840e-003 8.6574174746671868e-004 -9.9998307534135566e-001 3.3964580160446978e-001 0 0 0 1</transform>
        <rotation_covariance>8.8420157494669680e-009 3.5120767899868921e-010 -1.2365241285129120e-010 3.5120767899868931e-010 4.8939329968276590e-009 6.2370529467681264e-011 -1.2365241285129117e-010 6.2370529467681264e-011 1.6375690682103959e-010</rotation_covariance>
        <location_covariance>6.3494659913168572e-006 1.2949484321734095e-006 -1.8835853478710615e-006 1.2949484321734095e-006 5.4832220143818296e-006 8.8049775544653490e-008 -1.8835853478710615e-006 8.8049775544653490e-008 1.2508528938761985e-006</location_covariance>
      </camera>
      <camera id="28" sensor_id="0" label="DSC00030.JPG">
        <transform>9.9998840123284172e-001 -1.4458975619745994e-004 -4.8141970863656465e-003 8.5206342906136339e+000 -1.5025849723839928e-004 -9.9999929585327030e-001 -1.1771641123854829e-003 6.1410663755749892e+000 -4.8140234905924978e-003 1.1778738327526436e-003 -9.9998771882011939e-001 3.3250901844130815e-001 0 0 0 1</transform>
        <rotation_covariance>8.9395730994168316e-009 3.9892463747681913e-010 -1.2935576920273772e-010 3.9892463747681913e-010 4.9233757207826311e-009 6.5698329447361365e-011 -1.2935576920273772e-010 6.5698329447361365e-011 1.6104767687486807e-010</rotation_covariance>
        <location_covariance>6.2267680922171912e-006 1.3153811655622358e-006 -1.8022983045057808e-006 1.3153811655622358e-006 5.5380067549335793e-006 8.9951131713916235e-008 -1.8022983045057808e-006 8.9951131713916235e-008 1.1847716267337561e-006</location_covariance>
      </camera>
      <camera id="29" sensor_id="0" label="DSC00031.JPG">
        <transform>9.9997491843014075e-001 -2.2988748160685723e-003 -6.6990809230812959e-003 6.5437578817705111e+000 -2.2915487526114211e-003 -9.9999676822714934e-001 1.1010629279972583e-003 6.4187270542735879e+000 -6.7015904790095242e-003 -1.0856840410775801e-003 -9.9997695472206494e-001 2.9561225326900648e-001 0 0 0 1</transform>
        <rotation_covariance>9.2762871341272308e-009 4.4632981844563909e-010 -1.7748613393470810e-010 4.4632981844563904e-010 5.0020214476907145e-009 5.0698172576374237e-011 -1.7748613393470810e-010 5.0698172576374231e-011 1.5645062648073687e-010</rotation_covariance>
        <location_covariance>5.8006899515774917e-006 1.2776094062759389e-006 -1.5459827382726321e-006 1.2776094062759389e-006 5.7424545473177916e-006 6.3322707371426184e-008 -1.5459827382726321e-006 6.3322707371426184e-008 9.7582044681105786e-007</location_covariance>
      </camera>
      <camera id="30" sensor_id="0" label="DSC00032.JPG">
        <transform>9.9998164635909259e-001 -2.5523471964754700e-003 -5.4947673970864109e-003 4.4985546298491261e+000 -2.5395350117523243e-003 -9.9999404359181709e-001 2.3374222577479771e-003 6.7065076359445346e+000 -5.5007005811554656e-003 -2.3234252033528724e-003 -9.9998217183529869e-001 3.3912944639653464e-001 0 0 0 1</transform>
        <rotation_covariance>9.5573331947404228e-009 4.3496483682735457e-010 -1.6713989570738439e-010 4.3496483682735452e-010 4.8097833805690586e-009 3.9899519404147083e-011 -1.6713989570738441e-010 3.9899519404147083e-011 1.4951071574366467e-010</rotation_covariance>
        <location_covariance>5.2568191286159447e-006 1.2010768349346541e-006 -1.3251390235637460e-006 1.2010768349346541e-006 5.9555489859620313e-006 4.3204327462481507e-008 -1.3251390235637460e-006 4.3204327462481507e-008 7.8416466797972234e-007</location_covariance>
      </camera>
      <camera id="31" sensor_id="0" label="DSC00033.JPG">
        <transform>9.9997377714977242e-001 -3.3457491066126543e-003 -6.4226922496015233e-003 2.3390212771299397e+000 -3.3478486148489400e-003 -9.9999434595846126e-001 -3.1616571820429625e-004 6.9200828710399973e+000 -6.4215981242635297e-003 3.3765962878945011e-004 -9.9997932431801084e-001 3.7037588090516638e-001 0 0 0 1</transform>
        <rotation_covariance>1.0216863850885682e-008 6.5880772162574998e-010 -1.7209963858067889e-010 6.5880772162575008e-010 4.6672672138291906e-009 4.5867018683399015e-011 -1.7209963858067884e-010 4.5867018683399015e-011 1.4400406881079167e-010</rotation_covariance>
        <location_covariance>4.7595019432063879e-006 1.2512294622882984e-006 -1.1278836844204684e-006 1.2512294622882984e-006 6.3861311118962409e-006 6.6513274785931679e-008 -1.1278836844204684e-006 6.6513274785931679e-008 6.1236104016650929e-007</location_covariance>
      </camera>
      <camera id="32" sensor_id="0" label="DSC00034.JPG">
        <transform>9.9997708704171173e-001 -3.5444145887734103e-003 -5.7673665389239735e-003 7.2142616861368425e-001 -3.5552979037656880e-003 -9.9999191665269749e-001 -1.8778940545426891e-003 6.9673713576714817e+000 -5.7606638842141256e-003 1.8983557326006338e-003 -9.9998160532938085e-001 4.3683411301030878e-001 0 0 0 1</transform>
        <rotation_covariance>1.0527123937155345e-008 5.8636600169072034e-010 -1.7367177456162023e-010 5.8636600169072034e-010 4.5144151361433176e-009 5.1401005489408424e-011 -1.7367177456162021e-010 5.1401005489408418e-011 1.4164241052783881e-010</rotation_covariance>
        <location_covariance>4.3854348825150685e-006 1.1312035175767149e-006 -9.7446893801743292e-007 1.1312035175767149e-006 6.6192480308679030e-006 1.0886159798472026e-007 -9.7446893801743292e-007 1.0886159798472026e-007 5.0406107469441985e-007</location_covariance>
      </camera>
      <camera id="33" sensor_id="0" label="DSC00035.JPG">
        <transform>9.9997456183532984e-001 -4.1428985096182451e-003 -5.8062099668072355e-003 -1.1855777598277195e+000 -4.1548506342334200e-003 -9.9998927148250527e-001 -2.0479590072833135e-003 7.0292759218944010e+000 -5.7976631884629959e-003 2.0720308461279302e-003 -9.9998104671524946e-001 2.5911521078880978e-001 0 0 0 1</transform>
        <rotation_covariance>9.7983778372837971e-009 6.5128890136028548e-010 -1.6203183837503872e-010 6.5128890136028559e-010 4.2749101901298896e-009 4.2441982845821694e-011 -1.6203183837503872e-010 4.2441982845821681e-011 1.3378004768173244e-010</rotation_covariance>
        <location_covariance>3.8706311179281710e-006 1.0658154543484803e-006 -8.3762634958588804e-007 1.0658154543484803e-006 6.1102292692843512e-006 8.1609492339094074e-008 -8.3762634958588804e-007 8.1609492339094074e-008 3.9587612069447541e-007</location_covariance>
      </camera>
      <camera id="34" sensor_id="0" label="DSC00036.JPG">
        <transform>9.9997383804605044e-001 -4.6483748967770288e-003 -5.5421867767991044e-003 -2.8368930498790239e+000 -4.6649430344322647e-003 -9.9998467797575141e-001 -2.9802886132283082e-003 6.9992792724744231e+000 -5.5282483605040402e-003 3.0060646286548059e-003 -9.9998020082675287e-001 1.5962887181653065e-001 0 0 0 1</transform>
        <rotation_covariance>9.1133291346845228e-009 5.5763009862253252e-010 -1.3578776407517113e-010 5.5763009862253252e-010 4.2591143965040332e-009 4.8862284502296955e-011 -1.3578776407517113e-010 4.8862284502296948e-011 1.2763153874455742e-010</rotation_covariance>
        <location_covariance>3.5876675274136833e-006 9.1860168960887255e-007 -7.2959958942673738e-007 9.1860168960887255e-007 5.6642244706887606e-006 7.0910075421982972e-008 -7.2959958942673738e-007 7.0910075421982972e-008 3.1816169643146196e-007</location_covariance>
      </camera>
      <camera id="35" sensor_id="0" label="DSC00037.JPG">
        <transform>9.9997875854387108e-001 -4.6009644742218154e-003 -4.6166640515321643e-003 -4.3216880505435142e+000 -4.6167118186057690e-003 -9.9998354195756900e-001 -3.4061394538167987e-003 7.0949630843850207e+000 -4.6009165436580587e-003 3.4273809099442634e-003 -9.9998354217809826e-001 2.2765508785907221e-001 0 0 0 1</transform>
        <rotation_covariance>8.6344074491408288e-009 5.3613187532110993e-010 -1.1171277212505802e-010 5.3613187532110993e-010 4.0943005626716592e-009 5.0116744114055403e-011 -1.1171277212505802e-010 5.0116744114055409e-011 1.1843012870043917e-010</rotation_covariance>
        <location_covariance>3.3051623497872937e-006 8.4215397411483350e-007 -6.0848049914788525e-007 8.4215397411483350e-007 5.4284050032298331e-006 6.0308113550468593e-008 -6.0848049914788525e-007 6.0308113550468593e-008 2.5131901279526284e-007</location_covariance>
      </camera>
      <camera id="36" sensor_id="0" label="DSC00038.JPG">
        <transform>9.9998115968508983e-001 -5.2756569688810293e-003 -3.1381074564528636e-003 -5.8506256739538340e+000 -5.2859776036481843e-003 -9.9998061811063021e-001 -3.2896571030392539e-003 7.2104557598506087e+000 -3.1206915315804343e-003 3.3061830905961398e-003 -9.9998966516546373e-001 2.3036174701666917e-001 0 0 0 1</transform>
        <rotation_covariance>8.5775023982242708e-009 3.8985190642735930e-010 -1.0084918482978197e-010 3.8985190642735930e-010 3.8931381690078709e-009 5.0223650406238340e-011 -1.0084918482978199e-010 5.0223650406238340e-011 1.1108566709887225e-010</rotation_covariance>
        <location_covariance>3.0004716294381589e-006 6.8446604403914376e-007 -4.8660613271830050e-007 6.8446604403914376e-007 5.4178805517227780e-006 6.8621861432693893e-008 -4.8660613271830050e-007 6.8621861432693893e-008 1.9549101133145201e-007</location_covariance>
      </camera>
      <camera id="37" sensor_id="0" label="DSC00039.JPG">
        <transform>9.9997926829510364e-001 -5.5100369347376721e-003 -3.3320373599386565e-003 -7.6467213680839636e+000 -5.5228026549405326e-003 -9.9997739845523181e-001 -3.8342182437908099e-003 7.2754540644975423e+000 -3.3108353666079643e-003 3.8525409386874999e-003 -9.9998709806551556e-001 2.7291694247474041e-001 0 0 0 1</transform>
        <rotation_covariance>8.4744133324791340e-009 2.3640321668456333e-010 -9.7969478205632339e-011 2.3640321668456338e-010 3.6962813640433927e-009 5.6557275951850813e-011 -9.7969478205632339e-011 5.6557275951850813e-011 1.0438511958879019e-010</rotation_covariance>
        <location_covariance>2.7023744497160911e-006 5.0092627035717065e-007 -3.6203928763839104e-007 5.0092627035717065e-007 5.3918736822156970e-006 7.1660284603160150e-008 -3.6203928763839104e-007 7.1660284603160150e-008 1.4310773251163413e-007</location_covariance>
      </camera>
      <camera id="38" sensor_id="0" label="DSC00040.JPG">
        <transform>9.9998209284718609e-001 -5.2922757884494645e-003 -2.7938865295504323e-003 -8.8064540263259090e+000 -5.3040090229780016e-003 -9.9997707547617143e-001 -4.2090391311455158e-003 7.3346104327785655e+000 -2.7715470851457139e-003 4.2237825586005084e-003 -9.9998723901240483e-001 3.0018394081599981e-001 0 0 0 1</transform>
        <rotation_covariance>8.3755836107440584e-009 1.5035172957641588e-010 -8.9812795308925065e-011 1.5035172957641588e-010 3.5461276354420548e-009 5.6627767828094944e-011 -8.9812795308925078e-011 5.6627767828094937e-011 1.0114273312719176e-010</rotation_covariance>
        <location_covariance>2.5126928246270753e-006 3.8864336325387996e-007 -2.7901759705609056e-007 3.8864336325387996e-007 5.3547338193264157e-006 6.4361427738297624e-008 -2.7901759705609056e-007 6.4361427738297624e-008 1.1579279016102540e-007</location_covariance>
      </camera>
      <camera id="39" sensor_id="0" label="DSC00041.JPG">
        <transform>9.9998279973362503e-001 -5.3784977362318926e-003 -2.3392304294700987e-003 -1.0145378369657909e+001 -5.3826150943612015e-003 -9.9998396934671629e-001 -1.7574141035861235e-003 7.3753199923282873e+000 -2.3297406823003736e-003 1.7699750526142656e-003 -9.9999571973917289e-001 3.3153396503659399e-001 0 0 0 1</transform>
        <rotation_covariance>8.0263420464242629e-009 2.9775994479613932e-013 -7.5159268830037597e-011 2.9775994479614568e-013 3.2210946833515599e-009 4.9879370316597788e-011 -7.5159268830037623e-011 4.9879370316597794e-011 9.4447871144618287e-011</rotation_covariance>
        <location_covariance>2.2128214262080790e-006 2.2633825237166399e-007 -1.9839234062749284e-007 2.2633825237166399e-007 5.1634763741296306e-006 6.1094559358758311e-008 -1.9839234062749284e-007 6.1094559358758311e-008 9.0399084230056678e-008</location_covariance>
      </camera>
      <camera id="40" sensor_id="0" label="DSC00042.JPG">
        <transform>9.9998431030687907e-001 -5.4657622892966091e-003 -1.2266143130026915e-003 -1.2247370010341943e+001 -5.4705762617855884e-003 -9.9997721047092814e-001 -3.9561767080217719e-003 7.4885101441711894e+000 -1.2049628375796462e-003 3.9628249239663689e-003 -9.9999142200480007e-001 3.6579487448182052e-001 0 0 0 1</transform>
        <rotation_covariance>8.2588516667929919e-009 -1.8724705019227182e-010 -3.6547182518016451e-011 -1.8724705019227179e-010 3.0052507683510722e-009 5.5311177027429078e-011 -3.6547182518016451e-011 5.5311177027429085e-011 9.1293917065956017e-011</rotation_covariance>
        <location_covariance>1.9598101219329005e-006 5.6189193245831192e-009 -1.0641338960295320e-007 5.6189193245831192e-009 5.3417013681645920e-006 7.4525330822331660e-008 -1.0641338960295320e-007 7.4525330822331660e-008 7.0957764921492738e-008</location_covariance>
      </camera>
      <camera id="41" sensor_id="0" label="DSC00043.JPG">
