<?xml version="1.0" encoding="UTF-8"?>
<document version="1.5.0">
  <chunk label="SonyA9" enabled="true">
    <sensors next_id="1">
      <sensor id="0" label="SonyA9" type="frame">
        <resolution width="6000" height="4000"/>
        <property name="pixel_width" value="0.006"/>
        <property name="pixel_height" value="0.006"/>
        <property name="focal_length" value="55"/>
        <property name="fixed" value="true"/>
        <property name="layer_index" value="0"/>
        <calibration type="frame" class="initial">
          <resolution width="6000" height="4000"/>
          <f>9227.77018581081</f>
          <cx>-37.8304617831239</cx>
          <cy>31.7622333680372</cy>
          <k1>-0.017282082281574</k1>
        </calibration>
      </sensor>
    </sensors>
    <cameras next_id="586" next_group_id="0">
      <camera id="0" sensor_id="0" label="DSC00557.JPG">
        <transform>9.9221498864713098e-001 1.2366786011599167e-001 1.4685934709922886e-002 5.3929017311043674e+000 1.2356103279211987e-001 -9.9230492924768976e-001 7.9748709131940397e-003 2.2019946297821484e+001 1.5559160623802193e-002 -6.0981771923214511e-003 -9.9986035262711248e-001 6.2040761214141449e-001 0 0 0 1</transform>
        <rotation_covariance>1.0681551333809142e-008 1.7561312090917398e-010 2.0128248802542786e-010 1.7561312090917372e-010 4.5378415775286508e-009 -2.3816730323509405e-011 2.0128248802542788e-010 -2.3816730323509408e-011 2.0123291756333955e-010</rotation_covariance>
        <location_covariance>1.9670115325625174e-006 -2.8800862800572800e-007 -1.6904801583515907e-007 -2.8800862800572800e-007 6.8184097311213667e-006 -1.8404666769397435e-006 -1.6904801583515907e-007 -1.8404666769397435e-006 1.1409358126863352e-006</location_covariance>
      </camera>
      <camera id="1" sensor_id="0" label="DSC00558.JPG">
        <transform>9.9548310279600405e-001 9.4038344165052606e-002 1.3045377508344926e-002 6.0992002423037395e+000 9.3998565131357098e-002 -9.9556571134886762e-001 3.6309970626970216e-003 2.1768345557450505e+001 1.3328983490354131e-002 -2.3883494548355075e-003 -9.9990831278972547e-001 6.1091661266433073e-001 0 0 0 1</transform>
        <rotation_covariance>1.0187813137493834e-008 1.4472989603867844e-010 1.7191587220715103e-010 1.4472989603867839e-010 4.3171197942606140e-009 1.5190102655769844e-011 1.7191587220715106e-010 1.5190102655769847e-011 1.8707840129907084e-010</rotation_covariance>
        <location_covariance>1.8382130242061482e-006 -1.4580378330260242e-007 -2.5742681933883197e-007 -1.4580378330260242e-007 6.5472333747092028e-006 -1.7554919064742290e-006 -2.5742681933883197e-007 -1.7554919064742290e-006 1.1099541467451877e-006</location_covariance>
      </camera>
      <camera id="2" sensor_id="0" label="DSC00559.JPG">
        <transform>9.9774862231058492e-001 6.5966078286063962e-002 1.2089797057237759e-002 7.8708857652041502e+000 6.5974061499697423e-002 -9.9782130385485002e-001 -2.6226444914702714e-004 2.1369514133917328e+001 1.2046156505809424e-002 1.0592870073905562e-003 -9.9992688133906749e-001 6.2084188699325948e-001 0 0 0 1</transform>
        <rotation_covariance>1.0685031539324412e-008 3.0619109248286838e-010 1.2530512878606871e-010 3.0619109248286843e-010 4.4477121798916633e-009 6.2085110681871678e-011 1.2530512878606869e-010 6.2085110681871691e-011 1.7272415771823319e-010</rotation_covariance>
        <location_covariance>1.8708620765153838e-006 1.2953101179526572e-007 -3.8389257915565857e-007 1.2953101179526572e-007 6.7387491261145071e-006 -1.5771810883758445e-006 -3.8389257915565857e-007 -1.5771810883758445e-006 1.1032099309424759e-006</location_covariance>
      </camera>
      <camera id="3" sensor_id="0" label="DSC00560.JPG">
        <transform>9.9835637262140953e-001 5.6325793734599151e-002 1.0581030497438202e-002 9.6032906561172062e+000 5.6386034162190478e-002 -9.9839398254584566e-001 -5.4836819479115650e-003 2.1341131309049405e+001 1.0255164439472166e-002 6.0712911652262272e-003 -9.9992898299124544e-001 5.7774184542941387e-001 0 0 0 1</transform>
        <rotation_covariance>1.1515606777942265e-008 3.4191382181797540e-010 7.5689650851488560e-011 3.4191382181797550e-010 4.3823875066284657e-009 8.8320170139621903e-011 7.5689650851488585e-011 8.8320170139621916e-011 1.6737670698881870e-010</rotation_covariance>
        <location_covariance>1.8207514335217656e-006 2.7554108360867878e-007 -4.6501776576340545e-007 2.7554108360867878e-007 7.0998396882459599e-006 -1.5167941516224092e-006 -4.6501776576340545e-007 -1.5167941516224092e-006 1.1728865834566604e-006</location_covariance>
      </camera>
      <camera id="4" sensor_id="0" label="DSC00561.JPG">
        <transform>9.9842893513883268e-001 5.5203195661308442e-002 9.6056580366046789e-003 1.1541737503390346e+001 5.5213567667899345e-002 -9.9847423262199941e-001 -8.1776236876771459e-004 2.1484149159433617e+001 9.5458589408806572e-003 1.3468402610441320e-003 -9.9995353021947575e-001 5.8924515365722563e-001 0 0 0 1</transform>
        <rotation_covariance>1.1199724028550207e-008 3.1331732153288367e-010 8.0135624174442712e-011 3.1331732153288351e-010 4.3688651313388179e-009 6.5981365078863110e-011 8.0135624174442686e-011 6.5981365078863097e-011 1.6376540684611924e-010</rotation_covariance>
        <location_covariance>1.8306840144296640e-006 4.2115211170703647e-007 -5.4970592699484190e-007 4.2115211170703647e-007 6.9760566419561644e-006 -1.5037299176216012e-006 -5.4970592699484190e-007 -1.5037299176216012e-006 1.2952091558775079e-006</location_covariance>
      </camera>
      <camera id="5" sensor_id="0" label="DSC00562.JPG">
        <transform>9.9894618168659932e-001 4.5198775398492055e-002 7.9747599487845124e-003 1.3133934060730141e+001 4.5241888852194781e-002 -9.9896194247100278e-001 -5.3112133874005912e-003 2.1583312697855842e+001 7.7264213481871482e-003 5.6664095366924117e-003 -9.9995409605447028e-001 5.2721384007647298e-001 0 0 0 1</transform>
        <rotation_covariance>1.1455159465306596e-008 3.4172961715781965e-010 7.6911114779282286e-011 3.4172961715781949e-010 4.6229499451977716e-009 7.1899354865065711e-011 7.6911114779282273e-011 7.1899354865065711e-011 1.6893659332087986e-010</rotation_covariance>
        <location_covariance>1.9694337167585414e-006 5.8946513271041719e-007 -6.1814967267345190e-007 5.8946513271041719e-007 7.0762322292936359e-006 -1.4861052221954511e-006 -6.1814967267345190e-007 -1.4861052221954511e-006 1.4105743660175527e-006</location_covariance>
      </camera>
      <camera id="6" sensor_id="0" label="DSC00563.JPG">
        <transform>9.9906429557658483e-001 4.2623058020059466e-002 7.3354092647179318e-003 1.4248360020469990e+001 4.2660983246071434e-002 -9.9907662103882933e-001 -5.0937022011268377e-003 2.1498039711013877e+001 7.1115267376757807e-003 5.4018717731908923e-003 -9.9996012218928276e-001 4.8995577816507391e-001 0 0 0 1</transform>
        <rotation_covariance>1.1328819645179136e-008 3.2759855332780089e-010 8.6571554270516750e-011 3.2759855332780100e-010 4.6782707494884153e-009 7.4160703494988424e-011 8.6571554270516737e-011 7.4160703494988424e-011 1.7044032175640216e-010</rotation_covariance>
        <location_covariance>2.0168625240950338e-006 6.7752739926874052e-007 -6.5957424658100972e-007 6.7752739926874052e-007 6.9831769979406985e-006 -1.4368227629547465e-006 -6.5957424658100972e-007 -1.4368227629547465e-006 1.4759689208536329e-006</location_covariance>
      </camera>
      <camera id="7" sensor_id="0" label="DSC00564.JPG">
        <transform>9.9908786024030816e-001 4.2246332795070680e-002 6.2205213454739269e-003 1.5660002501017727e+001 4.2282161717874585e-002 -9.9908918913883560e-001 -5.7455153265342004e-003 2.1463021024859710e+001 5.9721286745064214e-003 6.0032917030637730e-003 -9.9996414644117271e-001 4.6333139998553924e-001 0 0 0 1</transform>
        <rotation_covariance>1.1296005926147809e-008 1.7022051615364189e-010 8.4830886167877288e-011 1.7022051615364192e-010 4.6963821224814254e-009 7.8599802216249770e-011 8.4830886167877288e-011 7.8599802216249783e-011 1.7205502344849580e-010</rotation_covariance>
        <location_covariance>2.0669528001928844e-006 7.1648015746008358e-007 -6.8939906895674407e-007 7.1648015746008358e-007 6.9485465121812589e-006 -1.4068089422537957e-006 -6.8939906895674407e-007 -1.4068089422537957e-006 1.5795101355180721e-006</location_covariance>
      </camera>
      <camera id="8" sensor_id="0" label="DSC00565.JPG">
        <transform>9.9912363528195125e-001 4.1526000302088514e-002 5.2490684782555445e-003 1.7212585235714055e+001 4.1560289811212570e-002 -9.9911418891976034e-001 -6.6015005883030302e-003 2.1461164114490806e+001 4.9702848798124600e-003 6.8138680732964642e-003 -9.9996443310254446e-001 4.4911326236937688e-001 0 0 0 1</transform>
        <rotation_covariance>1.0960916649874401e-008 2.2116242159480145e-010 7.4803149038625358e-011 2.2116242159480152e-010 4.7233094802559976e-009 7.7983676479442492e-011 7.4803149038625358e-011 7.7983676479442479e-011 1.7134116898336240e-010</rotation_covariance>
        <location_covariance>2.1304300020759235e-006 8.6858454699083139e-007 -7.2079759192872450e-007 8.6858454699083139e-007 6.7950108737414208e-006 -1.3780651928045521e-006 -7.2079759192872450e-007 -1.3780651928045521e-006 1.7110175349510032e-006</location_covariance>
      </camera>
      <camera id="9" sensor_id="0" label="DSC00566.JPG">
        <transform>9.9918329820421303e-001 4.0270435399878665e-002 3.3209369845225599e-003 1.9110633962650105e+001 4.0293894201619079e-002 -9.9916099491979371e-001 -7.3285961108970499e-003 2.1404189114307666e+001 3.0230249452658188e-003 7.4564243167972773e-003 -9.9996763100441821e-001 4.7962736794107586e-001 0 0 0 1</transform>
        <rotation_covariance>1.0950111400445708e-008 1.2747271450358624e-010 4.6627213504247232e-011 1.2747271450358622e-010 4.8966074825413793e-009 9.3295974160255561e-011 4.6627213504247225e-011 9.3295974160255561e-011 1.7412046597392837e-010</rotation_covariance>
        <location_covariance>2.3113622106986196e-006 9.7621448538271680e-007 -7.6423966112154256e-007 9.7621448538271680e-007 6.8016565613627926e-006 -1.3143570791338741e-006 -7.6423966112154256e-007 -1.3143570791338741e-006 1.8873052299327304e-006</location_covariance>
      </camera>
      <camera id="10" sensor_id="0" label="DSC00567.JPG">
        <transform>9.9924165397689313e-001 3.8853768870716371e-002 2.5498239278879771e-003 2.0979060565883028e+001 3.8872924943363862e-002 -9.9921253027879864e-001 -7.9507886519857122e-003 2.1419487913247256e+001 2.2388979141262028e-003 8.0438783171985009e-003 -9.9996514107130163e-001 4.5185430423339606e-001 0 0 0 1</transform>
        <rotation_covariance>1.1580367561897933e-008 -8.5505740872357877e-011 4.4372569312877856e-011 -8.5505740872357851e-011 5.2004403951816101e-009 9.4986876241699570e-011 4.4372569312877862e-011 9.4986876241699570e-011 1.8095917943123134e-010</rotation_covariance>
        <location_covariance>2.5588040808139821e-006 1.0192877065452665e-006 -8.0070909140091272e-007 1.0192877065452665e-006 7.0725923678181294e-006 -1.2798219725081826e-006 -8.0070909140091272e-007 -1.2798219725081826e-006 2.0935380661249350e-006</location_covariance>
      </camera>
      <camera id="11" sensor_id="0" label="DSC00568.JPG">
        <transform>9.9926449282654395e-001 3.8342177551820469e-002 5.9228092537858359e-004 2.2427983223876929e+001 3.8345803699211159e-002 -9.9922920215299438e-001 -8.4024343705742972e-003 2.1340516347349851e+001 2.6965676601240071e-004 8.4189658079195998e-003 -9.9996452352068654e-001 4.2721999588536635e-001 0 0 0 1</transform>
        <rotation_covariance>1.2019339582459866e-008 -3.6349383859108959e-011 5.4663118294718275e-012 -3.6349383859108997e-011 5.3720740169494358e-009 1.1350215145692432e-010 5.4663118294718283e-012 1.1350215145692431e-010 1.8630899695409890e-010</rotation_covariance>
        <location_covariance>2.7125293090374268e-006 1.1555426531981126e-006 -8.0256650585342253e-007 1.1555426531981126e-006 7.2639800862847473e-006 -1.2402399953367142e-006 -8.0256650585342253e-007 -1.2402399953367142e-006 2.2544578928156710e-006</location_covariance>
      </camera>
      <camera id="12" sensor_id="0" label="DSC00569.JPG">
        <transform>9.9930262037405937e-001 3.7328807726222824e-002 -9.1270327966869321e-004 2.4031528158323649e+001 3.7321689446378675e-002 -9.9927976424956544e-001 -6.8588817019253952e-003 2.1242482070759646e+001 -1.1680797944052181e-003 6.8200348292092507e-003 -9.9997606107072501e-001 4.0371472476605719e-001 0 0 0 1</transform>
        <rotation_covariance>1.1947868303478456e-008 4.1541664882635573e-011 -2.5606954348700923e-011 4.1541664882635657e-011 5.5544258251507315e-009 1.0962912424338285e-010 -2.5606954348700926e-011 1.0962912424338286e-010 1.8884382027972945e-010</rotation_covariance>
        <location_covariance>2.8962187537536048e-006 1.3215317500253521e-006 -8.1052918904437247e-007 1.3215317500253521e-006 7.2137433661496030e-006 -1.1950902806173785e-006 -8.1052918904437247e-007 -1.1950902806173785e-006 2.4457686891807147e-006</location_covariance>
      </camera>
      <camera id="13" sensor_id="0" label="DSC00570.JPG">
        <transform>9.9933233940262578e-001 3.6504659655039656e-002 -1.5117035238575191e-003 2.5601197315381558e+001 3.6489323332385831e-002 -9.9929201885134822e-001 -9.1646245281126627e-003 2.1237701169341904e+001 -1.8451847655252588e-003 9.1033446307607711e-003 -9.9995686127438255e-001 4.1850422834916934e-001 0 0 0 1</transform>
        <rotation_covariance>1.1628945085548159e-008 1.9921471816746452e-010 -5.1327866718348338e-011 1.9921471816746455e-010 5.6358177537467309e-009 1.3919943066621782e-010 -5.1327866718348331e-011 1.3919943066621782e-010 1.9396379114522967e-010</rotation_covariance>
        <location_covariance>3.0473906023793867e-006 1.5281039939155003e-006 -7.9442230423149663e-007 1.5281039939155003e-006 7.0980812489696270e-006 -1.1613295624302952e-006 -7.9442230423149663e-007 -1.1613295624302952e-006 2.6627560464255072e-006</location_covariance>
      </camera>
      <camera id="14" sensor_id="0" label="DSC00571.JPG">
        <transform>9.9933024312916729e-001 3.6373093194173027e-002 -4.0078995606705270e-003 2.7347665215248568e+001 3.6341030143181123e-002 -9.9930899238461568e-001 -7.8017477129506234e-003 2.1286628637186379e+001 -4.2889037681929877e-003 7.6508712400701982e-003 -9.9996153399705079e-001 4.3786096094880134e-001 0 0 0 1</transform>
        <rotation_covariance>1.1420460452034240e-008 2.6463048530127462e-010 -1.0559939058975868e-010 2.6463048530127452e-010 5.7667020815277539e-009 1.3931211211052613e-010 -1.0559939058975868e-010 1.3931211211052615e-010 2.0119432009290509e-010</rotation_covariance>
        <location_covariance>3.2561784736149544e-006 1.7017450465007516e-006 -7.7661629184989965e-007 1.7017450465007516e-006 7.0417027584225745e-006 -1.1188837770219431e-006 -7.7661629184989965e-007 -1.1188837770219431e-006 2.9330993971781638e-006</location_covariance>
      </camera>
      <camera id="15" sensor_id="0" label="DSC00572.JPG">
        <transform>9.9936612555587723e-001 3.5315465898130734e-002 -4.4905411513784122e-003 2.8308927477505833e+001 3.5274427116083036e-002 -9.9933793155300066e-001 -8.9114168908407260e-003 2.1288304882126322e+001 -4.8022789450846443e-003 8.7473669048566301e-003 -9.9995020960504100e-001 4.2669042772033527e-001 0 0 0 1</transform>
        <rotation_covariance>1.1940129750438166e-008 2.6579986753413592e-010 -1.2154373622359675e-010 2.6579986753413602e-010 5.7262657313138210e-009 1.3743002308662693e-010 -1.2154373622359675e-010 1.3743002308662693e-010 2.0407305968381053e-010</rotation_covariance>
        <location_covariance>3.3244500656798203e-006 1.7732921410912189e-006 -7.5373931967949871e-007 1.7732921410912189e-006 7.2744355783252237e-006 -1.1071665597822666e-006 -7.5373931967949871e-007 -1.1071665597822666e-006 3.0851183815498857e-006</location_covariance>
      </camera>
      <camera id="16" sensor_id="0" label="DSC00573.JPG">
        <transform>9.9937254687777288e-001 3.4679910387186465e-002 -7.1983583247550260e-003 2.9653011562088899e+001 3.4587052340393602e-002 -9.9932166859139260e-001 -1.2646679173515054e-002 2.1304738912510867e+001 -7.6320611526459340e-003 1.2389773979038610e-002 -9.9989411696604691e-001 4.0448733174602114e-001 0 0 0 1</transform>
        <rotation_covariance>1.1666326970543629e-008 4.4865825361565049e-010 -1.5433185301786677e-010 4.4865825361565049e-010 5.5736138164493353e-009 1.4505025500920671e-010 -1.5433185301786679e-010 1.4505025500920668e-010 2.0840029025788893e-010</rotation_covariance>
        <location_covariance>3.3728065758352824e-006 1.9697363968853272e-006 -7.1368553180835803e-007 1.9697363968853272e-006 7.1598622208661043e-006 -1.0936139430538127e-006 -7.1368553180835803e-007 -1.0936139430538127e-006 3.3085348549191207e-006</location_covariance>
      </camera>
      <camera id="17" sensor_id="0" label="DSC00574.JPG">
        <transform>9.9937625200892310e-001 3.4046915729603673e-002 -9.3762705751395062e-003 3.0955929916422225e+001 3.3926992992211684e-002 -9.9934406133930320e-001 -1.2665157416050319e-002 2.1289543384401281e+001 -9.8013298640225507e-003 1.2339148883459550e-002 -9.9987583196001317e-001 3.7992272311475311e-001 0 0 0 1</transform>
        <rotation_covariance>1.1878732019427965e-008 7.2187821911355637e-010 -1.9905832278991585e-010 7.2187821911355647e-010 5.7218260480905378e-009 1.4696342985980432e-010 -1.9905832278991585e-010 1.4696342985980434e-010 2.1501370733382297e-010</rotation_covariance>
        <location_covariance>3.5699399482385350e-006 2.1952676524023677e-006 -6.6378780058429614e-007 2.1952676524023677e-006 7.2543559576288963e-006 -1.0556187488830807e-006 -6.6378780058429614e-007 -1.0556187488830807e-006 3.5351163409376191e-006</location_covariance>
      </camera>
      <camera id="18" sensor_id="0" label="DSC00575.JPG">
        <transform>9.9937226875275842e-001 3.3619224517332832e-002 -1.1172116666799087e-002 3.2274015373480772e+001 3.3474015744989677e-002 -9.9935581886390157e-001 -1.2939767106283334e-002 2.1243689573042570e+001 -1.1599944735540182e-002 1.2557668800929404e-002 -9.9985386244011609e-001 3.4431766027693245e-001 0 0 0 1</transform>
        <rotation_covariance>1.2047737372259367e-008 7.9311606699279834e-010 -2.2627964955073816e-010 7.9311606699279813e-010 5.8776233612121202e-009 1.5257146558772230e-010 -2.2627964955073814e-010 1.5257146558772233e-010 2.2112661248327782e-010</rotation_covariance>
        <location_covariance>3.7978168225685684e-006 2.3353644676644102e-006 -6.2377135342345286e-007 2.3353644676644102e-006 7.3101067284380028e-006 -1.0192408382565242e-006 -6.2377135342345286e-007 -1.0192408382565242e-006 3.7732934680760788e-006</location_covariance>
      </camera>
      <camera id="19" sensor_id="0" label="DSC00576.JPG">
        <transform>9.9940042800308082e-001 3.2441647398997464e-002 -1.2096446639290385e-002 3.3731407908222138e+001 3.2280901276620852e-002 -9.9939093501537024e-001 -1.3255279019057655e-002 2.1215158627376830e+001 -1.2519102205315547e-002 1.2856847325185638e-002 -9.9983897381369857e-001 3.4440530600325803e-001 0 0 0 1</transform>
        <rotation_covariance>1.2048070752188897e-008 8.3347627779795419e-010 -2.3375275702143763e-010 8.3347627779795430e-010 6.1959860512110762e-009 1.5892907908438833e-010 -2.3375275702143768e-010 1.5892907908438835e-010 2.2759183139897802e-010</rotation_covariance>
        <location_covariance>4.1246145077884552e-006 2.4822785140623587e-006 -5.6713978527201070e-007 2.4822785140623587e-006 7.3149947873205411e-006 -9.9639305385518437e-007 -5.6713978527201070e-007 -9.9639305385518437e-007 4.0604751989360548e-006</location_covariance>
      </camera>
      <camera id="20" sensor_id="0" label="DSC00577.JPG">
        <transform>9.9938834918994657e-001 3.2450596106657029e-002 -1.3034044488073007e-002 3.4367661546991563e+001 3.2274843715809909e-002 -9.9938818620941061e-001 -1.3475449090271355e-002 2.1192052545889819e+001 -1.3463356435692263e-002 1.3046535072081979e-002 -9.9982424753358445e-001 3.4195793495749227e-001 0 0 0 1</transform>
        <rotation_covariance>1.1916702278657770e-008 8.3790041899898529e-010 -2.3924073067254813e-010 8.3790041899898529e-010 6.1788475928196410e-009 1.6080863265619286e-010 -2.3924073067254808e-010 1.6080863265619289e-010 2.2844503202330137e-010</rotation_covariance>
        <location_covariance>4.2080785538218261e-006 2.5400248827733734e-006 -5.4824587624191840e-007 2.5400248827733734e-006 7.2588235546111067e-006 -9.8848601987535915e-007 -5.4824587624191840e-007 -9.8848601987535915e-007 4.1884303750855801e-006</location_covariance>
      </camera>
      <camera id="21" sensor_id="0" label="DSC00578.JPG">
        <transform>9.9940499306896502e-001 3.1672306267602007e-002 -1.3657409875684283e-002 3.5475434061882659e+001 3.1508164001326722e-002 -9.9943060369005376e-001 -1.2070791564767926e-002 2.1184354245925494e+001 -1.4031943204229362e-002 1.1633289449927415e-002 -9.9983387177395000e-001 3.4118989359816976e-001 0 0 0 1</transform>
        <rotation_covariance>1.1920305560396619e-008 7.9811473469498371e-010 -2.3178496949718742e-010 7.9811473469498361e-010 6.1844284078990879e-009 1.6024143135835880e-010 -2.3178496949718745e-010 1.6024143135835882e-010 2.3060493022960487e-010</rotation_covariance>
        <location_covariance>4.3834958545420063e-006 2.6215239509931055e-006 -5.1429773824919502e-007 2.6215239509931055e-006 7.2676411962187891e-006 -9.7967191727308131e-007 -5.1429773824919502e-007 -9.7967191727308131e-007 4.4260372685348765e-006</location_covariance>
      </camera>
      <camera id="22" sensor_id="0" label="DSC00579.JPG">
        <transform>9.9940638258223358e-001 3.0861313588568185e-002 -1.5312144770795681e-002 3.6782700666525834e+001 3.0654038659768925e-002 -9.9943764102321064e-001 -1.3591601075864200e-002 2.1193700270159717e+001 -1.5722988511702892e-002 1.3114153786962289e-002 -9.9979038133136322e-001 2.9975836614468915e-001 0 0 0 1</transform>
        <rotation_covariance>1.1766423347481820e-008 7.5125558967257715e-010 -2.3245937498169602e-010 7.5125558967257736e-010 6.2286245280782217e-009 1.6562057448807335e-010 -2.3245937498169604e-010 1.6562057448807337e-010 2.3642822719568159e-010</rotation_covariance>
        <location_covariance>4.6172767484852802e-006 2.7184022733220527e-006 -4.6023292425136810e-007 2.7184022733220527e-006 7.1897947346422432e-006 -9.7626383594530134e-007 -4.6023292425136810e-007 -9.7626383594530134e-007 4.7192439230132898e-006</location_covariance>
      </camera>
      <camera id="23" sensor_id="0" label="DSC00580.JPG">
        <transform>9.9941131240932335e-001 3.0523250631264633e-002 -1.5663964988935214e-002 3.7372981854375602e+001 3.0304738035123832e-002 -9.9944261679223578e-001 -1.4002806579781788e-002 2.1190630142414857e+001 -1.6082645332659178e-002 1.3519870945732593e-002 -9.9977925644049781e-001 2.8997232696752290e-001 0 0 0 1</transform>
        <rotation_covariance>1.1857353524137420e-008 6.7471976442276153e-010 -2.2411818844872828e-010 6.7471976442276164e-010 6.2735681482683455e-009 1.7011142926400385e-010 -2.2411818844872828e-010 1.7011142926400383e-010 2.3966733383433566e-010</rotation_covariance>
        <location_covariance>4.7478520947823331e-006 2.7357180748193647e-006 -4.4158423300940372e-007 2.7357180748193647e-006 7.2275286661137720e-006 -9.6823707211964437e-007 -4.4158423300940372e-007 -9.6823707211964437e-007 4.8571094003066842e-006</location_covariance>
      </camera>
      <camera id="24" sensor_id="0" label="DSC00581.JPG">
        <transform>9.9943764028597226e-001 2.9531626431145569e-002 -1.5883520388755047e-002 3.8243776842984161e+001 2.9323233987587662e-002 -9.9948286322739466e-001 -1.3196744419678974e-002 2.1195729795221059e+001 -1.6265027762592858e-002 1.2723566917354935e-002 -9.9978675712212839e-001 2.8646897788361148e-001 0 0 0 1</transform>
        <rotation_covariance>1.1766604137835574e-008 7.6627993660153011e-010 -2.0267479564222372e-010 7.6627993660153001e-010 6.2398760401790899e-009 1.5973060293686161e-010 -2.0267479564222369e-010 1.5973060293686163e-010 2.4373027504937837e-010</rotation_covariance>
        <location_covariance>4.8977160502387880e-006 2.8563448278990541e-006 -4.1045747631187042e-007 2.8563448278990541e-006 7.1990119259074010e-006 -9.6791922886189854e-007 -4.1045747631187042e-007 -9.6791922886189854e-007 5.0689266424256846e-006</location_covariance>
      </camera>
      <camera id="25" sensor_id="0" label="DSC00582.JPG">
        <transform>9.9941491175253439e-001 2.8321309118486546e-002 -1.9176486030791508e-002 3.8564343769415139e+001 2.8100764771368841e-002 -9.9953692240401570e-001 -1.1674235322834816e-002 2.1226223814591410e+001 -1.9498235457040901e-002 1.1128530941856563e-002 -9.9974795554336493e-001 2.8478614696227433e-001 0 0 0 1</transform>
        <rotation_covariance>1.2007930956036773e-008 7.9832863634147839e-010 -2.2805779471200168e-010 7.9832863634147839e-010 6.2851507416660219e-009 1.4402891779673233e-010 -2.2805779471200165e-010 1.4402891779673231e-010 2.4777459432874946e-010</rotation_covariance>
        <location_covariance>4.9817230332266102e-006 2.9018592603524590e-006 -4.0525480069777335e-007 2.9018592603524590e-006 7.3143434002235382e-006 -9.8071469436841733e-007 -4.0525480069777335e-007 -9.8071469436841733e-007 5.1546089207550392e-006</location_covariance>
      </camera>
      <camera id="26" sensor_id="0" label="DSC00583.JPG">
        <transform>9.9950065349381312e-001 2.5225298031859467e-002 -1.9029661180487503e-002 3.8451694536065332e+001 2.5016796101902147e-002 -9.9962522325466430e-001 -1.1116336890285662e-002 1.9249641969273860e+001 -1.9302942217085450e-002 1.0634724832657365e-002 -9.9975712002940875e-001 2.4100577082967722e-001 0 0 0 1</transform>
        <rotation_covariance>1.1134613514604406e-008 7.4189717932522746e-010 -2.3488916903737185e-010 7.4189717932522736e-010 6.1106689405871276e-009 1.5958826153996255e-010 -2.3488916903737185e-010 1.5958826153996253e-010 2.3074468375491201e-010</rotation_covariance>
        <location_covariance>4.8583154815674429e-006 2.6957148030316256e-006 -2.7330625774406538e-007 2.6957148030316256e-006 6.5816557923128107e-006 -6.6778163944476459e-007 -2.7330625774406538e-007 -6.6778163944476459e-007 4.8256976415257496e-006</location_covariance>
      </camera>
      <camera id="27" sensor_id="0" label="DSC00584.JPG">
        <transform>9.9952392436468462e-001 2.4889463682931101e-002 -1.8232915844611199e-002 3.7904436553394362e+001 2.4697864920632064e-002 -9.9963813192642348e-001 -1.0659299555436298e-002 1.9269494528072297e+001 -1.8491622183649341e-002 1.0203910829988967e-002 -9.9977694517966897e-001 2.6538091577482908e-001 0 0 0 1</transform>
        <rotation_covariance>1.0869869524642262e-008 7.7623932508944582e-010 -2.3775974544394015e-010 7.7623932508944572e-010 6.0286627135961127e-009 1.5583484957560329e-010 -2.3775974544394025e-010 1.5583484957560329e-010 2.2470440909830304e-010</rotation_covariance>
        <location_covariance>4.7103651168271344e-006 2.6735545747355400e-006 -2.9178267234138428e-007 2.6735545747355400e-006 6.4759181623316580e-006 -6.8375138511607047e-007 -2.9178267234138428e-007 -6.8375138511607047e-007 4.6967619226296506e-006</location_covariance>
      </camera>
      <camera id="28" sensor_id="0" label="DSC00585.JPG">
        <transform>9.9956062248183297e-001 2.3694576137803465e-002 -1.7808117401375511e-002 3.6378308884738153e+001 2.3571898720426393e-002 -9.9969716220283955e-001 -7.0674942025821096e-003 1.9245254569262681e+001 -1.7970185709816667e-002 6.6446177647330306e-003 -9.9981644389373558e-001 2.5308882058019166e-001 0 0 0 1</transform>
        <rotation_covariance>1.1584020561924108e-008 8.1971629596978653e-010 -2.8452589969927092e-010 8.1971629596978642e-010 6.1528158494477574e-009 1.5113253110541793e-010 -2.8452589969927092e-010 1.5113253110541793e-010 2.2256083992250339e-010</rotation_covariance>
        <location_covariance>4.4905853917996532e-006 2.5571430161532412e-006 -3.5543262699998174e-007 2.5571430161532412e-006 6.7586384011857711e-006 -6.5588792833412451e-007 -3.5543262699998174e-007 -6.5588792833412451e-007 4.3417655695229611e-006</location_covariance>
      </camera>
      <camera id="29" sensor_id="0" label="DSC00586.JPG">
        <transform>9.9958618561249291e-001 2.3734432793158924e-002 -1.6252207008694345e-002 3.4306513259347255e+001 2.3627098978076359e-002 -9.9969795354715141e-001 -6.7647518444961504e-003 1.9208942055102010e+001 -1.6407855635232001e-002 6.3779599892483758e-003 -9.9984503994360496e-001 2.8755936542238147e-001 0 0 0 1</transform>
        <rotation_covariance>1.1890169666174731e-008 8.6899274393214265e-010 -2.9469146735839709e-010 8.6899274393214286e-010 6.0967069006365709e-009 1.5711674318230092e-010 -2.9469146735839703e-010 1.5711674318230090e-010 2.1760236706453723e-010</rotation_covariance>
        <location_covariance>4.1462239973150403e-006 2.4026188522415165e-006 -4.4719597186751900e-007 2.4026188522415165e-006 6.8838820026188634e-006 -6.4832256282378518e-007 -4.4719597186751900e-007 -6.4832256282378518e-007 3.8954647533414184e-006</location_covariance>
      </camera>
      <camera id="30" sensor_id="0" label="DSC00587.JPG">
        <transform>9.9961366455050160e-001 2.3358826928179709e-002 -1.5062763639408096e-002 3.2881668743656917e+001 2.3246567609504259e-002 -9.9970098541358510e-001 -7.5853053652233963e-003 1.9232585111243683e+001 -1.5235443488591838e-002 7.2322173395360572e-003 -9.9985777803348597e-001 3.3420339181269004e-001 0 0 0 1</transform>
        <rotation_covariance>1.2208529558643363e-008 1.0902827786261594e-009 -2.9559496020675770e-010 1.0902827786261594e-009 6.0690291105818840e-009 1.5890127731586008e-010 -2.9559496020675770e-010 1.5890127731586008e-010 2.1491570296355652e-010</rotation_covariance>
        <location_covariance>3.9364811509521658e-006 2.3847900242959917e-006 -4.9380402987666348e-007 2.3847900242959917e-006 7.0428317751052052e-006 -6.5518077669689787e-007 -4.9380402987666348e-007 -6.5518077669689787e-007 3.6173144132818097e-006</location_covariance>
      </camera>
      <camera id="31" sensor_id="0" label="DSC00588.JPG">
        <transform>9.9962112789565816e-001 2.2878659147128999e-002 -1.5302536398952283e-002 3.1045442475010542e+001 2.2723980094831543e-002 -9.9968967366014239e-001 -1.0206718666045209e-002 1.9328488602968783e+001 -1.5531303656212143e-002 9.8551170925355557e-003 -9.9983081332484991e-001 3.5391450755157294e-001 0 0 0 1</transform>
        <rotation_covariance>1.2891740524986731e-008 1.2247414557146349e-009 -3.1101821399500093e-010 1.2247414557146351e-009 5.8379678594409320e-009 1.6542430756046684e-010 -3.1101821399500087e-010 1.6542430756046682e-010 2.0842894418615377e-010</rotation_covariance>
        <location_covariance>3.6171101993079095e-006 2.3071488654966963e-006 -5.7101668671284999e-007 2.3071488654966963e-006 7.3613901851280246e-006 -6.8785746291647194e-007 -5.7101668671284999e-007 -6.8785746291647194e-007 3.2837380309449255e-006</location_covariance>
      </camera>
      <camera id="32" sensor_id="0" label="DSC00589.JPG">
        <transform>9.9963246595493715e-001 2.2666054318128858e-002 -1.4872222110342051e-002 2.9469793773077534e+001 2.2469827871201265e-002 -9.9965996307117733e-001 -1.3231215664891495e-002 1.9383487018915730e+001 -1.5167064458566191e-002 1.2892176471795419e-002 -9.9980185634030994e-001 3.7296190974002491e-001 0 0 0 1</transform>
        <rotation_covariance>1.1874325666717512e-008 6.3832586135695275e-010 -2.3309439862536807e-010 6.3832586135695285e-010 5.5504196296928035e-009 1.9080033273874737e-010 -2.3309439862536807e-010 1.9080033273874742e-010 1.9722970232244764e-010</rotation_covariance>
        <location_covariance>3.3367855455054635e-006 1.9390510789792035e-006 -6.5720044789223789e-007 1.9390510789792035e-006 6.9030347281338130e-006 -7.5343780703717023e-007 -6.5720044789223789e-007 -7.5343780703717023e-007 3.0150249534181278e-006</location_covariance>
      </camera>
      <camera id="33" sensor_id="0" label="DSC00590.JPG">
        <transform>9.9964524816918021e-001 2.2359735221576651e-002 -1.4471352860014063e-002 2.8569262367820361e+001 2.2157977594028412e-002 -9.9965707943850035e-001 -1.3955198222540016e-002 1.9402754713489596e+001 -1.4778424872786258e-002 1.3629591677993647e-002 -9.9979789577142564e-001 3.7652238882907896e-001 0 0 0 1</transform>
        <rotation_covariance>1.1913970209151538e-008 5.5228965272010885e-010 -2.0413547589871368e-010 5.5228965272010885e-010 5.7874056008932693e-009 2.1148879520273354e-010 -2.0413547589871368e-010 2.1148879520273356e-010 1.9750564863520941e-010</rotation_covariance>
        <location_covariance>3.3686708527877391e-006 1.8396818363320290e-006 -7.1273331934015734e-007 1.8396818363320290e-006 6.9161478045716786e-006 -7.7600505660894457e-007 -7.1273331934015734e-007 -7.7600505660894457e-007 2.8736080198360447e-006</location_covariance>
      </camera>
      <camera id="34" sensor_id="0" label="DSC00591.JPG">
        <transform>9.9966633074370304e-001 2.2114299215781993e-002 -1.3348593469598444e-002 2.7000779491298136e+001 2.1921220575473063e-002 -9.9965539368006706e-001 -1.4441397952815597e-002 1.9442735622119983e+001 -1.3663354855349351e-002 1.4143961840481402e-002 -9.9980661183928554e-001 3.9804534639885863e-001 0 0 0 1</transform>
        <rotation_covariance>1.1981393435121769e-008 5.2069236809443333e-010 -1.6729745698420166e-010 5.2069236809443353e-010 5.8537533003049168e-009 2.1740374274229153e-010 -1.6729745698420166e-010 2.1740374274229151e-010 1.9401376310805695e-010</rotation_covariance>
        <location_covariance>3.2626221711381311e-006 1.7134596974115759e-006 -7.5487069279117351e-007 1.7134596974115759e-006 6.9498751506995544e-006 -8.0529218623756211e-007 -7.5487069279117351e-007 -8.0529218623756211e-007 2.6355388097195198e-006</location_covariance>
      </camera>
      <camera id="35" sensor_id="0" label="DSC00592.JPG">
        <transform>9.9970308431542432e-001 2.1522508005641098e-002 -1.1424747672274289e-002 2.5458929385799774e+001 2.1346627438275093e-002 -9.9965506143520833e-001 -1.5299661564275412e-002 1.9509289195166648e+001 -1.1750093924709824e-002 1.5051239022651935e-002 -9.9981768112823621e-001 3.9385495122351383e-001 0 0 0 1</transform>
        <rotation_covariance>1.1368928424742317e-008 3.7330744353947864e-010 -1.0756349815567387e-010 3.7330744353947870e-010 5.4917175234854044e-009 2.0532465120828950e-010 -1.0756349815567390e-010 2.0532465120828950e-010 1.8387139937169042e-010</rotation_covariance>
        <location_covariance>2.9711712095886202e-006 1.5432534506492489e-006 -7.7342020435949126e-007 1.5432534506492489e-006 6.6729177879833243e-006 -8.4723919407448257e-007 -7.7342020435949126e-007 -8.4723919407448257e-007 2.4149668435829961e-006</location_covariance>
      </camera>
      <camera id="36" sensor_id="0" label="DSC00593.JPG">
        <transform>9.9970886299142059e-001 2.1388964766621759e-002 -1.1166980013119452e-002 2.4575297776690075e+001 2.1226767042251741e-002 -9.9967030456120221e-001 -1.4446679184060330e-002 1.9497290851012149e+001 -1.1472297822806536e-002 1.4205434337794809e-002 -9.9983328211154254e-001 4.0288908468177465e-001 0 0 0 1</transform>
        <rotation_covariance>1.1423543498106220e-008 3.8660235670353012e-010 -9.4926763624582627e-011 3.8660235670353012e-010 5.3733699761685701e-009 1.9385747977743357e-010 -9.4926763624582614e-011 1.9385747977743362e-010 1.8095007814034064e-010</rotation_covariance>
        <location_covariance>2.8484279222838818e-006 1.4813671854273241e-006 -7.8073856417362388e-007 1.4813671854273241e-006 6.6930102647795889e-006 -8.5117845501508426e-007 -7.8073856417362388e-007 -8.5117845501508426e-007 2.2921987895957818e-006</location_covariance>
      </camera>
      <camera id="37" sensor_id="0" label="DSC00594.JPG">
        <transform>9.9971599863460381e-001 2.1276926665176894e-002 -1.0733800151899630e-002 2.3003054732175659e+001 2.1148246920401993e-002 -9.9970477996692120e-001 -1.1962631963051145e-002 1.9426967140344917e+001 -1.0985159362064064e-002 1.1732233503233288e-002 -9.9987083214324024e-001 4.3194741867536346e-001 0 0 0 1</transform>
        <rotation_covariance>1.1608623028669675e-008 2.0426895310755787e-010 -8.7984947387960434e-011 2.0426895310755782e-010 5.2181515520806342e-009 1.7896661380140559e-010 -8.7984947387960447e-011 1.7896661380140557e-010 1.7588555498044405e-010</rotation_covariance>
        <location_covariance>2.6714821817389797e-006 1.2765828196523969e-006 -7.8397119687903072e-007 1.2765828196523969e-006 6.7644794050065577e-006 -8.4824312880831755e-007 -7.8397119687903072e-007 -8.4824312880831755e-007 2.0805272204748398e-006</location_covariance>
      </camera>
      <camera id="38" sensor_id="0" label="DSC00595.JPG">
        <transform>9.9972006565240179e-001 2.1284154111707549e-002 -1.0333204522637461e-002 2.1435070642778907e+001 2.1135390793998000e-002 -9.9967437135808790e-001 -1.4298479142784676e-002 1.9416954738285213e+001 -1.0634170768920219e-002 1.4076080191613941e-002 -9.9984437708000173e-001 4.4181443511762775e-001 0 0 0 1</transform>
        <rotation_covariance>1.1146782889378967e-008 3.9604079759795701e-011 -8.2233838222873995e-011 3.9604079759795708e-011 4.9859420239149153e-009 1.8216544019608452e-010 -8.2233838222874021e-011 1.8216544019608452e-010 1.6959878582241019e-010</rotation_covariance>
        <location_covariance>2.4761580218334971e-006 1.0849218986767128e-006 -7.8075283646755543e-007 1.0849218986767128e-006 6.5387303208185350e-006 -8.6729083428204719e-007 -7.8075283646755543e-007 -8.6729083428204719e-007 1.8892922402181435e-006</location_covariance>
      </camera>
      <camera id="39" sensor_id="0" label="DSC00596.JPG">
        <transform>9.9972494403629131e-001 2.1194593668859105e-002 -1.0041188716755807e-002 2.0525462180328788e+001 2.1050387445595446e-002 -9.9967677382598841e-001 -1.4255843056585053e-002 1.9435018299103877e+001 -1.0340089942735709e-002 1.4040550989032598e-002 -9.9984796117604824e-001 4.5494763916228881e-001 0 0 0 1</transform>
        <rotation_covariance>1.1278333443680477e-008 4.5749795005380391e-011 -7.9486847126277622e-011 4.5749795005380385e-011 4.9716998277164285e-009 1.7818062443434701e-010 -7.9486847126277635e-011 1.7818062443434703e-010 1.6766362778982645e-010</rotation_covariance>
        <location_covariance>2.4227594496475263e-006 1.0232596711144767e-006 -7.7824198199174551e-007 1.0232596711144767e-006 6.6040956985969789e-006 -8.8861131021808822e-007 -7.7824198199174551e-007 -8.8861131021808822e-007 1.7888668875234323e-006</location_covariance>
      </camera>
      <camera id="40" sensor_id="0" label="DSC00597.JPG">
        <transform>9.9973377611951242e-001 2.1071060427166471e-002 -9.4014519248902129e-003 1.8931856651394256e+001 2.0947167140006454e-002 -9.9969492013889771e-001 -1.3087506916576709e-002 1.9456205730325678e+001 -9.6743513803229566e-003 1.2887088924870053e-002 -9.9987015650253930e-001 4.5589713490011691e-001 0 0 0 1</transform>
        <rotation_covariance>1.1082978629997743e-008 8.0590593156460220e-011 -7.7248659860582088e-011 8.0590593156460220e-011 4.7358000392045520e-009 1.5534459955601998e-010 -7.7248659860582088e-011 1.5534459955601995e-010 1.6075334195120879e-010</rotation_covariance>
        <location_covariance>2.2227725464753759e-006 9.2580904792187751e-007 -7.4088732383685758e-007 9.2580904792187751e-007 6.5147916247979719e-006 -9.4059069014478805e-007 -7.4088732383685758e-007 -9.4059069014478805e-007 1.6177570693768615e-006</location_covariance>
      </camera>
      <camera id="41" sensor_id="0" label="DSC00598.JPG">
        <transform>9.9975560749276016e-001 2.0498629519493577e-002 -8.2783739107544947e-003 1.7916829084407514e+001 2.0387942239491613e-002 -9.9970446355425935e-001 -1.3240746237640967e-002 1.9458778626420042e+001 -8.5473445012394303e-003 1.3068731289340836e-002 -9.9987806814854385e-001 4.6149495784152361e-001 0 0 0 1</transform>
