<?xml version="1.0" encoding="UTF-8"?>
<document version="1.4.0">
  <chunk label="SONY-A-9" enabled="1">
    <sensors next_id="1">
      <sensor id="0" label="SONY-A-9" type="frame">
        <resolution width="6000" height="4000"/>
        <property name="pixel_width" value="0.006"/>
        <property name="pixel_height" value="0.006"/>
        <property name="focal_length" value="55"/>
        <property name="fixed" value="1"/>
        <property name="layer_index" value="0"/>
        <calibration type="frame" class="initial">
          <resolution width="6000" height="4000"/>
          <f>9227.77018581081</f>
          <cx>-37.8304617831239</cx>
          <cy>31.7622333680372</cy>
          <k1>-0.017282082281574</k1>
        </calibration>
      </sensor>
    </sensors>
    <cameras next_id="574" next_group_id="0">
      <camera id="0" sensor_id="0" label="_DSC0580.JPG" enabled="1"/>
      <camera id="1" sensor_id="0" label="_DSC0581.JPG" enabled="1">
        <transform>-9.9668338039865034e-001 7.5445803397181418e-002 3.0498688281187646e-002 -2.2254933444158944e+001 7.8950534308083006e-002 9.8732460470414207e-001 1.3768419690827724e-001 2.9957018896501488e+001 -1.9724410500377751e-002 1.3963543853751062e-001 -9.9000651105679582e-001 5.4357217095379950e-001 0.0000000000000000e+000 0.0000000000000000e+000 0.0000000000000000e+000 1.0000000000000000e+000</transform>
      </camera>
      <camera id="2" sensor_id="0" label="_DSC0582.JPG" enabled="1">
        <transform>-9.9658022969989479e-001 7.6839370244215568e-002 3.0390079825123567e-002 -2.2287274244741173e+001 8.0312436405048690e-002 9.8723888863102993e-001 1.3751105167677849e-001 2.9944620035998653e+001 -1.9436006019499831e-002 1.3948149681961761e-001 -9.9003391543672326e-001 5.3142054083585144e-001 0.0000000000000000e+000 0.0000000000000000e+000 0.0000000000000000e+000 1.0000000000000000e+000</transform>
      </camera>
      <camera id="3" sensor_id="0" label="_DSC0583.JPG" enabled="1">
        <transform>-9.9725073362928751e-001 6.9961617396997397e-002 2.4420204074579142e-002 -2.2322832413587271e+001 7.2690886790793927e-002 9.8761049529937217e-001 1.3907388163165801e-001 2.9845479515206758e+001 -1.4387816144777495e-002 1.4046665677563697e-001 -9.8998086298718901e-001 2.9752883233224745e+000 0.0000000000000000e+000 0.0000000000000000e+000 0.0000000000000000e+000 1.0000000000000000e+000</transform>
      </camera>
      <camera id="4" sensor_id="0" label="_DSC0584.JPG" enabled="1">
        <transform>-9.9719991962111454e-001 7.0699567971194408e-002 2.4369887080762757e-002 -2.2293062990897813e+001 7.3420360945201421e-002 9.8750028263390766e-001 1.3947272993897059e-001 2.9838377570236389e+001 -1.4204608629561348e-002 1.4087144099014226e-001 -9.8992599026747541e-001 2.9970861691695787e+000 0.0000000000000000e+000 0.0000000000000000e+000 0.0000000000000000e+000 1.0000000000000000e+000</transform>
      </camera>
      <camera id="5" sensor_id="0" label="_DSC0585.JPG" enabled="1">
        <transform>-9.9734965211705195e-001 6.8871300761343734e-002 2.3460932492892078e-002 -2.2258109494202632e+001 7.1482974399168731e-002 9.8763067390079873e-001 1.3955585384103880e-001 2.9826197217499239e+001 -1.3559343385403842e-002 1.4086303951602824e-001 -9.8993623446425205e-001 2.9898531798435739e+000 0.0000000000000000e+000 0.0000000000000000e+000 0.0000000000000000e+000 1.0000000000000000e+000</transform>
      </camera>
      <camera id="6" sensor_id="0" label="_DSC0586.JPG" enabled="1">
        <transform>-9.9745061977380822e-001 6.7519434638561443e-002 2.3095173931687630e-002 -2.2226497523280308e+001 7.0101906255655433e-002 9.8763362879216698e-001 1.4023386901222951e-001 2.9843946854909049e+001 -1.3341058884855098e-002 1.4149537527744460e-001 -9.8984901622566956e-001 3.0018405626256213e+000 0.0000000000000000e+000 0.0000000000000000e+000 0.0000000000000000e+000 1.0000000000000000e+000</transform>
      </camera>
      <camera id="7" sensor_id="0" label="_DSC0587.JPG" enabled="1">
        <transform>8.7234541932080689e-001 -4.8716968959950580e-001 -4.0977590528552599e-002 -9.6232831604317925e-001 -4.7997808585918700e-001 -8.6936074191441504e-001 1.1761350905813797e-001 2.5715716100443625e+001 -9.2922045204329340e-002 -8.2931260412096724e-002 -9.9221363604896373e-001 2.8222784069262730e+000 0.0000000000000000e+000 0.0000000000000000e+000 0.0000000000000000e+000 1.0000000000000000e+000</transform>
      </camera>
      <camera id="8" sensor_id="0" label="_DSC0588.JPG" enabled="1">
        <transform>9.8305338002209064e-001 -1.7949195705621285e-001 -3.7265122826481978e-002 -2.1985877160130340e+000 -1.7527377123299420e-001 -9.7984534709884208e-001 9.5823801252682611e-002 2.5637218722947317e+001 -5.3713658830004798e-002 -8.7668313094756506e-002 -9.9470051258366887e-001 2.7896438416801028e+000 0.0000000000000000e+000 0.0000000000000000e+000 0.0000000000000000e+000 1.0000000000000000e+000</transform>
      </camera>
      <camera id="9" sensor_id="0" label="_DSC0589.JPG" enabled="1">
        <transform>9.9242197223431394e-001 -1.1824055794216291e-001 -3.3433508402208129e-002 -3.3806122443475584e+000 -1.1500403615609404e-001 -9.8962096008241807e-001 8.6165114944280682e-002 2.5701472126846127e+001 -4.3274711950079148e-002 -8.1667164901686781e-002 -9.9571972637010586e-001 2.7776229901510976e+000 0.0000000000000000e+000 0.0000000000000000e+000 0.0000000000000000e+000 1.0000000000000000e+000</transform>
      </camera>
      <camera id="10" sensor_id="0" label="_DSC0590.JPG" enabled="1">
        <transform>9.9605299980535411e-001 -8.3638222118916500e-002 -2.9716483297006446e-002 -4.5634069176832117e+000 -8.1198766487581925e-002 -9.9383285659546361e-001 7.5518298922816571e-002 2.5898416749308552e+001 -3.5849433742384564e-002 -7.2807286394203155e-002 -9.9670151858430667e-001 2.7930970433904085e+000 0.0000000000000000e+000 0.0000000000000000e+000 0.0000000000000000e+000 1.0000000000000000e+000</transform>
      </camera>
      <camera id="11" sensor_id="0" label="_DSC0591.JPG" enabled="1">
        <transform>9.9799816009369580e-001 -5.7591303506264235e-002 -2.6132627308561973e-002 -5.7614709945262339e+000 -5.5755811018041973e-002 -9.9624514593048807e-001 6.6233667780525002e-002 2.6092843458745154e+001 -2.9848986370046668e-002 -6.4644032751599911e-002 -9.9746187247548013e-001 2.7992694862334648e+000 0.0000000000000000e+000 0.0000000000000000e+000 0.0000000000000000e+000 1.0000000000000000e+000</transform>
      </camera>
      <camera id="12" sensor_id="0" label="_DSC0592.JPG" enabled="1">
        <transform>9.9924962084463598e-001 -3.1460914222369712e-002 -2.2592169398792682e-002 -6.9142361690132113e+000 -3.0122251588947570e-002 -9.9790072751916281e-001 5.7330515224772213e-002 2.6303028949146462e+001 -2.4348412701102204e-002 -5.6606968590610721e-002 -9.9809959718753438e-001 2.8062779005469922e+000 0.0000000000000000e+000 0.0000000000000000e+000 0.0000000000000000e+000 1.0000000000000000e+000</transform>
      </camera>
      <camera id="13" sensor_id="0" label="_DSC0593.JPG" enabled="1">
        <transform>9.9978333398528885e-001 -7.6232423362943081e-003 -1.9369338180288964e-002 -7.9533442190500736e+000 -6.6601785045998169e-003 -9.9876141077713798e-001 4.9308076060092791e-002 2.6495720573202629e+001 -1.9721234939707406e-002 -4.9168389425963098e-002 -9.9859578527736115e-001 2.8132630405198231e+000 0.0000000000000000e+000 0.0000000000000000e+000 0.0000000000000000e+000 1.0000000000000000e+000</transform>
      </camera>
      <camera id="14" sensor_id="0" label="_DSC0594.JPG" enabled="1">
        <transform>9.9973148980286652e-001 1.5687886992639410e-002 -1.7053987752028373e-002 -8.9859081370258842e+000 1.6378041873560203e-002 -9.9902029401756287e-001 4.1112186580746606e-002 2.6722946982653792e+001 -1.6392316521104244e-002 -4.1380458464937146e-002 -9.9900898375154945e-001 2.8299022590102276e+000 0.0000000000000000e+000 0.0000000000000000e+000 0.0000000000000000e+000 1.0000000000000000e+000</transform>
      </camera>
      <camera id="15" sensor_id="0" label="_DSC0595.JPG" enabled="1">
        <transform>9.9915562014727710e-001 3.8674602966574073e-002 -1.3868014042738385e-002 -1.0036527872765973e+001 3.9131560707758237e-002 -9.9864344496311785e-001 3.4350993999754290e-002 2.6877415516677470e+001 -1.2520690263989493e-002 -3.4864665745909323e-002 -9.9931360813197134e-001 2.8525890025324370e+000 0.0000000000000000e+000 0.0000000000000000e+000 0.0000000000000000e+000 1.0000000000000000e+000</transform>
      </camera>
      <camera id="16" sensor_id="0" label="_DSC0596.JPG" enabled="1">
        <transform>9.9897694039441309e-001 4.3842523200722447e-002 -1.1086285203406654e-002 -1.1042485997592427e+001 4.4160215130333011e-002 -9.9856635758042511e-001 3.0250700953949480e-002 2.6989691003051252e+001 -9.7441243762518975e-003 -3.0709325423341469e-002 -9.9948085993288704e-001 2.8721371023668238e+000 0.0000000000000000e+000 0.0000000000000000e+000 0.0000000000000000e+000 1.0000000000000000e+000</transform>
      </camera>
      <camera id="17" sensor_id="0" label="_DSC0597.JPG" enabled="1">
        <transform>9.9898281873873562e-001 4.4249964125145931e-002 -8.6757443331957930e-003 -1.2070970258414984e+001 4.4446860453739946e-002 -9.9872356103915916e-001 2.3994274756005515e-002 2.7141903286278133e+001 -7.6029244779524698e-003 -2.4355477827055941e-002 -9.9967445012823963e-001 2.9012473409464823e+000 0.0000000000000000e+000 0.0000000000000000e+000 0.0000000000000000e+000 1.0000000000000000e+000</transform>
      </camera>
      <camera id="18" sensor_id="0" label="_DSC0598.JPG" enabled="1">
        <transform>9.9896875297494692e-001 4.4964135612834827e-002 -6.2973874162850522e-003 -1.3126988361042272e+001 4.5076034677032376e-002 -9.9880427984632558e-001 1.8925159403766739e-002 2.7241914346053871e+001 -5.4389040693104207e-003 -1.9189504142984114e-002 -9.9980107084023029e-001 2.9077431467395041e+000 0.0000000000000000e+000 0.0000000000000000e+000 0.0000000000000000e+000 1.0000000000000000e+000</transform>
      </camera>
      <camera id="19" sensor_id="0" label="_DSC0599.JPG" enabled="1">
        <transform>9.9894473310340715e-001 4.5700625444304602e-002 -4.5687021091996936e-003 -1.4143585866930284e+001 4.5766714885415824e-002 -9.9883043791783988e-001 1.5593719808090673e-002 2.7328528303820711e+001 -3.8507159802151033e-003 -1.5786358758610588e-002 -9.9986797271619021e-001 2.9158254527585674e+000 0.0000000000000000e+000 0.0000000000000000e+000 0.0000000000000000e+000 1.0000000000000000e+000</transform>
      </camera>
      <camera id="20" sensor_id="0" label="_DSC0600.JPG" enabled="1">
        <transform>9.9894302206498597e-001 4.5898430574653447e-002 -2.4844996393834739e-003 -1.5196054157557018e+001 4.5925979345575275e-002 -9.9886683489848438e-001 1.2484012216980377e-002 2.7418998776006216e+001 -1.9086877230631975e-003 -1.2584919970648988e-002 -9.9991898506854449e-001 2.9274468771305449e+000 0.0000000000000000e+000 0.0000000000000000e+000 0.0000000000000000e+000 1.0000000000000000e+000</transform>
      </camera>
      <camera id="21" sensor_id="0" label="_DSC0601.JPG" enabled="1">
        <transform>9.9885537036486283e-001 4.7826193387594425e-002 -7.7737978113154673e-004 -1.6258539225737550e+001 4.7830438438446622e-002 -9.9883146113724930e-001 6.9254170425757256e-003 2.7550604535762989e+001 -4.4525504787820903e-004 -6.9546724207578178e-003 -9.9997571684489539e-001 2.9272395281193910e+000 0.0000000000000000e+000 0.0000000000000000e+000 0.0000000000000000e+000 1.0000000000000000e+000</transform>
      </camera>
      <camera id="22" sensor_id="0" label="_DSC0602.JPG" enabled="1">
        <transform>9.9885048287522493e-001 4.7922978184368935e-002 1.0492958930895966e-003 -1.7338357980856259e+001 4.7916278805973177e-002 -9.9883520751317134e-001 5.6796529390599430e-003 2.7653601174716336e+001 1.3202595650102220e-003 -5.6228457261804678e-003 -9.9998332012120106e-001 2.9125351874911933e+000 0.0000000000000000e+000 0.0000000000000000e+000 0.0000000000000000e+000 1.0000000000000000e+000</transform>
      </camera>
      <camera id="23" sensor_id="0" label="_DSC0603.JPG" enabled="1">
        <transform>9.9857716193372170e-001 5.3243452542786486e-002 2.9641905668711267e-003 -1.8464011490134819e+001 5.3236301004072568e-002 -9.9857895804957930e-001 2.4414741490254477e-003 2.7787752776623808e+001 3.0899708407146377e-003 -2.2801977854169969e-003 -9.9999262636194619e-001 2.8860432065366055e+000 0.0000000000000000e+000 0.0000000000000000e+000 0.0000000000000000e+000 1.0000000000000000e+000</transform>
      </camera>
      <camera id="24" sensor_id="0" label="_DSC0604.JPG" enabled="1">
        <transform>9.9877084387092463e-001 4.9387286848252714e-002 4.2068195978128622e-003 -1.9515009291794208e+001 4.9389665602838216e-002 -9.9877947826364921e-001 -4.6339079895887659e-004 2.7966652212801939e+001 4.1787994687418027e-003 6.7059463250562302e-004 -9.9999104392881388e-001 2.8598791652442621e+000 0.0000000000000000e+000 0.0000000000000000e+000 0.0000000000000000e+000 1.0000000000000000e+000</transform>
      </camera>
      <camera id="25" sensor_id="0" label="_DSC0605.JPG" enabled="1">
        <transform>9.9855562310300272e-001 5.3411533423422392e-002 5.8202806402654446e-003 -2.0526733496522059e+001 5.3429102618692659e-002 -9.9856741685104433e-001 -2.9060276657146993e-003 2.8075558460729429e+001 5.6567272105012964e-003 3.2128026380906405e-003 -9.9997883944435273e-001 2.8192352629858930e+000 0.0000000000000000e+000 0.0000000000000000e+000 0.0000000000000000e+000 1.0000000000000000e+000</transform>
      </camera>
      <camera id="26" sensor_id="0" label="_DSC0606.JPG" enabled="1">
        <transform>9.9867345235921223e-001 5.0943688919230762e-002 7.4883985092162736e-003 -2.1599398414861557e+001 5.0981443510691254e-002 -9.9868738146068492e-001 -4.9402964249820585e-003 2.8160890583845479e+001 7.2268921742602230e-003 5.3155122519978597e-003 -9.9995975786978575e-001 2.8087134453637153e+000 0.0000000000000000e+000 0.0000000000000000e+000 0.0000000000000000e+000 1.0000000000000000e+000</transform>
      </camera>
      <camera id="27" sensor_id="0" label="_DSC0607.JPG" enabled="1">
        <transform>9.9854834865102826e-001 5.3050701627249917e-002 9.3176425753245268e-003 -2.2665799362606698e+001 5.3112019223909672e-002 -9.9856765656378399e-001 -6.4613217434012311e-003 2.8204553970029384e+001 8.9615188592139117e-003 6.9468209685584368e-003 -9.9993571436276185e-001 2.8109807282149921e+000 0.0000000000000000e+000 0.0000000000000000e+000 0.0000000000000000e+000 1.0000000000000000e+000</transform>
      </camera>
      <camera id="28" sensor_id="0" label="_DSC0608.JPG" enabled="1">
        <transform>9.9847983771255433e-001 5.4206512451063352e-002 9.9833706433952937e-003 -2.3719223834764090e+001 5.4284642906532607e-002 -9.9849559132082322e-001 -7.7286258409760469e-003 2.8273063283117967e+001 9.5494097210734527e-003 8.2588207858190921e-003 -9.9992029715033126e-001 2.8156641171306691e+000 0.0000000000000000e+000 0.0000000000000000e+000 0.0000000000000000e+000 1.0000000000000000e+000</transform>
      </camera>
      <camera id="29" sensor_id="0" label="_DSC0609.JPG" enabled="1">
        <transform>9.9836446102237775e-001 5.6071865297031752e-002 1.1151183327786278e-002 -2.4808769802603042e+001 5.6178938841260996e-002 -9.9837521177480415e-001 -9.5322266173669679e-003 2.8351284169283087e+001 1.0598575289548507e-002 1.0143097935370125e-002 -9.9989238809289138e-001 2.8240526972150422e+000 0.0000000000000000e+000 0.0000000000000000e+000 0.0000000000000000e+000 1.0000000000000000e+000</transform>
      </camera>
      <camera id="30" sensor_id="0" label="_DSC0610.JPG" enabled="1">
        <transform>9.9839214691438505e-001 5.5550161269258290e-002 1.1282755099980286e-002 -2.5890803466988743e+001 5.5676979894641439e-002 -9.9838539350752531e-001 -1.1255218373512784e-002 2.8471264998164870e+001 1.0639308694573503e-002 1.1865311364779418e-002 -9.9987300168407311e-001 2.8167331641932623e+000 0.0000000000000000e+000 0.0000000000000000e+000 0.0000000000000000e+000 1.0000000000000000e+000</transform>
      </camera>
      <camera id="31" sensor_id="0" label="_DSC0611.JPG" enabled="1">
        <transform>9.9855208396915196e-001 5.2723508081548090e-002 1.0675546657576800e-002 -2.6980442764437100e+001 5.2838900009164691e-002 -9.9854430210190182e-001 -1.0831776661625809e-002 2.8586765674129431e+001 1.0088917022389562e-002 1.1380177300937750e-002 -9.9988434597103004e-001 2.8213374562796991e+000 0.0000000000000000e+000 0.0000000000000000e+000 0.0000000000000000e+000 1.0000000000000000e+000</transform>
      </camera>
      <camera id="32" sensor_id="0" label="_DSC0612.JPG" enabled="1">
        <transform>9.9802563220870200e-001 6.1175081549707855e-002 1.4228381911054862e-002 -2.6845327746216679e+001 6.1364295289192253e-002 -9.9802728619176995e-001 -1.3264964393160841e-002 2.6757413291813261e+001 1.3388828107084565e-002 1.4111889103787644e-002 -9.9981077903163318e-001 2.7355855166276752e+000 0.0000000000000000e+000 0.0000000000000000e+000 0.0000000000000000e+000 1.0000000000000000e+000</transform>
      </camera>
      <camera id="33" sensor_id="0" label="_DSC0613.JPG" enabled="1">
        <transform>9.9862441439819949e-001 4.9612181080705593e-002 1.6967924335892393e-002 -2.5926150370984551e+001 4.9803232690659081e-002 -9.9869815805211670e-001 -1.1028468473430158e-002 2.6733570047072895e+001 1.6398688405276751e-002 1.1858355354966143e-002 -9.9979521024400897e-001 2.7843904399734063e+000 0.0000000000000000e+000 0.0000000000000000e+000 0.0000000000000000e+000 1.0000000000000000e+000</transform>
      </camera>
      <camera id="34" sensor_id="0" label="_DSC0614.JPG" enabled="1">
        <transform>9.9819354004529837e-001 5.8008325873559946e-002 1.5642593812502662e-002 -2.4711184942852888e+001 5.8203689560854158e-002 -9.9822849503785716e-001 -1.2337026220228784e-002 2.6577228437047889e+001 1.4899232642649342e-002 1.3225196550591276e-002 -9.9980153382701831e-001 2.7721658684450254e+000 0.0000000000000000e+000 0.0000000000000000e+000 0.0000000000000000e+000 1.0000000000000000e+000</transform>
      </camera>
      <camera id="35" sensor_id="0" label="_DSC0615.JPG" enabled="1">
        <transform>9.9831556512780306e-001 5.5986997166892996e-002 1.5214748495769561e-002 -2.3459840442949034e+001 5.6156312648697818e-002 -9.9836206730126631e-001 -1.0938515605118422e-002 2.6416478784247264e+001 1.4577413119511551e-002 1.1774494561382831e-002 -9.9982441473719130e-001 2.7987013054885792e+000 0.0000000000000000e+000 0.0000000000000000e+000 0.0000000000000000e+000 1.0000000000000000e+000</transform>
      </camera>
      <camera id="36" sensor_id="0" label="_DSC0616.JPG" enabled="1">
        <transform>9.9842406192050170e-001 5.4190801216479199e-002 1.4585939862853437e-002 -2.2318403677686199e+001 5.4366994306080017e-002 -9.9844931036203943e-001 -1.1966811091117338e-002 2.6260457426279164e+001 1.3914830516014297e-002 1.2740945847301259e-002 -9.9982200705456903e-001 2.8041645087056772e+000 0.0000000000000000e+000 0.0000000000000000e+000 0.0000000000000000e+000 1.0000000000000000e+000</transform>
      </camera>
      <camera id="37" sensor_id="0" label="_DSC0617.JPG" enabled="1">
        <transform>9.9830071860266123e-001 5.6649683858745033e-002 1.3656081286854811e-002 -2.1191847551265866e+001 5.6816521086640336e-002 -9.9831064073158926e-001 -1.2155144330488997e-002 2.6100507607873080e+001 1.2944426175783074e-002 1.2910380350241699e-002 -9.9983286798854132e-001 2.8202268520342790e+000 0.0000000000000000e+000 0.0000000000000000e+000 0.0000000000000000e+000 1.0000000000000000e+000</transform>
      </camera>
      <camera id="38" sensor_id="0" label="_DSC0618.JPG" enabled="1">
        <transform>9.9824504181001905e-001 5.7752354011115829e-002 1.3095881332992478e-002 -2.0140918115229439e+001 5.7894841492372055e-002 -9.9826453450981412e-001 -1.0775271155621732e-002 2.5985137577589889e+001 1.2450856608530268e-002 1.1514544979234423e-002 -9.9985618537049370e-001 2.8271281174581446e+000 0.0000000000000000e+000 0.0000000000000000e+000 0.0000000000000000e+000 1.0000000000000000e+000</transform>
      </camera>
      <camera id="39" sensor_id="0" label="_DSC0619.JPG" enabled="1">
        <transform>9.9828590693942743e-001 5.7413549299689143e-002 1.1354838745499602e-002 -1.9100358110536725e+001 5.7521872044798375e-002 -9.9829947427687427e-001 -9.4548344765120682e-003 2.5924526951146184e+001 1.0792693944793309e-002 1.0091779591754967e-002 -9.9989083091209785e-001 2.8296396310430141e+000 0.0000000000000000e+000 0.0000000000000000e+000 0.0000000000000000e+000 1.0000000000000000e+000</transform>
      </camera>
      <camera id="40" sensor_id="0" label="_DSC0620.JPG" enabled="1">
        <transform>9.9830883160579409e-001 5.7205902636618046e-002 1.0342216464780871e-002 -1.8052596078196189e+001 5.7336038609704383e-002 -9.9827342095655169e-001 -1.2757573760311922e-002 2.5897190056139298e+001 9.5945512881580979e-003 1.3328980277316327e-002 -9.9986513234053009e-001 2.8193171473695822e+000 0.0000000000000000e+000 0.0000000000000000e+000 0.0000000000000000e+000 1.0000000000000000e+000</transform>
      </camera>
      <camera id="41" sensor_id="0" label="_DSC0621.JPG" enabled="1">
        <transform>9.9823028395312607e-001 5.8884843086973948e-002 8.2991236577080289e-003 -1.6926681461894677e+001 5.8970411888101315e-002 -9.9820478963981540e-001 -1.0473225953804767e-002 2.5777658977880591e+001 7.6675107180330417e-003 1.0944094058177100e-002 -9.9991071405632748e-001 2.8075751467372427e+000 0.0000000000000000e+000 0.0000000000000000e+000 0.0000000000000000e+000 1.0000000000000000e+000</transform>
      </camera>
      <camera id="42" sensor_id="0" label="_DSC0622.JPG" enabled="1">
        <transform>9.9812875442044235e-001 6.0803794545836877e-002 6.4721069153944426e-003 -1.5754891365418246e+001 6.0871235117989066e-002 -9.9808730397221790e-001 -1.0790105869731254e-002 2.5650259079163710e+001 5.8036483617750195e-003 1.1163880073575296e-002 -9.9992083959051259e-001 2.7984004610495004e+000 0.0000000000000000e+000 0.0000000000000000e+000 0.0000000000000000e+000 1.0000000000000000e+000</transform>
      </camera>
      <camera id="43" sensor_id="0" label="_DSC0623.JPG" enabled="1">
        <transform>9.9815874998119680e-001 6.0434834988394366e-002 5.1711271401841336e-003 -1.4235339337587902e+001 6.0501093425867382e-002 -9.9807281651511337e-001 -1.3793861963325497e-002 2.5587509893964437e+001 4.3275316577550552e-003 1.4081322860951477e-002 -9.9989148852074783e-001 2.7935441124705398e+000 0.0000000000000000e+000 0.0000000000000000e+000 0.0000000000000000e+000 1.0000000000000000e+000</transform>
      </camera>
      <camera id="44" sensor_id="0" label="_DSC0624.JPG" enabled="1">
        <transform>9.9817344492307525e-001 6.0168577613378758e-002 5.4328738604110336e-003 -1.3627693515933302e+001 6.0239202508589627e-002 -9.9808667149661556e-001 -1.3936809603924306e-002 2.5533439371445755e+001 4.5839209776620156e-003 1.4238625242267050e-002 -9.9988811835108871e-001 2.7889600618461126e+000 0.0000000000000000e+000 0.0000000000000000e+000 0.0000000000000000e+000 1.0000000000000000e+000</transform>
      </camera>
      <camera id="45" sensor_id="0" label="_DSC0625.JPG" enabled="1">
        <transform>9.9809096477796810e-001 6.1380711767784396e-002 6.8435554695043220e-003 -1.2706251460749781e+001 6.1488811583523442e-002 -9.9796472063037245e-001 -1.6898000686132463e-002 2.5474713746690220e+001 5.7924156126750188e-003 1.7286543900466470e-002 -9.9983379784909610e-001 2.7806756075532220e+000 0.0000000000000000e+000 0.0000000000000000e+000 0.0000000000000000e+000 1.0000000000000000e+000</transform>
      </camera>
      <camera id="46" sensor_id="0" label="_DSC0626.JPG" enabled="1">
        <transform>9.9796097518433957e-001 6.3369775010585411e-002 7.6265079970913125e-003 -1.1774498813770196e+001 6.3492511839476434e-002 -9.9783578951606433e-001 -1.7100821651796938e-002 2.5403952778696819e+001 6.5263274079576687e-003 1.7550178801379920e-002 -9.9982468376941147e-001 2.8006961739132668e+000 0.0000000000000000e+000 0.0000000000000000e+000 0.0000000000000000e+000 1.0000000000000000e+000</transform>
      </camera>
      <camera id="47" sensor_id="0" label="_DSC0627.JPG" enabled="1">
        <transform>9.9805298957872024e-001 6.1768893922978366e-002 8.6506494849306181e-003 -1.0783813422680497e+001 6.1917550722473902e-002 -9.9791669500774383e-001 -1.8124203081832786e-002 2.5372440475898181e+001 7.5131155660721569e-003 1.8624542097820596e-002 -9.9979831942554165e-001 2.8134571432186459e+000 0.0000000000000000e+000 0.0000000000000000e+000 0.0000000000000000e+000 1.0000000000000000e+000</transform>
      </camera>
      <camera id="48" sensor_id="0" label="_DSC0628.JPG" enabled="1">
        <transform>9.9794177981294063e-001 6.3357687493307543e-002 9.8998757204490952e-003 -9.8080780110463781e+000 6.3545190424125278e-002 -9.9777978387910282e-001 -1.9937694353471914e-002 2.5343024536983826e+001 8.6146896485953181e-003 2.0525747676301293e-002 -9.9975220970227774e-001 2.8130289451624582e+000 0.0000000000000000e+000 0.0000000000000000e+000 0.0000000000000000e+000 1.0000000000000000e+000</transform>
      </camera>
      <camera id="49" sensor_id="0" label="_DSC0629.JPG" enabled="1">
        <transform>9.9808892853998943e-001 6.0910199744098080e-002 1.0413370877385662e-002 -8.7954011605578550e+000 6.1096357608925046e-002 -9.9795844417677504e-001 -1.8605880339100184e-002 2.5284889277825453e+001 9.2588235115621531e-003 1.9206542203234880e-002 -9.9977266562142875e-001 2.8190803812329657e+000 0.0000000000000000e+000 0.0000000000000000e+000 0.0000000000000000e+000 1.0000000000000000e+000</transform>
      </camera>
      <camera id="50" sensor_id="0" label="_DSC0630.JPG" enabled="1">
        <transform>9.9788124710730020e-001 6.4115637153864799e-002 1.1054489763571169e-002 -7.7396774471692771e+000 6.4325867002613071e-002 -9.9773160177846221e-001 -1.9845242425987893e-002 2.5193857378185019e+001 9.7570234160363548e-003 2.0514284899504732e-002 -9.9974194900940361e-001 2.7939086023486661e+000 0.0000000000000000e+000 0.0000000000000000e+000 0.0000000000000000e+000 1.0000000000000000e+000</transform>
      </camera>
      <camera id="51" sensor_id="0" label="_DSC0631.JPG" enabled="1">
        <transform>9.9796332929888454e-001 6.2697725318217795e-002 1.1755365354027393e-002 -6.6486666030760428e+000 6.2916898876121452e-002 -9.9783200117609461e-001 -1.9307026304488856e-002 2.5060735370628436e+001 1.0519373103814835e-002 2.0007315382920048e-002 -9.9974449241827335e-001 2.7649917502210668e+000 0.0000000000000000e+000 0.0000000000000000e+000 0.0000000000000000e+000 1.0000000000000000e+000</transform>
      </camera>
      <camera id="52" sensor_id="0" label="_DSC0632.JPG" enabled="1">
        <transform>9.9797526112856949e-001 6.2447925791199850e-002 1.2067921931346284e-002 -5.5766713296393453e+000 6.2667519104792624e-002 -9.9785800901754163e-001 -1.8766349906099499e-002 2.4925989605500469e+001 1.0870152925084538e-002 1.9484619676157538e-002 -9.9975106370108990e-001 2.7475420065369391e+000 0.0000000000000000e+000 0.0000000000000000e+000 0.0000000000000000e+000 1.0000000000000000e+000</transform>
      </camera>
      <camera id="53" sensor_id="0" label="_DSC0633.JPG" enabled="1">
        <transform>9.9804654042028873e-001 6.1305764231722702e-002 1.2029398449529939e-002 -4.5339073121134756e+000 6.1512531495451016e-002 -9.9795032607800993e-001 -1.7645258564692578e-002 2.4795431003521880e+001 1.0922986043855882e-002 1.8350748016310935e-002 -9.9977194320661333e-001 2.7319932771882556e+000 0.0000000000000000e+000 0.0000000000000000e+000 0.0000000000000000e+000 1.0000000000000000e+000</transform>
      </camera>
      <camera id="54" sensor_id="0" label="_DSC0634.JPG" enabled="1">
        <transform>9.9802999689952809e-001 6.1702188746188935e-002 1.1356284280413102e-002 -3.4623111671506406e+000 6.1924303304372208e-002 -9.9787288083535342e-001 -2.0373864474388187e-002 2.4732124498310828e+001 1.0075016079193087e-002 2.1036957890396023e-002 -9.9972793321669362e-001 2.7241298533306142e+000 0.0000000000000000e+000 0.0000000000000000e+000 0.0000000000000000e+000 1.0000000000000000e+000</transform>
      </camera>
      <camera id="55" sensor_id="0" label="_DSC0635.JPG" enabled="1">
        <transform>9.9795637183851893e-001 6.2883113082920800e-002 1.1348744243302776e-002 -2.4089358292144563e+000 6.3102253637562722e-002 -9.9780438924305304e-001 -2.0112344297931725e-002 2.4596115821416678e+001 1.0059099997514863e-002 2.0787373482439794e-002 -9.9973331424482481e-001 2.7044685684036809e+000 0.0000000000000000e+000 0.0000000000000000e+000 0.0000000000000000e+000 1.0000000000000000e+000</transform>
      </camera>
      <camera id="56" sensor_id="0" label="_DSC0636.JPG" enabled="1">
        <transform>9.9754168090815054e-001 6.9202594896031741e-002 1.1027044508692461e-002 -1.2349342316437883e+000 6.9402360535490717e-002 -9.9740970202437329e-001 -1.8899699991072459e-002 2.4515363999093370e+001 9.6905728954857270e-003 1.9618541416387358e-002 -9.9976057415245712e-001 2.7279483982071331e+000 0.0000000000000000e+000 0.0000000000000000e+000 0.0000000000000000e+000 1.0000000000000000e+000</transform>
      </camera>
      <camera id="57" sensor_id="0" label="_DSC0637.JPG" enabled="1">
        <transform>9.9852211968267324e-001 5.3316504676034590e-002 1.0532180854509014e-002 -1.5520508284749417e+000 5.3493624509696067e-002 -9.9841798536042026e-001 -1.7319314237442686e-002 2.2292396330445680e+001 9.5921134916841545e-003 1.7857122891720881e-002 -9.9979453615270009e-001 2.5539274452604630e+000 0.0000000000000000e+000 0.0000000000000000e+000 0.0000000000000000e+000 1.0000000000000000e+000</transform>
      </camera>
      <camera id="58" sensor_id="0" label="_DSC0638.JPG" enabled="1">
        <transform>9.9777154900155818e-001 6.6294609288886225e-002 7.5472367304413321e-003 -2.8181510550009965e+000 6.6417821765001855e-002 -9.9763928206786889e-001 -1.7450954905091010e-002 2.2394729822566177e+001 6.3725155962027604e-003 1.7913337331189719e-002 -9.9981923535738959e-001 2.5584599984491532e+000 0.0000000000000000e+000 0.0000000000000000e+000 0.0000000000000000e+000 1.0000000000000000e+000</transform>
      </camera>
      <camera id="59" sensor_id="0" label="_DSC0639.JPG" enabled="1">
        <transform>9.9790398591346396e-001 6.4188855847082435e-002 8.2113143322782144e-003 -4.0769056963994412e+000 6.4322568943103522e-002 -9.9778068450580104e-001 -1.7213737295974581e-002 2.2602660929303088e+001 7.0881607332719931e-003 1.7705829892371749e-002 -9.9981811424140621e-001 2.5633716652948602e+000 0.0000000000000000e+000 0.0000000000000000e+000 0.0000000000000000e+000 1.0000000000000000e+000</transform>
      </camera>
      <camera id="60" sensor_id="0" label="_DSC0640.JPG" enabled="1">
        <transform>9.9775180369737049e-001 6.6506916448854689e-002 8.2564086084494399e-003 -5.2366731566069920e+000 6.6650636612242090e-002 -9.9760372398812747e-001 -1.8560779191693067e-002 2.2956407654659408e+001 7.0022037836292234e-003 1.9069345806424321e-002 -9.9979364330480092e-001 2.6100514471408798e+000 0.0000000000000000e+000 0.0000000000000000e+000 0.0000000000000000e+000 1.0000000000000000e+000</transform>
      </camera>
      <camera id="61" sensor_id="0" label="_DSC0641.JPG" enabled="1">
        <transform>9.9780571889612868e-001 6.5667597783351656e-002 8.4565914850062360e-003 -6.3020719778168575e+000 6.5814237925245739e-002 -9.9766187481967350e-001 -1.8419272993614171e-002 2.3198333243377707e+001 7.2272695051090012e-003 1.8935420054968038e-002 -9.9979458712419644e-001 2.6105332269487214e+000 0.0000000000000000e+000 0.0000000000000000e+000 0.0000000000000000e+000 1.0000000000000000e+000</transform>
      </camera>
      <camera id="62" sensor_id="0" label="_DSC0642.JPG" enabled="1">
        <transform>9.9788212631621342e-001 6.4405913330978740e-002 9.1181306546137663e-003 -7.3174508206356093e+000 6.4568640437616245e-002 -9.9773529746314527e-001 -1.8845871382526927e-002 2.3404218102794015e+001 7.8836952420790873e-003 1.9394703507178812e-002 -9.9978082239318766e-001 2.6137895402844422e+000 0.0000000000000000e+000 0.0000000000000000e+000 0.0000000000000000e+000 1.0000000000000000e+000</transform>
      </camera>
      <camera id="63" sensor_id="0" label="_DSC0643.JPG" enabled="1">
        <transform>9.9783128741851157e-001 6.5180172499351235e-002 9.1797037899195282e-003 -8.3421133368246974e+000 6.5345862966027596e-002 -9.9768017935801490e-001 -1.9083445951515128e-002 2.3529472562342495e+001 7.9145462245785603e-003 1.9641915108106728e-002 -9.9977575242098415e-001 2.6002505752145648e+000 0.0000000000000000e+000 0.0000000000000000e+000 0.0000000000000000e+000 1.0000000000000000e+000</transform>
      </camera>
      <camera id="64" sensor_id="0" label="_DSC0644.JPG" enabled="1">
        <transform>9.9788624447176644e-001 6.4244235125170801e-002 9.7837286970059410e-003 -9.3935895995312020e+000 6.4427891518495511e-002 -9.9772626633021877e-001 -1.9782423239893331e-002 2.3623934796540350e+001 8.4905764536822061e-003 2.0370953044545229e-002 -9.9975643753043231e-001 2.5813787701236151e+000 0.0000000000000000e+000 0.0000000000000000e+000 0.0000000000000000e+000 1.0000000000000000e+000</transform>
      </camera>
      <camera id="65" sensor_id="0" label="_DSC0645.JPG" enabled="1">
        <transform>9.9789284322091243e-001 6.4091193045181363e-002 1.0109026784460934e-002 -1.0438213795003970e+001 6.4275040275607334e-002 -9.9775034862827483e-001 -1.9051535626430402e-002 2.3707492767318513e+001 8.8652493508477627e-003 1.9661149157701556e-002 -9.9976739623161637e-001 2.5647611112206503e+000 0.0000000000000000e+000 0.0000000000000000e+000 0.0000000000000000e+000 1.0000000000000000e+000</transform>
      </camera>
      <camera id="66" sensor_id="0" label="_DSC0646.JPG" enabled="1">
        <transform>9.9793388124531668e-001 6.3373557993730595e-002 1.0571698533020006e-002 -1.1481460007136800e+001 6.3560649399712454e-002 -9.9780806245589748e-001 -1.8415057585972033e-002 2.3789361210464698e+001 9.3814983102180598e-003 1.9048953914141825e-002 -9.9977453700533514e-001 2.5400636873335705e+000 0.0000000000000000e+000 0.0000000000000000e+000 0.0000000000000000e+000 1.0000000000000000e+000</transform>
      </camera>
      <camera id="67" sensor_id="0" label="_DSC0647.JPG" enabled="1">
        <transform>9.9802253461441981e-001 6.2011423017078196e-002 1.0276371791943038e-002 -1.2510672964902724e+001 6.2193049025230124e-002 -9.9789427294594002e-001 -1.8413165796221147e-002 2.3869392865155838e+001 9.1129059445701002e-003 1.9015873292877974e-002 -9.9977765103454608e-001 2.5293583093025496e+000 0.0000000000000000e+000 0.0000000000000000e+000 0.0000000000000000e+000 1.0000000000000000e+000</transform>
      </camera>
      <camera id="68" sensor_id="0" label="_DSC0648.JPG" enabled="1">
        <transform>9.9800332292841454e-001 6.2270177214139771e-002 1.0573195049859816e-002 -1.3540853985163293e+001 6.2453027133717740e-002 -9.9788652800395494e-001 -1.7947050733952877e-002 2.3944633953565351e+001 9.4332828685388132e-003 1.8571544306588798e-002 -9.9978303192062157e-001 2.5387318636596259e+000 0.0000000000000000e+000 0.0000000000000000e+000 0.0000000000000000e+000 1.0000000000000000e+000</transform>
      </camera>
      <camera id="69" sensor_id="0" label="_DSC0649.JPG" enabled="1">
        <transform>9.9798192702735200e-001 6.2609789542446087e-002 1.0587142212286059e-002 -1.4542112723333613e+001 6.2790832295560178e-002 -9.9786916295084249e-001 -1.7732597424401184e-002 2.4032954620037373e+001 9.4543485446327413e-003 1.8361587219945054e-002 -9.9978671095807281e-001 2.5284617102601077e+000 0.0000000000000000e+000 0.0000000000000000e+000 0.0000000000000000e+000 1.0000000000000000e+000</transform>
      </camera>
      <camera id="70" sensor_id="0" label="_DSC0650.JPG" enabled="1">
        <transform>9.9795197100144528e-001 6.2984511658211506e-002 1.1172057353376884e-002 -1.5589494166124998e+001 6.3181932079882958e-002 -9.9783426217793370e-001 -1.8298324581005419e-002 2.4116020639540700e+001 9.9953505683183074e-003 1.8966721250532167e-002 -9.9977015181091544e-001 2.5429337274697112e+000 0.0000000000000000e+000 0.0000000000000000e+000 0.0000000000000000e+000 1.0000000000000000e+000</transform>
      </camera>
      <camera id="71" sensor_id="0" label="_DSC0651.JPG" enabled="1">
        <transform>9.9798940997485730e-001 6.2216340715400512e-002 1.2093987184603302e-002 -1.6659701816772461e+001 6.2431249723732901e-002 -9.9788169482435363e-001 -1.8288307532643912e-002 2.4226022194783738e+001 1.0930536856396954e-002 1.9006579978019633e-002 -9.9975960774656725e-001 2.5566879716242918e+000 0.0000000000000000e+000 0.0000000000000000e+000 0.0000000000000000e+000 1.0000000000000000e+000</transform>
      </camera>
      <camera id="72" sensor_id="0" label="_DSC0652.JPG" enabled="1">
        <transform>9.9800429579239081e-001 6.1983279668121338e-002 1.2062280941704298e-002 -1.7703261425394000e+001 6.2194727198754546e-002 -9.9790127224731184e-001 -1.8024060471184686e-002 2.4322504381851566e+001 1.0919775116990651e-002 1.8738300050428185e-002 -9.9976478964935267e-001 2.5821682947243079e+000 0.0000000000000000e+000 0.0000000000000000e+000 0.0000000000000000e+000 1.0000000000000000e+000</transform>
      </camera>
      <camera id="73" sensor_id="0" label="_DSC0653.JPG" enabled="1">
        <transform>9.9810653740972410e-001 6.0251623379994887e-002 1.2372625430601471e-002 -1.8761854395315485e+001 6.0466660838405129e-002 -9.9801129847927139e-001 -1.7810980735822862e-002 2.4443887385914806e+001 1.1274879468269087e-002 1.8525387655696262e-002 -9.9976481589680988e-001 2.5933966482977104e+000 0.0000000000000000e+000 0.0000000000000000e+000 0.0000000000000000e+000 1.0000000000000000e+000</transform>
      </camera>
      <camera id="74" sensor_id="0" label="_DSC0654.JPG" enabled="1">
        <transform>9.9804789562296481e-001 6.1144035037979001e-002 1.2720260290035656e-002 -1.9804171248991072e+001 6.1364996939965756e-002 -9.9795713849113787e-001 -1.7773206945787660e-002 2.4549675006944192e+001 1.1607548971675943e-002 1.8519090524488437e-002 -9.9976112551599838e-001 2.5967133025681806e+000 0.0000000000000000e+000 0.0000000000000000e+000 0.0000000000000000e+000 1.0000000000000000e+000</transform>
      </camera>
      <camera id="75" sensor_id="0" label="_DSC0655.JPG" enabled="1">
        <transform>9.9806151232305695e-001 6.0911627111940023e-002 1.2766804689809832e-002 -2.0852951473208648e+001 6.1139645253342978e-002 -9.9796138824478164e-001 -1.8303315296512419e-002 2.4636526575775299e+001 1.1625893415439176e-002 1.9048392455116622e-002 -9.9975096766503246e-001 2.6021239233542039e+000 0.0000000000000000e+000 0.0000000000000000e+000 0.0000000000000000e+000 1.0000000000000000e+000</transform>
      </camera>
      <camera id="76" sensor_id="0" label="_DSC0656.JPG" enabled="1">
        <transform>9.9796903403978954e-001 6.2312371848419965e-002 1.3227827195550823e-002 -2.1922375590650780e+001 6.2537842010921704e-002 -9.9789131193859826e-001 -1.7376647377445775e-002 2.4740127136827759e+001 1.2117153721403009e-002 1.8168595765422717e-002 -9.9976150991804269e-001 2.6159432175618695e+000 0.0000000000000000e+000 0.0000000000000000e+000 0.0000000000000000e+000 1.0000000000000000e+000</transform>
      </camera>
      <camera id="77" sensor_id="0" label="_DSC0657.JPG" enabled="1">
        <transform>9.9795236702583401e-001 6.2575830869524590e-002 1.3241545926488588e-002 -2.2988681929956371e+001 6.2810990055390842e-002 -9.9786024047119881e-001 -1.8158194156436797e-002 2.4829789650190023e+001 1.2076948115987148e-002 1.8952727448837449e-002 -9.9974743882965456e-001 2.6222879498550591e+000 0.0000000000000000e+000 0.0000000000000000e+000 0.0000000000000000e+000 1.0000000000000000e+000</transform>
      </camera>
      <camera id="78" sensor_id="0" label="_DSC0658.JPG" enabled="1">
