# Cameras (588)
# PhotoID, X, Y, Z, Omega, Phi, Kappa, r11, r12, r13, r21, r22, r23, r31, r32, r33
DSC00003.JPG	2693786.4296478480000000	1256204.5576296735000000	583.7578383254500500	2.8543105710410726	1.3062714545832392	146.2695121668493800	-0.8314426329398493	0.5536540460901634	0.0465869657526847	-0.5551427345612423	-0.8312573567109091	-0.0287706652314263	0.0227967627946736	-0.0497835732143047	0.9984998264617272
DSC00004.JPG	2693785.8971591238000000	1256205.0080003471000000	583.8034647770745100	3.0800348198176626	1.0475265909268603	144.6641454895821300	-0.8156394820358807	0.5767314209177975	0.0459685052006105	-0.5782715730937711	-0.8151655215683661	-0.0332740168574407	0.0182817694957393	-0.0537218816899826	0.9983885698122710
DSC00005.JPG	2693784.0982240494000000	1256206.5477173366000000	583.8465792619010700	3.4838467734361074	0.8238355322053452	143.0974733344271500	-0.7995755186127568	0.5986471535744641	0.0479643154056574	-0.6003934201184832	-0.7987050169412956	-0.0399754548596415	0.0143781470840844	-0.0607608544212232	0.9980487901182142
DSC00006.JPG	2693782.3406365570000000	1256207.8949020763000000	583.7978610399035200	3.5854442010983187	0.6656601559493418	142.1441238500501900	-0.7895036303779683	0.6119025152931839	0.0475324036619618	-0.6136359235452727	-0.7884573334943978	-0.0422609346044779	0.0116177000627690	-0.0625327517128362	0.9979752922835677
DSC00007.JPG	2693780.3461286481000000	1256209.2641429361000000	583.7845916992602000	3.6832704411425383	0.5680655390714317	141.9272950589473200	-0.7871901897268961	0.6148857579319388	0.0474036906811963	-0.6166306097230195	-0.7859955556434671	-0.0444710879261434	0.0099144515909934	-0.0642377708298100	0.9978853703950503
DSC00008.JPG	2693778.0355033781000000	1256210.9627276906000000	583.8071649184630600	3.9423193308718867	0.2862069607162462	141.9332880180392600	-0.7872835555625363	0.6148492237178473	0.0463145250906369	-0.6165708805869452	-0.7856422141840914	-0.0510554649783699	0.0049952330325883	-0.0687513155181699	0.9976213230787878
DSC00009.JPG	2693776.3802231401000000	1256212.4591386276000000	583.7841321751482200	3.8936202440252159	0.2392476393089445	141.9610996998110600	-0.7875857095798551	0.6145507509066800	0.0451234376530854	-0.6161909720521477	-0.7859494096520829	-0.0509137646316948	0.0041756468990210	-0.0679036083546244	0.9976831480712682
DSC00010.JPG	2693774.2480085734000000	1256214.1546906910000000	583.7901005377864300	3.9143972326166327	0.1030212180814316	141.9896199298160600	-0.7878979298559417	0.6142709397566775	0.0434518664635984	-0.6158032308411531	-0.7861367456293302	-0.0526820468179005	0.0017980584860765	-0.0682658753827599	0.9976655437790293
DSC00011.JPG	2693773.1160139218000000	1256214.9916183935000000	583.8055435719410300	3.9957651525368529	-0.0052358483694483	142.0146659333958900	-0.7881683146436579	0.6139687103936227	0.0428150726890426	-0.6154597464017944	-0.7862485219227414	-0.0549778349277586	-0.0000913827930549	-0.0696827412771416	0.9975691992124097
DSC00012.JPG	2693772.0566030238000000	1256215.8287322763000000	583.8216027991579700	4.0003146964491814	-0.0394368802490027	142.0113490603483500	-0.7881325007367289	0.6140436433649862	0.0423977042482684	-0.6155052294830357	-0.7861829788814325	-0.0554042976325170	-0.0006883033527112	-0.0697619363275622	0.9975634308044394
DSC00013.JPG	2693770.0398952719000000	1256217.2346966122000000	583.8156095737554100	4.0467932417262151	-0.1294159087571369	142.0432155997044100	-0.7884728835027315	0.6136591064963621	0.0416294726723102	-0.6150653706002162	-0.7864109855597932	-0.0570293931170007	-0.0022587317916425	-0.0705709770724587	0.9975042031619376
DSC00014.JPG	2693769.1243880764000000	1256217.9281894774000000	583.8207602517686600	4.1102715318242060	-0.2467970596324935	141.8955836244317400	-0.7868801584208899	0.6157522697457437	0.0408504416925979	-0.6170908057330176	-0.7846730222748449	-0.0590523970202383	-0.0043074079549453	-0.0716755915010535	0.9974186963455637
DSC00015.JPG	2693767.3000830878000000	1256219.5059632894000000	583.7999001387214500	4.0667418792992347	-0.2937141616486309	141.9462540220466500	-0.7874225429244574	0.6151346372202735	0.0396877435269815	-0.6163922942301716	-0.7852261350207496	-0.0589953938374951	-0.0051262567285082	-0.0709175223217654	0.9974690103054308
DSC00016.JPG	2693766.4208126925000000	1256220.2363195943000000	583.7991549382867300	4.0853993268671394	-0.3595787046055075	141.9390896602757600	-0.7873403019882775	0.6152843414780180	0.0389926659382253	-0.6164867097601061	-0.7850794713408142	-0.0599529846495245	-0.0062757911187735	-0.0712418613680867	0.9974393272949707
DSC00017.JPG	2693764.7552982308000000	1256221.6009014412000000	583.8109854101456900	4.1277917811267857	-0.5542880845154539	142.0137617505644100	-0.7881217239998740	0.6144244746406485	0.0366975901392718	-0.6154433863976625	-0.7856855281425640	-0.0626712773662521	-0.0096740011806847	-0.0719778843111120	0.9973593123199142
DSC00018.JPG	2693762.7523110285000000	1256223.1452241519000000	583.8027936478633800	4.1114121968160893	-0.6805608837725132	142.0223976719600800	-0.7881957579654699	0.6144410520530372	0.0347798889761790	-0.6153099757088707	-0.7856987883742951	-0.0638047626773578	-0.0118777488770937	-0.0716910559213771	0.9973561608485159
DSC00019.JPG	2693761.1981438901000000	1256224.4415837645000000	583.7970323519557500	4.1932815176786171	-0.8149334461266650	142.0579832555651200	-0.7885536291088993	0.6140379095996960	0.0337730601755321	-0.6148015014616705	-0.7858828218457329	-0.0663875299153666	-0.0142227922596061	-0.0731138557472107	0.9972221799970736
DSC00020.JPG	2693759.7206647228000000	1256225.6949035551000000	583.7780442940865000	4.2248889146327357	-0.8896694675685852	142.0499073133817400	-0.7884516639833378	0.6142057134394179	0.0330955456259884	-0.6149007112278286	-0.7857004342494974	-0.0676161441644068	-0.0155270374964588	-0.0736625359224575	0.9971623448105411
DSC00021.JPG	2693758.2932834141000000	1256226.8986838933000000	583.7780219963472100	4.2138137635297452	-0.8976727756563648	142.0823330704149000	-0.7887978135733484	0.6137754332699067	0.0328287498428416	-0.6144530605908216	-0.7860546620295001	-0.0675685180558258	-0.0156667045825541	-0.0734696251251315	0.9971743922461585
DSC00022.JPG	2693756.8308373597000000	1256228.0664874918000000	583.7709206550954400	4.3040526945527242	-0.9807135479400633	142.1063187069328500	-0.7890362244603016	0.6134797200072213	0.0326262107713033	-0.6141082024789514	-0.7861373236748149	-0.0697081341987482	-0.0171158446330710	-0.0750382666728171	0.9970337538906271
DSC00023.JPG	2693755.4773912597000000	1256229.1778066955000000	583.7679552228968300	4.2444360646689177	-0.9454726297895872	142.1089050472909000	-0.7890721033824651	0.6134419252209011	0.0324687549013983	-0.6140789340418417	-0.7862650773272480	-0.0685148957644403	-0.0165008614807801	-0.0740015713133941	0.9971216019190141
DSC00024.JPG	2693754.4334242940000000	1256229.9177227202000000	583.7664911130107200	4.1840389037165711	-0.9481373657362983	142.1326649808930800	-0.7893260806626208	0.6131523510112428	0.0317574059893466	-0.6137511899340276	-0.7865891154997552	-0.0677276917654661	-0.0165473635468335	-0.0729503792087412	0.9971982886732959
DSC00025.JPG	2693753.2886621151000000	1256230.6793559568000000	583.7737974685545600	4.2412369862974000	-1.0497212461850571	142.1397287706238300	-0.7893773384629711	0.6131268765420345	0.0309653158053552	-0.6136349017654810	-0.7865162324979635	-0.0696018918742720	-0.0183200670409512	-0.0739435546820567	0.9970941409238130
DSC00026.JPG	2693752.2604023498000000	1256231.5495313981000000	583.7954421022120600	4.2224593714093288	-1.0677158285692137	142.1744117169131100	-0.7897440627392928	0.6126790250321417	0.0304750332846475	-0.6131533955709055	-0.7868958292531324	-0.0695547798781237	-0.0186340781340144	-0.0736163445825049	0.9971125337405028
DSC00027.JPG	2693751.1324392278000000	1256232.4620280194000000	583.7858298472972400	4.2946782062769726	-1.0758367111751364	142.2008028195722300	-0.7900243096856855	0.6122860335944012	0.0311031054863053	-0.6127879403473872	-0.7870831349278503	-0.0706475680894615	-0.0187757894764339	-0.0748729041602101	0.9970163077664042
DSC00028.JPG	2693750.2016098928000000	1256233.1905956194000000	583.7712487533905200	4.2956471858583765	-1.0268668506715883	142.2011686874034000	-0.7900406142602716	0.6122299046977509	0.0317863431843899	-0.6127925070415347	-0.7871250795566555	-0.0701388084207274	-0.0179212480872077	-0.0748909402178401	0.9970306795381397
DSC00029.JPG	2693749.9735062290000000	1256233.2832611490000000	583.7438812001141700	4.2215550537580846	-1.0530659826213404	142.2042150931813200	-0.7900666371635882	0.6122552345862325	0.0306306474429891	-0.6127454136991035	-0.7872270492827259	-0.0694019514734816	-0.0183784338759750	-0.0736009551525703	0.9971184145169999
DSC00030.JPG	2693752.1838928759000000	1256235.7676538571000000	583.8147104563120100	4.3393921448914750	-1.0217601919301995	142.3205639723863400	-0.7913171210696487	0.6105586617593982	0.0321766134423063	-0.6111458327499214	-0.7883494499859212	-0.0707524969121270	-0.0178321343211524	-0.0756522653822642	0.9969747989433253
DSC00031.JPG	2693752.6411857270000000	1256235.3939495194000000	583.8361226303186400	4.2349242576152104	-0.8537629695517098	142.2500628506838600	-0.7906024648841477	0.6114148741953458	0.0334603366958495	-0.6121484459678998	-0.7878577392992930	-0.0674867596295206	-0.0149004234233497	-0.0738378916200702	0.9971589357484130
DSC00032.JPG	2693754.4017758463000000	1256233.8151391360000000	583.8587541608633300	4.0585575618374641	-0.8041159673993852	142.2390309339379300	-0.7904944957000435	0.6116182201133681	0.0322739073136456	-0.6123083363940736	-0.7879815362757022	-0.0645259612164454	-0.0140340104836804	-0.0707689996675098	0.9973940020051275
DSC00033.JPG	2693756.1092251744000000	1256232.3210946301000000	583.8834448000524200	4.0017147532522781	-0.7566556257371258	142.2438659143248900	-0.7905550830630268	0.6115377362880093	0.0323149770067738	-0.6122485352044279	-0.7881321682975494	-0.0632409395458019	-0.0132057481137324	-0.0697802435531773	0.9974749750376777
DSC00034.JPG	2693757.9961126372000000	1256230.7176259332000000	583.8866325293901100	4.0748968005039163	-0.7664831186461744	142.2648416687648000	-0.7907773688419567	0.6112170577553561	0.0329372317640278	-0.6119576798882190	-0.7882671044106367	-0.0643643544976433	-0.0133772550704400	-0.0710540668291127	0.9973827593425827
DSC00035.JPG	2693759.7043488678000000	1256229.3886546202000000	583.8761137333719900	4.1248130504570160	-0.7266827453997392	142.2871348885577700	-0.7910225759478609	0.6108418758284823	0.0339924561506194	-0.6116554866191343	-0.7884790400166846	-0.0646403058708563	-0.0126826664988312	-0.0719236135682093	0.9973295061221092
DSC00036.JPG	2693761.6524025723000000	1256227.8784816086000000	583.8756719930031500	4.1623888058761169	-0.7096018933953073	142.3147994553015400	-0.7913207710907673	0.6104215705408371	0.0345968706499795	-0.6112757639532445	-0.7887445397938887	-0.0649922406807453	-0.0123845728101819	-0.0725779385473622	0.9972858492892219
DSC00037.JPG	2693763.4205280747000000	1256226.3626548008000000	583.8680027475026000	4.2420800125444345	-0.7374696018861348	142.3108939287727700	-0.7912742417208424	0.6104550854334416	0.0350665518344140	-0.6113259473285518	-0.7885897790123054	-0.0663833304389900	-0.0128709172926659	-0.0739645124757349	0.9971778128208991
DSC00038.JPG	2693764.3366967179000000	1256225.5713955108000000	583.8563163648142300	4.3374647160328106	-0.8209036089952713	142.2000139989514200	-0.7900740634017295	0.6120076105928359	0.0350664927862407	-0.6128439540091564	-0.7872279516819454	-0.0685159844494086	-0.0143269806415164	-0.0756229903342675	0.9970335505681846
DSC00039.JPG	2693765.8965618610000000	1256224.2957783721000000	583.8542174052755600	4.3681859198170239	-0.8602457491372321	142.0851568825056900	-0.7888360012882336	0.6136067759636530	0.0349926787068624	-0.6144203416142386	-0.7859305727094739	-0.0692876517945341	-0.0150135566150133	-0.0761568077853197	0.9969828151707121
DSC00040.JPG	2693767.7539274432000000	1256222.5467159185000000	583.8221778540311100	4.4753659293699659	-0.9563216456282662	142.0919226130678500	-0.7888875767715312	0.6135506718328373	0.0348132777689101	-0.6143108568890616	-0.7857916487333718	-0.0717889677395916	-0.0166901864509675	-0.0780195992963524	0.9968121085750659
DSC00041.JPG	2693768.5666563548000000	1256221.8301250276000000	583.8103133261319000	4.4869243001064367	-0.9490040639793074	142.0948964590069500	-0.7889211359953755	0.6134949686434473	0.0350337641275108	-0.6142712146633607	-0.7858151320164396	-0.0718710868846792	-0.0165624882117940	-0.0782208523551194	0.9967984662112361
DSC00042.JPG	2693770.0087922048000000	1256220.5169749819000000	583.8098903481354700	4.5215817027440197	-0.9066778939310231	142.1065148070764800	-0.7890551208993468	0.6132683624836675	0.0359712629625096	-0.6141185730989804	-0.7859316620879843	-0.0719013261525182	-0.0158238540624298	-0.0788247302832036	0.9967628943426771
DSC00043.JPG	2693772.4761089683000000	1256218.6238158341000000	583.8005677504696700	4.5254073981643659	-0.8566421625652151	142.0992624621823700	-0.7889879843331062	0.6133110712244585	0.0367081801713109	-0.6142266992469050	-0.7858915496336428	-0.0714145233596332	-0.0149506692236182	-0.0788923451796117	0.9967710245396517
DSC00044.JPG	2693774.9333221782000000	1256216.9809156545000000	583.7946298910848100	4.5404052449614918	-0.7997728456902793	142.1228423523080300	-0.7892520248827009	0.6129159527274223	0.0376201556455181	-0.6139107503708406	-0.7861734011516058	-0.0710279797039704	-0.0139582161348732	-0.0791543947860940	0.9967646412209751
DSC00045.JPG	2693777.0479227453000000	1256215.4770180867000000	583.7910101865628600	4.5960303391145576	-0.7553819447496700	142.1247279059161600	-0.7892805271441070	0.6128042705094343	0.0388223584615958	-0.6138912316268342	-0.7861623540742971	-0.0713183620679002	-0.0131835201220630	-0.0801228998586544	0.9966978056138336
DSC00046.JPG	2693777.9206577279000000	1256214.8475927541000000	583.7861980549736200	4.5863907268021666	-0.7368260472408309	142.1368678737275400	-0.7894139115678840	0.6126237600118601	0.0389590155422840	-0.6137265716075451	-0.7863200613787871	-0.0709961715595250	-0.0128596860747774	-0.0799555485391206	0.9967154753147290
DSC00047.JPG	2693779.3984491620000000	1256213.6473605752000000	583.7965401514832100	4.6524206869918867	-0.7428629797049933	142.1377656726349700	-0.7894224541865614	0.6125728817641739	0.0395809721103671	-0.6137133667449056	-0.7862420742051275	-0.0719673830860362	-0.0129650416389290	-0.0811040398300530	0.9966213134478644
DSC00048.JPG	2693781.0515637640000000	1256212.2698291761000000	583.8305520059957400	4.6569329023962052	-0.7087096275050742	142.1566080667921000	-0.7896302010772643	0.6122729516644121	0.0400746579128007	-0.6134583550334224	-0.7864675012444279	-0.0716778635705142	-0.0123690010254121	-0.0811831395456878	0.9966224489078793
DSC00049.JPG	2693782.2345033754000000	1256211.2312527928000000	583.8105245166830200	4.7060481157988931	-0.6601652472275739	142.0862642939666500	-0.7888844293676387	0.6131485695713230	0.0413544282264308	-0.6144335644922147	-0.7856962227263492	-0.0717832878805309	-0.0115218022325594	-0.0820382668404691	0.9965625774867959
DSC00050.JPG	2693783.0414907411000000	1256210.5025503556000000	583.7954934637480200	4.7266463881178238	-0.6514549328401289	142.0958218370569200	-0.7889882853736088	0.6129927123520894	0.0416823721306900	-0.6143030306388568	-0.7857803269709681	-0.0719796102609242	-0.0113697885261110	-0.0823966768057269	0.9965347538145591
DSC00051.JPG	2693784.6109493673000000	1256209.1738350079000000	583.7673392002651600	4.8293920683666833	-0.6163910015878016	142.1009062508646800	-0.7890481382043193	0.6128066057716298	0.0432562078660616	-0.6142371727341727	-0.7857360198265518	-0.0730178250748314	-0.0107578449434647	-0.0841841497538759	0.9963921405262033
DSC00052.JPG	2693785.2299911194000000	1256208.6444343938000000	583.7723957006550100	4.8901536897500462	-0.6323947222598616	142.1006927353387800	-0.7890434473279016	0.6127821038319941	0.0436867422925572	-0.6142382433857606	-0.7856412344007955	-0.0740218290206994	-0.0110371459751222	-0.0852405069930362	0.9962992709905462
DSC00053.JPG	2693786.4251264650000000	1256207.7355864877000000	583.7758292824244100	4.9140863454080730	-0.6189419670884017	142.1009978128468000	-0.7890487410561302	0.6127437490962198	0.0441268872825306	-0.6142356169629920	-0.7856258634777682	-0.0742065326565269	-0.0108023651034671	-0.0856568770054151	0.9962661332846011
DSC00054.JPG	2693787.4743722361000000	1256206.9639853088000000	583.7899887330966100	4.9704215338140267	-0.6405759801898328	142.1448820192812500	-0.7895156905354890	0.6121240413957207	0.0443749066888062	-0.6136285387996323	-0.7860014978798566	-0.0752440143881894	-0.0111799270524556	-0.0866360391291760	0.9961772964463251
DSC00055.JPG	2693787.6667702254000000	1256207.0630214333000000	583.8444844802305600	5.0115973030315484	-0.6403040291043619	142.1821181669581600	-0.7899143588111168	0.6115807545331840	0.0447692576289102	-0.6131153407603783	-0.7863451033453595	-0.0758350668824190	-0.0111751809071238	-0.0873519268785628	0.9961148308314135
DSC00056.JPG	2693789.1025895420000000	1256209.6191484914000000	583.8415777069487800	4.9642827193140864	-0.6542190859900585	142.1828469118740700	-0.7899199896467500	0.6116241149585198	0.0440721222280643	-0.6131036116114180	-0.7864023534749913	-0.0753345862006998	-0.0114180289679821	-0.0865290728611053	0.9961838927448506
DSC00057.JPG	2693788.6124766432000000	1256209.9743842382000000	583.8220463312924300	4.9846703209205536	-0.6474358294362955	142.2509642969085300	-0.7906493966580445	0.6106649284251614	0.0442930779666883	-0.6121648875543982	-0.7871083631362229	-0.0755948088596476	-0.0112996464449653	-0.0868836571082768	0.9961543796609592
DSC00058.JPG	2693786.0691081546000000	1256212.1084032415000000	583.8862084314140500	5.1910502624840316	-0.5775029318279411	142.3079784312626300	-0.7912684850623214	0.6096307765888827	0.0473761626011955	-0.6113857989376483	-0.7875055915896750	-0.0777325419137277	-0.0100791569365906	-0.0904724237026508	0.9958479558370421
DSC00059.JPG	2693784.7337555904000000	1256213.1399312797000000	583.8708791320909800	5.2674063993648925	-0.6374939625595060	142.3126065610768200	-0.7913090826544346	0.6095795566509528	0.0473571517495007	-0.6113150944795950	-0.7873917750991661	-0.0794232193227441	-0.0111261390428697	-0.0917984565197733	0.9957154475102744
DSC00060.JPG	2693782.8681475446000000	1256214.5074167012000000	583.9081067964272100	5.2240006437658550	-0.7286230548872342	142.3299449774951900	-0.7914790295982159	0.6094915566661903	0.0456178480300267	-0.6110640192383502	-0.7875476671645936	-0.0798087484921281	-0.0127165285569311	-0.0910423763762304	0.9957658236780522
DSC00061.JPG	2693780.8938339241000000	1256215.9926179294000000	583.9391547517977900	5.1700548418825187	-0.7690024729892070	142.3249990904049900	-0.7914189884780389	0.6096524847951241	0.0444953082867030	-0.6111267098338633	-0.7875310305024983	-0.0794922670661123	-0.0134212221512993	-0.0901039609495852	0.9958419287302386
DSC00062.JPG	2693778.9897514451000000	1256217.3594601681000000	583.9040143613032100	5.1480314184250755	-0.7871546078752537	142.3438235846180400	-0.7916163250476205	0.6094332608936832	0.0439851615274035	-0.6108640282986056	-0.7877444263221165	-0.0793968370228918	-0.0137380074574152	-0.0897207853004613	0.9958722045705304
DSC00063.JPG	2693778.0616458375000000	1256217.9985728688000000	583.8881557273861100	5.1572847422582733	-0.7821679695704618	142.3243580643786300	-0.7914096893491374	0.6096875444891415	0.0441791998467999	-0.6111336631906785	-0.7875292842170104	-0.0794561024452211	-0.0136509823618739	-0.0898817255922738	0.9958588886409113
DSC00064.JPG	2693776.3323135022000000	1256219.2927473807000000	583.9132826869930600	5.1977295641061900	-0.8409958311195540	142.3034545912021300	-0.7911751667386858	0.6100170555334731	0.0438297558090883	-0.6114134632397976	-0.7871936529571558	-0.0806209012172741	-0.0146776191914402	-0.0905833577553895	0.9957807101930778
DSC00065.JPG	2693774.5622867513000000	1256220.6549361793000000	583.9092402272810900	5.2481226902108489	-0.9192328097549370	142.3324555013934100	-0.7914679365792099	0.6096786366922653	0.0432488766109456	-0.6110001056420792	-0.7873547720283604	-0.0821665008962685	-0.0160429508637170	-0.0914572190984926	0.9956797681997737
DSC00066.JPG	2693773.4488698561000000	1256221.5619486694000000	583.9247920343220800	5.2361280755662438	-0.9248255379572382	142.3343710337330200	-0.7914871199213472	0.6096684038931055	0.0430415647141684	-0.6109726848661090	-0.7873868962165221	-0.0820625006565752	-0.0161405497461795	-0.0912486326524704	0.9956973283548297
DSC00067.JPG	2693771.8473747019000000	1256222.8751141755000000	583.9348750578144500	5.1771146489798605	-0.9014608288094139	142.3508956508606500	-0.7916684425683629	0.6094561424441471	0.0427116784788702	-0.6107483571138245	-0.7876692885496937	-0.0810156537860685	-0.0157328104338330	-0.0902236239170186	0.9957972566557579
DSC00068.JPG	2693770.0490821488000000	1256224.2145839138000000	583.9132641611249700	5.1500323943349890	-1.0035745358040344	142.3938553664881100	-0.7921026806314815	0.6090121997515284	0.0409570981665699	-0.6101365221543713	-0.7880666407312025	-0.0817581439368951	-0.0175147843203837	-0.0897502664087555	0.9958102841454128
DSC00069.JPG	2693769.1671251412000000	1256224.8961351570000000	583.9519820611744800	5.1630588502797297	-1.0287849736478418	142.3898397567166400	-0.7920537351999030	0.6090894640585158	0.0407542062711573	-0.6101872733646542	-0.7879811867689218	-0.0822018291892005	-0.0179547202621077	-0.0899759638523090	0.9957820815565810
DSC00070.JPG	2693767.4346432649000000	1256226.2641911327000000	583.9472636492407700	5.0205852987451891	-0.9739825764108497	142.4090151579925700	-0.7922711501144942	0.6088587864450566	0.0399675226266217	-0.6099323566051695	-0.7884380457280366	-0.0796741389323986	-0.0169983841091103	-0.0875010069496796	0.9960193917391726
DSC00071.JPG	2693765.7944604605000000	1256227.4426055690000000	583.9109537066369700	5.0265685336648156	-1.0563155304023366	142.4188388524540300	-0.7923555391804016	0.6088191823941470	0.0388831927580237	-0.6097809813031028	-0.7884573259248041	-0.0806362203760349	-0.0184351395752817	-0.0876027873097084	0.9959848880803411
DSC00072.JPG	2693764.5718388520000000	1256228.4518589817000000	583.8926588690620700	5.0160232053384037	-1.0707139101429053	142.4271618814081300	-0.7924404133733357	0.6087291969926311	0.0385610682087998	-0.6096630297787355	-0.7885471904569551	-0.0806493555055166	-0.0186863954177782	-0.0874190662907663	0.9959963481233961
DSC00073.JPG	2693762.2629685905000000	1256230.3517691703000000	583.8465320333627900	4.8870771974094280	-1.0655437057978585	142.4553844283856800	-0.7927419565564817	0.6084197621075784	0.0372234253120140	-0.6092736434700184	-0.7890311730296185	-0.0788380324480123	-0.0185961740089303	-0.0851774680561858	0.9961922411100014
DSC00074.JPG	2693759.9255074933000000	1256232.3233522535000000	583.7881576043348600	4.8683726598550763	-1.0813921430488060	142.4752061269606100	-0.7929485798463450	0.6081774821547151	0.0367790690422699	-0.6089961984064901	-0.7892530141621830	-0.0787610942175891	-0.0188727328733130	-0.0848518110346539	0.9962148313080026
DSC00075.JPG	2693758.5454245899000000	1256233.6208465614000000	583.7953633120160900	4.7452626050749762	-1.0384007092833167	142.4703176228127000	-0.7929076241112220	0.6082732384551089	0.0360716925806363	-0.6090723059900807	-0.7894063311502670	-0.0766065951194833	-0.0181225192018870	-0.0827122223084935	0.9964086825086218
DSC00076.JPG	2693757.7966661006000000	1256234.2900935730000000	583.8083514530806000	4.6582716013409033	-1.0355026801398237	142.4769042105263600	-0.7929783623678300	0.6082332813265048	0.0351794301151585	-0.6089817087039293	-0.7895941596622309	-0.0753813073071697	-0.0180719473349468	-0.0811993750843455	0.9965340266169714
DSC00077.JPG	2693756.5269400459000000	1256235.4031292773000000	583.8256284570190900	4.5892680540246795	-1.0356249786527811	142.4741574979409200	-0.7929491367793315	0.6083131997249597	0.0344487666149927	-0.6090196992371553	-0.7896551065356160	-0.0744299581036409	-0.0180740814980378	-0.0799991485117578	0.9966310570192944
DSC00078.JPG	2693755.2521472573000000	1256236.5077637185000000	583.8325825800069400	4.5728830667844544	-0.9978721520238438	142.4925954781801900	-0.7931543554651306	0.6080272075270703	0.0347718753236888	-0.6087716128678524	-0.7899040591748935	-0.0738153145715735	-0.0174152741283810	-0.0797150688757142	0.9966655487279439
DSC00079.JPG	2693754.3059711289000000	1256237.2435204512000000	583.8228080919569700	4.5569131418552882	-0.9175174533766698	142.5103426146184200	-0.7933614813953809	0.6077037721728674	0.0356887254604933	-0.6085401738207065	-0.7901807071472644	-0.0727551159611014	-0.0160130160928785	-0.0794391297731603	0.9967110955419790
DSC00080.JPG	2693753.7103843149000000	1256237.6863701856000000	583.8250444891095900	4.5706016409505379	-0.9197326202689430	142.5030986028179100	-0.7932840444164542	0.6077975694234016	0.0358125603284464	-0.6086400978128376	-0.7900845892219778	-0.0729628207261633	-0.0160516730795495	-0.0796772017389176	0.9966914704733872
DSC00081.JPG	2693753.5034941901000000	1256237.7920915401000000	583.7952034325860500	4.4416540441893151	-0.8528021650869901	142.5063142181609500	-0.7933325379647986	0.6077605069445966	0.0353645359757253	-0.6086065732375695	-0.7903359681262818	-0.0704776311883142	-0.0148836560815526	-0.0774352870746957	0.9968862789191682
DSC00082.JPG	2693755.6592788957000000	1256240.1340519406000000	583.8071872327016100	4.4746655038955661	-0.7455547371031764	142.5926015029047300	-0.7942689361928871	0.6064331687642744	0.0370900097268847	-0.6074269868834101	-0.7912982941153408	-0.0698531698342544	-0.0130120177052106	-0.0780116757458326	0.9968675267268798
DSC00083.JPG	2693756.0628400501000000	1256239.6935275975000000	583.7992138924756800	4.4058193909661325	-0.5397887189835363	142.5471771353499000	-0.7938190934483752	0.6068855204368139	0.0392582725159586	-0.6080809917750766	-0.7910683478625863	-0.0666961502022247	-0.0094209510474704	-0.0768168867769074	0.9970007079171332
DSC00084.JPG	2693757.9484274797000000	1256237.9672638932000000	583.8141491947496900	4.2189047994746129	-0.4379178332473177	142.5289667055662100	-0.7936378254126618	0.6071580179894019	0.0387058556996509	-0.6083424907987350	-0.7911683233618525	-0.0630245824864117	-0.0076430336288807	-0.0735651092568791	0.9972611286603782
DSC00085.JPG	2693759.6141966712000000	1256236.4991002874000000	583.8472160611373700	4.2466233097103183	-0.4597551831437850	142.5312119003988300	-0.7936592936753756	0.6071306191789253	0.0386954366575523	-0.6083095745504968	-0.7911443633195752	-0.0636400651936985	-0.0080241555878251	-0.0740473338012873	0.9972224452367802
DSC00086.JPG	2693762.0608702805000000	1256234.5794572416000000	583.8658214207954400	4.3071060105854553	-0.4779853240204972	142.5607935286875800	-0.7939711888328835	0.6066998944375009	0.0390511125683129	-0.6078981468840483	-0.7913755493305029	-0.0646883524043126	-0.0083423209143164	-0.0750997870261307	0.9971411272585202
DSC00087.JPG	2693763.6764288060000000	1256233.3833326343000000	583.8872362441999300	4.3403557114066027	-0.4962061591346215	142.5879148513235700	-0.7942567049538495	0.6063215933640144	0.0391204812901950	-0.6075206049523166	-0.7916103405788633	-0.0653588803988183	-0.0086603229861592	-0.0756782274444835	0.9970946819117211
DSC00088.JPG	2693765.2759562917000000	1256232.1592606683000000	583.8981409174338100	4.3936911373614089	-0.5029947363277125	142.6205258729887600	-0.7946015376541180	0.6058415027853559	0.0395533798870983	-0.6070678125233132	-0.7918885968911681	-0.0661900378599135	-0.0087788015053720	-0.0766062896668363	0.9970227725722267
DSC00089.JPG	2693766.6939839907000000	1256231.0059487543000000	583.8847768426682000	4.4039645964518153	-0.4510333248625372	142.6193891302383200	-0.7945954929176901	0.6057947770045865	0.0403818125999403	-0.6070881610361686	-0.7919069728415407	-0.0657823007705777	-0.0078719352522876	-0.0767856400566622	0.9970165485670097
DSC00090.JPG	2693768.1174290981000000	1256229.8584298978000000	583.8902014757393300	4.4531657073417286	-0.4456182380862459	142.6256700855914200	-0.7946626268677571	0.6056672365946954	0.0409695981842788	-0.6070015000707044	-0.7919210471915393	-0.0664095921307318	-0.0077774270520905	-0.0776418284869751	0.9969509807897520
DSC00091.JPG	2693769.6066664476000000	1256228.5752824380000000	583.8899686449646000	4.4662540222750744	-0.4173497072117971	142.6289143484818000	-0.7946999486764027	0.6055824882183737	0.0414950784668037	-0.6069587580823868	-0.7919634687799189	-0.0662942690220297	-0.0072840621091142	-0.0778698534820892	0.9969369229584530
DSC00092.JPG	2693770.5393527560000000	1256227.7970093088000000	583.8862122778027700	4.4422574525390450	-0.3900211620553619	142.6242366090505400	-0.7946530632640630	0.6056351143929527	0.0416247193296974	-0.6070256769057867	-0.7919641453434182	-0.0656705418550841	-0.0068071008595476	-0.0774525706784767	0.9969727993647487
DSC00093.JPG	2693772.3334136438000000	1256226.3392852142000000	583.9057727210421300	4.5361256318461427	-0.3893802634596515	142.6201122694059500	-0.7946094259455783	0.6056224033509530	0.0426305613129151	-0.6070829232759710	-0.7918124382863502	-0.0669580976561234	-0.0067959153276143	-0.0790858213236803	0.9968446460710008
DSC00094.JPG	2693773.8411568906000000	1256225.1729692570000000	583.9278186473098900	4.5321770082202084	-0.3634120549168456	142.6356491444802800	-0.7947763856010430	0.6053821369307091	0.0429297702783309	-0.6068692339532893	-0.7920029832758273	-0.0666408835711062	-0.0063426943714429	-0.0790173573805053	0.9968530621213502
DSC00095.JPG	2693775.6892024241000000	1256223.5601305941000000	583.9309998997490500	4.6228434786788437	-0.3448589589500112	142.6335837387465800	-0.7947560992514351	0.6053212500946410	0.0441466520418543	-0.6068990984426688	-0.7918905552414310	-0.0676966234674533	-0.0060188879470308	-0.0805948677229503	0.9967287696683597
DSC00096.JPG	2693776.8451695964000000	1256222.5960176503000000	583.9332527092566400	4.6551125956052557	-0.2916871119563029	142.6370219270357900	-0.7947966137237935	0.6051889113045263	0.0452186294267413	-0.6068545342743184	-0.7919343296716528	-0.0675839605099499	-0.0050908784989274	-0.0811566332566392	0.9966883584323421
DSC00097.JPG	2693778.5959121361000000	1256221.1495206165000000	583.9425811159641200	4.8061104343587955	-0.2878287791041294	142.6391086573689500	-0.7948189857133207	0.6050343194675949	0.0468641890576628	-0.6068257937893656	-0.7917789283117689	-0.0696317791914949	-0.0050235387481675	-0.0837830588356093	0.9964713558906722
DSC00098.JPG	2693779.4938947856000000	1256220.4476134442000000	583.9500168234883400	4.8238901842964550	-0.2479111286985890	142.6359181058601300	-0.7947877817983616	0.6050172717887489	0.0476075912154720	-0.6068720295550525	-0.7917591452321104	-0.0694535505575446	-0.0043268519470457	-0.0840925488888122	0.9964485544038946
DSC00099.JPG	2693781.0035319533000000	1256219.2485380045000000	583.9419197513656200	4.8702858675484189	-0.2076914548618557	142.6375613385697800	-0.7948074047159247	0.6049084485999482	0.0486513948529800	-0.6068509286211404	-0.7917561619424045	-0.0696715900341892	-0.0036248917771331	-0.0848996398027507	0.9963829140049356
DSC00100.JPG	2693783.1087530497000000	1256217.5857426589000000	583.9295891215107300	4.8990432672075972	-0.1338767690482673	142.6365137593047300	-0.7947993612280854	0.6048109839726356	0.0499764850452694	-0.6068677909945550	-0.7917768022826590	-0.0692891017436097	-0.0023365882856621	-0.0854000528869840	0.9963440025021899
DSC00101.JPG	2693784.0925312657000000	1256216.8381167112000000	583.9096653793028500	4.8765292960141693	-0.0990482779377411	142.6366885296662900	-0.7948021944174293	0.6047870889954109	0.0502200033223394	-0.6068661164411199	-0.7918371721871995	-0.0686105637511641	-0.0017287177074075	-0.0850086450135308	0.9963787140480529
DSC00102.JPG	2693785.6901147589000000	1256215.5341065584000000	583.8940255869040400	4.9123749330518880	-0.0978864087208222	142.6400542760416100	-0.7948378700986259	0.6047076578694549	0.0506103622899341	-0.6068194471935279	-0.7918306705211027	-0.0690966549830201	-0.0017084392940414	-0.0856319901446856	0.9963253702977954
DSC00103.JPG	2693787.5012304280000000	1256214.0623737106000000	583.8777091500162400	5.0296030026217640	-0.2223069919264499	142.6612342742196500	-0.7950573088338934	0.6044615095517372	0.0501014884034659	-0.6065219051534964	-0.7917956137971473	-0.0720477934469345	-0.0038799792242328	-0.0876697749628361	0.9961420362173183
DSC00104.JPG	2693788.3657789566000000	1256213.3931823075000000	583.8910173036044900	5.0542524701534921	-0.2121891876044851	142.6516879828884600	-0.7949567749104847	0.6045594426858298	0.0505134267627921	-0.6066547707843009	-0.7916732631730835	-0.0722733246884965	-0.0037033914953752	-0.0880983804407370	0.9961048942029905
DSC00105.JPG	2693789.2410181221000000	1256212.7290832268000000	583.8646005744537900	5.0694352208086002	-0.1910810464695747	142.6569338495315500	-0.7950133461951365	0.6044476710007917	0.0509587322578821	-0.6065827703058125	-0.7917291776076719	-0.0722651513027212	-0.0033349872169871	-0.0883624487347326	0.9960828055507555
DSC00106.JPG	2693789.9970421176000000	1256212.1076087463000000	583.8470133571494200	5.1210614509289956	-0.1957921985379858	142.6544150175148800	-0.7949864581988707	0.6044421466181383	0.0514414489694041	-0.6066175516282848	-0.7916327182210198	-0.0730259234690310	-0.0034172118635156	-0.0892599060813782	0.9960025059353131
DSC00107.JPG	2693791.4081293736000000	1256210.9818047530000000	583.8359764708885700	5.0180601102472577	-0.1530032234016737	142.6433815513114500	-0.7948714337900579	0.6046341821315536	0.0509598816977137	-0.6067720104551977	-0.7916859248833998	-0.0711415748326759	-0.0026704068407026	-0.0874694354596127	0.9961636245053732
DSC00108.JPG	2693792.1579949856000000	1256210.3444005940000000	583.8434268355300700	5.0427701523832340	-0.1952399671590463	142.6591590471632300	-0.7950367089108036	0.6044456438296023	0.0506171427452752	-0.6065517454644769	-0.7917823288436471	-0.0719425034658048	-0.0034075736638365	-0.0878988474688290	0.9961235772008297
DSC00109.JPG	2693792.3197656907000000	1256210.3676821420000000	583.8457255080853700	5.1085704031731218	-0.1332148728456405	142.6625478385654200	-0.7950750494093452	0.6042636487481468	0.0521642464558248	-0.6065066034381640	-0.7917933941253001	-0.0722008379829414	-0.0023250360489998	-0.0890430447655171	0.9960250651395561
DSC00110.JPG	2693796.0603073221000000	1256210.8540748735000000	584.0939690274808500	5.0708813533023411	-0.0937142682105482	142.6233684823483000	-0.7946612139523503	0.6047907343061869	0.0523614623283204	-0.6070509696731246	-0.7914642984426368	-0.0712276948217772	-0.0016356218070850	-0.0883879629140111	0.9960847819102627
DSC00111.JPG	2693795.5713030733000000	1256211.3411872950000000	583.9753804998490500	4.9743910604582888	-0.1500462375391894	142.6947138329178100	-0.7954148408290237	0.6039597109245106	0.0504767131350762	-0.6060597106610806	-0.7922840480188532	-0.0705522102294983	-0.0026187978819485	-0.0867101772275991	0.9962301376001492
DSC00112.JPG	2693793.9287460875000000	1256212.6565822817000000	583.8946052275907700	5.0385414540542897	-0.0833430132860107	142.7216885482972900	-0.7957019708231938	0.6034484246489271	0.0520420254872292	-0.6056866002639925	-0.7925507158523257	-0.0707609006628185	-0.0014546094774085	-0.0878257456028409	0.9961347913412989
DSC00113.JPG	2693790.8344986551000000	1256215.1175926120000000	583.8137785287218500	4.9490600726906306	-0.1895863973460833	142.7167608874016800	-0.7956463624890579	0.6037244147526215	0.0496356413228964	-0.6057523561929771	-0.7925114483701248	-0.0706377177501109	-0.0033089008125579	-0.0862695498648988	0.9962663378542509
DSC00114.JPG	2693787.9455461148000000	1256217.4088229046000000	583.8416323213253900	4.9412558683056220	-0.3146371623931898	142.7102338794005600	-0.7955697109377632	0.6039710100179085	0.0478315178135827	-0.6058371722416374	-0.7923383883723868	-0.0718414855198958	-0.0054914268328192	-0.0861330213646097	0.9962685114274883
DSC00115.JPG	2693786.4815783929000000	1256218.5562124390000000	583.8667702180224500	4.8508003778791968	-0.3605073390051823	142.7043912535662600	-0.7955041754077449	0.6041804312616231	0.0462505501520010	-0.6059154377166709	-0.7923482001326501	-0.0710690655852794	-0.0062919985265918	-0.0845596607554035	0.9963985520500682
DSC00116.JPG	2693784.1714093089000000	1256220.4287222079000000	583.9045553668119100	4.7421095662229238	-0.4576311504888486	142.7097652082457800	-0.7955513742249963	0.6043042376449163	0.0437538493519839	-0.6058334898594928	-0.7924533650618740	-0.0705935320463620	-0.0079870854125488	-0.0826683286785787	0.9965451088134961
DSC00117.JPG	2693782.6281823069000000	1256221.6387133559000000	583.9194131239942200	4.6890229228663598	-0.4960140731270520	142.6999678002910900	-0.7954433321089902	0.6045235885454674	0.0426747735255546	-0.6059661395356580	-0.7923818948541699	-0.0702564619345915	-0.0086569705785558	-0.0817445019522791	0.9966157199547757
DSC00118.JPG	2693780.5442378074000000	1256223.3295455442000000	583.9290542662125700	4.6056671729173484	-0.5098981497769739	142.7068516799589900	-0.7955144387586604	0.6045052941413129	0.0415947963286122	-0.6058692767166279	-0.7925441116387317	-0.0692549683246183	-0.0088992840927667	-0.0802943364247996	0.9967314694945361
DSC00119.JPG	2693778.9242523722000000	1256224.7359927050000000	583.9246581258510100	4.4594854964735777	-0.4748855894304033	142.6905691772141200	-0.7953464056300958	0.6047969120761109	0.0405560130497081	-0.6060985071948962	-0.7925751721238441	-0.0668520464082980	-0.0082882222101783	-0.0777514737870613	0.9969383199057675
DSC00120.JPG	2693777.9100156259000000	1256225.5296072722000000	583.9095631477609900	4.4856872391055189	-0.5265966357271184	142.6978891936467400	-0.7954175590938887	0.6047331893361672	0.0401083083715524	-0.6059921100389815	-0.7925790011982536	-0.0677649572425267	-0.0091907157296256	-0.0782067553021238	0.9968947959386140
DSC00121.JPG	2693775.6289368533000000	1256227.5535538360000000	583.9350686208339300	4.4747395628433813	-0.5451753410636482	142.6852383796198500	-0.7952813256465385	0.6049359496958134	0.0397505955113747	-0.6061658837254749	-0.7924430545123962	-0.0678006398375248	-0.0095149611243763	-0.0780160375864369	0.9969066974366826
DSC00122.JPG	2693774.3062308449000000	1256228.6771878751000000	583.9424214396153700	4.5159325082384107	-0.5632366827901825	142.6907484515724000	-0.7953371911076377	0.6048507484284523	0.0399289940588856	-0.6060875514938170	-0.7924372307280788	-0.0685646795386877	-0.0098301762569510	-0.0787325058762566	0.9968473103505885
DSC00123.JPG	2693772.0045406763000000	1256230.4625543270000000	583.8954806805927500	4.6809436783963578	-0.5421358003616540	142.7098537818562200	-0.7955420735831958	0.6044451301848726	0.0419391673110215	-0.6058244641408092	-0.7924562915258584	-0.0706381247598287	-0.0094619135194953	-0.0816033738081743	0.9966199684813030
DSC00124.JPG	2693770.4711617511000000	1256231.5364697916000000	583.8781595304636800	4.7198473509311016	-0.5596006538882266	142.7178712458582800	-0.7956245077141240	0.6043255813949532	0.0420979143938230	-0.6057113618976538	-0.7924775224316305	-0.0713661159704963	-0.0097667186274142	-0.0822798159470287	0.9965614095955030
DSC00125.JPG	2693768.9753447603000000	1256232.5997694633000000	583.8702211113280800	4.6758312717370210	-0.5691297668519471	142.7213826043017100	-0.7956603236035594	0.6043199597551542	0.0414974178065119	-0.6056616088694410	-0.7925609389385071	-0.0708602399840167	-0.0099330249551289	-0.0815140743089283	0.9966226922485757
