<?xml version="1.0" encoding="UTF-8"?>
<document version="1.5.0">
  <chunk label="SonyA9" enabled="true">
    <sensors next_id="1">
      <sensor id="0" label="SonyA9" type="frame">
        <resolution width="6000" height="4000"/>
        <property name="pixel_width" value="0.006"/>
        <property name="pixel_height" value="0.006"/>
        <property name="focal_length" value="55"/>
        <property name="fixed" value="true"/>
        <property name="layer_index" value="0"/>
        <calibration type="frame" class="initial">
          <resolution width="6000" height="4000"/>
          <f>9227.77018581081</f>
          <cx>-37.8304617831239</cx>
          <cy>31.7622333680372</cy>
          <k1>-0.017282082281574</k1>
        </calibration>
      </sensor>
    </sensors>
    <cameras next_id="588" next_group_id="0">
      <camera id="0" sensor_id="0" label="DSC00003.JPG">
        <transform>9.9819534188975334e-001 5.9786400842978815e-002 -5.6254514344282157e-003 5.3353382523488868e+000 5.9941991453905358e-002 -9.9763877939595935e-001 3.3523476936025622e-002 2.4053061271018567e+001 -3.6079204728466305e-003 -3.3800179283296213e-002 -9.9942209841001550e-001 1.1029807315509319e+000 0 0 0 1</transform>
        <rotation_covariance>1.7836721948977184e-008 7.6564491950525307e-011 3.4893699227320163e-010 7.6564491950525100e-011 6.5307416940362894e-009 -2.1549974051389212e-010 3.4893699227320158e-010 -2.1549974051389212e-010 2.3198079565001709e-010</rotation_covariance>
        <location_covariance>5.4568972834387273e-006 -3.7137952073770228e-006 2.2027901988812909e-006 -3.7137952073770228e-006 1.2048625313788316e-005 -5.5726801151134126e-006 2.2027901988812909e-006 -5.5726801151134126e-006 3.7582915256723664e-006</location_covariance>
      </camera>
      <camera id="1" sensor_id="0" label="DSC00004.JPG">
        <transform>9.9946713273009413e-001 3.1915422348691866e-002 -6.8451741095023567e-003 5.7972630922036164e+000 3.2093198261783848e-002 -9.9910209688713236e-001 2.7659114611010116e-002 2.4027478411388742e+001 -5.9562754817600516e-003 -2.7864059503952016e-002 -9.9959397605745182e-001 1.1068054363492796e+000 0 0 0 1</transform>
        <rotation_covariance>1.7623028115598481e-008 -1.4157908635565012e-010 3.1399317475230934e-010 -1.4157908635564999e-010 6.4649050416673463e-009 -1.8178238066044638e-010 3.1399317475230940e-010 -1.8178238066044641e-010 2.2351584150716715e-010</rotation_covariance>
        <location_covariance>5.2892901997149340e-006 -3.5752474557867102e-006 2.0803055391001490e-006 -3.5752474557867102e-006 1.1964968766136678e-005 -5.5306220795469243e-006 2.0803055391001490e-006 -5.5306220795469243e-006 3.6986098024010352e-006</location_covariance>
      </camera>
      <camera id="2" sensor_id="0" label="DSC00005.JPG">
        <transform>9.9997251219551231e-001 4.7430260414316671e-003 -5.6989961718606702e-003 7.3611075004978002e+000 4.8543829789033316e-003 -9.9979439860082542e-001 1.9687445042666018e-002 2.3935840502635561e+001 -5.6044463857472257e-003 -1.9714568988039336e-002 -9.9978994091275253e-001 1.0455074805574252e+000 0 0 0 1</transform>
        <rotation_covariance>1.8207915906601746e-008 -2.6457551824968715e-010 3.0799203870256688e-010 -2.6457551824968709e-010 6.3891443035449295e-009 -1.3377518890016520e-010 3.0799203870256682e-010 -1.3377518890016520e-010 2.1110000697572779e-010</rotation_covariance>
        <location_covariance>4.7895165142983056e-006 -3.1776859527129328e-006 1.7116713851888925e-006 -3.1776859527129328e-006 1.2154906246346543e-005 -5.3794490294291014e-006 1.7116713851888925e-006 -5.3794490294291014e-006 3.5341183676143966e-006</location_covariance>
      </camera>
      <camera id="3" sensor_id="0" label="DSC00006.JPG">
        <transform>9.9990644000926066e-001 -1.1853055712681493e-002 -6.8276129268345538e-003 8.8231405862591270e+000 -1.1738317061988820e-002 -9.9979318983691756e-001 1.6606910256684655e-002 2.3932519861005698e+001 -7.0230435395796757e-003 -1.6525211829003114e-002 -9.9983878412144411e-001 9.3398642839366242e-001 0 0 0 1</transform>
        <rotation_covariance>1.8326933983184664e-008 -2.2489075233487963e-010 2.8629690865063880e-010 -2.2489075233487958e-010 6.2796026295503877e-009 -1.1478741204337577e-010 2.8629690865063890e-010 -1.1478741204337578e-010 2.0412891644132758e-010</rotation_covariance>
        <location_covariance>4.3267784882060913e-006 -2.7821154613165515e-006 1.4112344669190399e-006 -2.7821154613165515e-006 1.2132472218035399e-005 -5.2967053045417600e-006 1.4112344669190399e-006 -5.2967053045417600e-006 3.4446243461642397e-006</location_covariance>
      </camera>
      <camera id="4" sensor_id="0" label="DSC00007.JPG">
        <transform>9.9985269431861912e-001 -1.5601851702910464e-002 -7.1534528192840055e-003 1.0420164975331044e+001 -1.5498979273931764e-002 -9.9977879744057818e-001 1.4217518409959421e-002 2.4011002361761911e+001 -7.3736900710272635e-003 -1.4104552871739369e-002 -9.9987333711976978e-001 8.4358727522512000e-001 0 0 0 1</transform>
        <rotation_covariance>1.8476270321010531e-008 -1.3859527505152333e-010 2.9010958384535643e-010 -1.3859527505152331e-010 6.2398525949760144e-009 -1.1003935278561651e-010 2.9010958384535643e-010 -1.1003935278561652e-010 2.0104884291897567e-010</rotation_covariance>
        <location_covariance>3.9092924461545114e-006 -2.4164694818836889e-006 1.1009594776062189e-006 -2.4164694818836889e-006 1.2172985795822251e-005 -5.2595381645858751e-006 1.1009594776062189e-006 -5.2595381645858751e-006 3.3959708135093392e-006</location_covariance>
      </camera>
      <camera id="5" sensor_id="0" label="DSC00008.JPG">
        <transform>9.9984643010757690e-001 -1.5412476055922209e-002 -8.3409701450463895e-003 1.2316428783032183e+001 -1.5348819408612630e-002 -9.9985299022450902e-001 7.6427535528473317e-003 2.4041360086026536e+001 -8.4575376970325630e-003 -7.5135558115574557e-003 -9.9993600621998302e-001 7.5795889300079311e-001 0 0 0 1</transform>
        <rotation_covariance>1.8456849430818119e-008 -2.4554312831041163e-010 2.8500223185885832e-010 -2.4554312831041163e-010 6.1741139065410534e-009 -8.2568742929491160e-011 2.8500223185885837e-010 -8.2568742929491148e-011 1.9585685988960122e-010</rotation_covariance>
        <location_covariance>3.4628434879255643e-006 -2.0863958390566660e-006 7.5308635404838505e-007 -2.0863958390566660e-006 1.2137984228351212e-005 -5.1865037056485007e-006 7.5308635404838505e-007 -5.1865037056485007e-006 3.3389065177757773e-006</location_covariance>
      </camera>
      <camera id="6" sensor_id="0" label="DSC00009.JPG">
        <transform>9.9984329767832614e-001 -1.4932493153369350e-002 -9.5079301615345179e-003 1.3784901026945057e+001 -1.4858320912668890e-002 -9.9985899364527475e-001 7.8245208361038994e-003 2.3917618124182965e+001 -9.6234290867749737e-003 -7.6820228379675662e-003 -9.9992418519492210e-001 6.5597113251855044e-001 0 0 0 1</transform>
        <rotation_covariance>1.8649998551693497e-008 -3.5351780414694831e-010 2.8335601854780047e-010 -3.5351780414694836e-010 6.1970065444297050e-009 -9.0236459163473244e-011 2.8335601854780042e-010 -9.0236459163473244e-011 1.9504691626288634e-010</rotation_covariance>
        <location_covariance>3.1734223437902235e-006 -1.8268673915845707e-006 4.8388689156331071e-007 -1.8268673915845707e-006 1.2106786080098118e-005 -5.0642226946466174e-006 4.8388689156331071e-007 -5.0642226946466174e-006 3.2639789974906794e-006</location_covariance>
      </camera>
      <camera id="7" sensor_id="0" label="DSC00010.JPG">
        <transform>9.9983354793689339e-001 -1.4415592228649951e-002 -1.1183341210083448e-002 1.5585281294945807e+001 -1.4348025842702124e-002 -9.9987846328732577e-001 6.0985907054892687e-003 2.3878838487499795e+001 -1.1269896820335827e-002 -5.9371167137942642e-003 -9.9991886674409025e-001 5.6037484927787939e-001 0 0 0 1</transform>
        <rotation_covariance>1.8729397565014240e-008 -1.7991457471880392e-010 2.6588496698171093e-010 -1.7991457471880397e-010 6.1927328376108805e-009 -7.9614424136820887e-011 2.6588496698171098e-010 -7.9614424136820887e-011 1.9408673042362800e-010</rotation_covariance>
        <location_covariance>2.8654646446141785e-006 -1.4020085315497871e-006 1.8348712323680561e-007 -1.4020085315497871e-006 1.2071310452095916e-005 -4.9712664562340805e-006 1.8348712323680561e-007 -4.9712664562340805e-006 3.2388924134225135e-006</location_covariance>
      </camera>
      <camera id="8" sensor_id="0" label="DSC00011.JPG">
        <transform>9.9983268990298924e-001 -1.3951045229861344e-002 -1.1830491889492218e-002 1.6516336817221465e+001 -1.3906666653058487e-002 -9.9989598078234176e-001 3.8252108333338367e-003 2.3891026613261868e+001 -1.1882626980330959e-002 -3.6600481298893449e-003 -9.9992270062426991e-001 5.2106398722269198e-001 0 0 0 1</transform>
        <rotation_covariance>1.8757386601192657e-008 5.3640166553280433e-011 2.4427596614125770e-010 5.3640166553280433e-011 6.1881572043097907e-009 -6.0494375084315090e-011 2.4427596614125765e-010 -6.0494375084315090e-011 1.9340735138510545e-010</rotation_covariance>
        <location_covariance>2.7287951799103042e-006 -1.1286163507236218e-006 3.4913135039843559e-008 -1.1286163507236218e-006 1.2066442015767310e-005 -4.9361560037788350e-006 3.4913135039843559e-008 -4.9361560037788350e-006 3.2485878486227730e-006</location_covariance>
      </camera>
      <camera id="9" sensor_id="0" label="DSC00012.JPG">
        <transform>9.9982680011257763e-001 -1.4003767751006681e-002 -1.2258232556965152e-002 1.7409212228654162e+001 -1.3963047758797625e-002 -9.9989672737843960e-001 3.4011579163507307e-003 2.3874050683172438e+001 -1.2304595642698372e-002 -3.2294065495511587e-003 -9.9991908065573354e-001 4.8248702425425077e-001 0 0 0 1</transform>
        <rotation_covariance>1.8921022777687850e-008 2.0847740781341004e-010 2.3095837173547013e-010 2.0847740781340996e-010 6.2767562921803306e-009 -5.7058282205516052e-011 2.3095837173547013e-010 -5.7058282205516059e-011 1.9417561724458300e-010</rotation_covariance>
        <location_covariance>2.6463694287513477e-006 -8.9268487507796179e-007 -9.2722888363879392e-008 -8.9268487507796179e-007 1.2104932729913475e-005 -4.8995474019713144e-006 -9.2722888363879392e-008 -4.8995474019713144e-006 3.2537865196055549e-006</location_covariance>
      </camera>
      <camera id="10" sensor_id="0" label="DSC00013.JPG">
        <transform>9.9982506950254635e-001 -1.3428569076750918e-002 -1.3019367372456498e-002 1.9032838830968000e+001 -1.3406176844680288e-002 -9.9990850279997423e-001 1.8056718204202602e-003 2.3941817253744016e+001 -1.3042423725566269e-002 -1.6308160119494640e-003 -9.9991361407998536e-001 3.9484108076846919e-001 0 0 0 1</transform>
        <rotation_covariance>1.8818822304356336e-008 2.5971311707060440e-010 2.2054728569224340e-010 2.5971311707060445e-010 6.3720496604394925e-009 -5.8264441901508813e-011 2.2054728569224352e-010 -5.8264441901508813e-011 1.9613664203541400e-010</rotation_covariance>
        <location_covariance>2.4927055420731052e-006 -5.7300945678825051e-007 -3.2095467120924501e-007 -5.7300945678825051e-007 1.2037304144434971e-005 -4.8765063101951827e-006 -3.2095467120924501e-007 -4.8765063101951827e-006 3.3216155015953722e-006</location_covariance>
      </camera>
      <camera id="11" sensor_id="0" label="DSC00014.JPG">
        <transform>9.9977455509419633e-001 -1.5979524396422376e-002 -1.3981909249629970e-002 1.9792198803938174e+001 -1.5985493368400196e-002 -9.9987217414160379e-001 -3.1524452599450859e-004 2.3943221190078138e+001 -1.3975084542484150e-002 5.3868117330957410e-004 -9.9990219863475849e-001 3.5732666657114820e-001 0 0 0 1</transform>
        <rotation_covariance>1.8564106163329681e-008 2.3367759458323110e-010 1.8775353809547201e-010 2.3367759458323125e-010 6.3940800046989979e-009 -4.6231289963300096e-011 1.8775353809547198e-010 -4.6231289963300096e-011 1.9674392911859792e-010</rotation_covariance>
        <location_covariance>2.4252927057185567e-006 -4.2986249193403027e-007 -4.2309695021161358e-007 -4.2986249193403027e-007 1.1913537144799327e-005 -4.8404499550299412e-006 -4.2309695021161358e-007 -4.8404499550299412e-006 3.3480530783906741e-006</location_covariance>
      </camera>
      <camera id="12" sensor_id="0" label="DSC00015.JPG">
        <transform>9.9977216283669279e-001 -1.5093110020061844e-002 -1.5093722097753549e-002 2.1382309085766643e+001 -1.5097922457646250e-002 -9.9988599887184126e-001 -2.0493297209917588e-004 2.3844235364395903e+001 -1.5088908320511660e-002 4.3277012658128936e-004 -9.9988606228695509e-001 2.5168331994060666e-001 0 0 0 1</transform>
        <rotation_covariance>1.8351838598357576e-008 4.0295791246020003e-010 1.4436264464315248e-010 4.0295791246019987e-010 6.4686936982315324e-009 -5.2156328039752721e-011 1.4436264464315250e-010 -5.2156328039752721e-011 1.9914933568765472e-010</rotation_covariance>
        <location_covariance>2.3117864657277215e-006 -6.7093908185792444e-008 -6.2801911009832404e-007 -6.7093908185792444e-008 1.1718733107608110e-005 -4.7236913909340415e-006 -6.2801911009832404e-007 -4.7236913909340415e-006 3.3818572098274718e-006</location_covariance>
      </camera>
      <camera id="13" sensor_id="0" label="DSC00016.JPG">
        <transform>9.9975935227543533e-001 -1.5205056308543973e-002 -1.5812773332225770e-002 2.2137041835098877e+001 -1.5225277325657562e-002 -9.9988341682815085e-001 -1.1591731618982642e-003 2.3811985930009929e+001 -1.5793304535756954e-002 1.3996480687853766e-003 -9.9987429835811081e-001 2.0849825265415167e-001 0 0 0 1</transform>
        <rotation_covariance>1.8253980483811551e-008 5.0603353748578092e-010 1.1775383516279380e-010 5.0603353748578102e-010 6.4944386277622015e-009 -4.6509716137392755e-011 1.1775383516279388e-010 -4.6509716137392748e-011 2.0052769706844378e-010</rotation_covariance>
        <location_covariance>2.2671809059998116e-006 1.1465108789652963e-007 -7.2167013379208781e-007 1.1465108789652963e-007 1.1639686378134018e-005 -4.6729050632676540e-006 -7.2167013379208781e-007 -4.6729050632676540e-006 3.4108128042636588e-006</location_covariance>
      </camera>
      <camera id="14" sensor_id="0" label="DSC00017.JPG">
        <transform>9.9974056756538598e-001 -1.3862647862206295e-002 -1.8072757351556626e-002 2.3559612471291665e+001 -1.3933540749337840e-002 -9.9989569277526835e-001 -3.8026322005685256e-003 2.3760296592692026e+001 -1.8018157681248065e-002 4.0534631754495995e-003 -9.9982944317021338e-001 1.3643073049850521e-001 0 0 0 1</transform>
        <rotation_covariance>1.8281805055223311e-008 7.2374322814533910e-010 6.6863256593333740e-011 7.2374322814533889e-010 6.4336255350022482e-009 -2.7628630669042559e-011 6.6863256593333714e-011 -2.7628630669042562e-011 2.0095599885261466e-010</rotation_covariance>
        <location_covariance>2.1593606451048516e-006 4.5720596266634236e-007 -8.7468471108247431e-007 4.5720596266634236e-007 1.1591915498456408e-005 -4.6042994029041631e-006 -8.7468471108247431e-007 -4.6042994029041631e-006 3.4810004245863756e-006</location_covariance>
      </camera>
      <camera id="15" sensor_id="0" label="DSC00018.JPG">
        <transform>9.9970626068139035e-001 -1.3687331756125225e-002 -2.0001232557791505e-002 2.5231068287731066e+001 -1.3788061373544692e-002 -9.9989289977173812e-001 -4.9069694949270088e-003 2.3749898226232009e+001 -1.9931927101824797e-002 5.1813063471044972e-003 -9.9978791368296960e-001 4.0082071294304210e-002 0 0 0 1</transform>
        <rotation_covariance>1.7762015097312457e-008 9.9121410928376172e-010 1.1565489306309962e-013 9.9121410928376172e-010 6.4047338202575701e-009 -2.5030592593429891e-011 1.1565489306314486e-013 -2.5030592593429891e-011 2.0102420145171747e-010</rotation_covariance>
        <location_covariance>2.0801218707848757e-006 8.6437007773693700e-007 -1.0377800089663932e-006 8.6437007773693700e-007 1.1321661260762231e-005 -4.5397085831597286e-006 -1.0377800089663932e-006 -4.5397085831597286e-006 3.6072420626757331e-006</location_covariance>
      </camera>
      <camera id="16" sensor_id="0" label="DSC00019.JPG">
        <transform>9.9969440952720268e-001 -1.3032380943126773e-002 -2.1005823169085888e-002 2.6567103896703195e+001 -1.3191674638152897e-002 -9.9988513759525788e-001 -7.4626628192228312e-003 2.3690226140641609e+001 -2.0906154125012875e-002 7.7374842853167322e-003 -9.9975150115247924e-001 -3.9469716060517128e-002 0 0 0 1</transform>
        <rotation_covariance>1.7653010141341720e-008 1.1226188161140990e-009 -2.6648057652371257e-011 1.1226188161140990e-009 6.3742222283852795e-009 -1.3925339442604566e-011 -2.6648057652371221e-011 -1.3925339442604566e-011 2.0080343985086858e-010</rotation_covariance>
        <location_covariance>2.0371946065875883e-006 1.1543803652468023e-006 -1.1602314372511583e-006 1.1543803652468023e-006 1.1212639381515096e-005 -4.4760994715722848e-006 -1.1602314372511583e-006 -4.4760994715722848e-006 3.7067993093854747e-006</location_covariance>
      </camera>
      <camera id="17" sensor_id="0" label="DSC00020.JPG">
        <transform>9.9967772464354065e-001 -1.3155051828851289e-002 -2.1711551370060995e-002 2.7845073838548476e+001 -1.3346367102249969e-002 -9.9987316747690191e-001 -8.6904225949730619e-003 2.3623024217202993e+001 -2.1594474679568865e-002 8.9773922208776728e-003 -9.9972650514639549e-001 -1.2511735592799289e-001 0 0 0 1</transform>
        <rotation_covariance>1.7182362101060117e-008 1.1317455931785215e-009 -4.6074206476500740e-011 1.1317455931785215e-009 6.4384050501968528e-009 -5.3735348130335246e-012 -4.6074206476500682e-011 -5.3735348130335303e-012 2.0099095878212423e-010</rotation_covariance>
        <location_covariance>2.0553836326272895e-006 1.3864321474390235e-006 -1.2676735139255378e-006 1.3864321474390235e-006 1.0956006840580063e-005 -4.4118497106532402e-006 -1.2676735139255378e-006 -4.4118497106532402e-006 3.8139621472288499e-006</location_covariance>
      </camera>
      <camera id="18" sensor_id="0" label="DSC00021.JPG">
        <transform>9.9968004386834552e-001 -1.2587719199698573e-002 -2.1939900107586965e-002 2.9077557083386047e+001 -1.2779453050356380e-002 -9.9988117615594407e-001 -8.6208554528907737e-003 2.3561084277870705e+001 -2.1828776216615803e-002 8.8984770806829379e-003 -9.9972212220923140e-001 -1.9540014290048724e-001 0 0 0 1</transform>
        <rotation_covariance>1.6829123731463918e-008 1.0784296591546126e-009 -5.3084860188658882e-011 1.0784296591546124e-009 6.4722508835920046e-009 -4.4436224429757973e-012 -5.3084860188658908e-011 -4.4436224429757989e-012 2.0050237310508818e-010</rotation_covariance>
        <location_covariance>2.0837505845447110e-006 1.5841135640454461e-006 -1.3668255341570127e-006 1.5841135640454461e-006 1.0764070822526260e-005 -4.3568794845347152e-006 -1.3668255341570127e-006 -4.3568794845347152e-006 3.9312509154964857e-006</location_covariance>
      </camera>
      <camera id="19" sensor_id="0" label="DSC00022.JPG">
        <transform>9.9968101471268223e-001 -1.2148001586437735e-002 -2.2142603290459903e-002 3.0313940379232626e+001 -1.2388380646294194e-002 -9.9986545974914798e-001 -1.0751298786080596e-002 2.3532372502602463e+001 -2.2009017424349110e-002 1.1022180278010378e-002 -9.9969701144593492e-001 -2.6861537842349409e-001 0 0 0 1</transform>
        <rotation_covariance>1.6683126472326951e-008 1.0433813445282645e-009 -6.6640549995610627e-011 1.0433813445282643e-009 6.5377314100739994e-009 1.1789439246826706e-011 -6.6640549995610653e-011 1.1789439246826706e-011 2.0185855490461580e-010</rotation_covariance>
        <location_covariance>2.1428113538240132e-006 1.7906538592619994e-006 -1.4565864695129954e-006 1.7906538592619994e-006 1.0667500138937284e-005 -4.3102671118200184e-006 -1.4565864695129954e-006 -4.3102671118200184e-006 4.0765555953313373e-006</location_covariance>
      </camera>
      <camera id="20" sensor_id="0" label="DSC00023.JPG">
        <transform>9.9967835725742504e-001 -1.2112003192809213e-002 -2.2281862798079425e-002 3.1470479112619508e+001 -1.2327304193538238e-002 -9.9987840285276297e-001 -9.5507633165023871e-003 2.3489590243894526e+001 -2.2163474511344806e-002 9.8223666835061951e-003 -9.9970610756877931e-001 -3.3560948983184746e-001 0 0 0 1</transform>
        <rotation_covariance>1.6604315058076429e-008 9.7340814871843034e-010 -7.1349679052676044e-011 9.7340814871843034e-010 6.6433093381518418e-009 7.1258512461365365e-012 -7.1349679052676057e-011 7.1258512461365357e-012 2.0371156928388759e-010</rotation_covariance>
        <location_covariance>2.2357683702973459e-006 1.9690687338817303e-006 -1.5307787183717656e-006 1.9690687338817303e-006 1.0597252940266982e-005 -4.2609714862692045e-006 -1.5307787183717656e-006 -4.2609714862692045e-006 4.2185745206951418e-006</location_covariance>
      </camera>
      <camera id="21" sensor_id="0" label="DSC00024.JPG">
        <transform>9.9966802904606022e-001 -1.1698195340312426e-002 -2.2956130530755795e-002 3.2315847132449619e+001 -1.1901489579801316e-002 -9.9989098438506696e-001 -8.7392157110115099e-003 2.3518239559353336e+001 -2.2851394901560965e-002 9.0095266935395889e-003 -9.9969827557109014e-001 -3.8054186033490256e-001 0 0 0 1</transform>
        <rotation_covariance>1.6449568103209594e-008 9.6712964180428812e-010 -7.5941824160774150e-011 9.6712964180428792e-010 6.5000064444391880e-009 8.7382010936087525e-012 -7.5941824160774202e-011 8.7382010936087574e-012 2.0225483979746377e-010</rotation_covariance>
        <location_covariance>2.2324827530234474e-006 2.1187872382207753e-006 -1.5967062300973044e-006 2.1187872382207753e-006 1.0533246356170963e-005 -4.2464419059502799e-006 -1.5967062300973044e-006 -4.2464419059502799e-006 4.3520288192919532e-006</location_covariance>
      </camera>
      <camera id="22" sensor_id="0" label="DSC00025.JPG">
        <transform>9.9965086861856722e-001 -1.1548505150810505e-002 -2.3764951060874444e-002 3.3223336467057884e+001 -1.1803220986179532e-002 -9.9987409135928440e-001 -1.0605913576719500e-002 2.3575453019128574e+001 -2.3639476400619898e-002 1.0882713688558344e-002 -9.9966131349486431e-001 -4.2130430032455507e-001 0 0 0 1</transform>
        <rotation_covariance>1.6475881040157064e-008 9.1478134668687978e-010 -7.6339770516009665e-011 9.1478134668687978e-010 6.5281829297963164e-009 1.8724333138442771e-011 -7.6339770516009691e-011 1.8724333138442781e-011 2.0472021093976317e-010</rotation_covariance>
        <location_covariance>2.3177252037215009e-006 2.2659986967405837e-006 -1.6590938648359340e-006 2.2659986967405837e-006 1.0555563383050479e-005 -4.2440451144470736e-006 -1.6590938648359340e-006 -4.2440451144470736e-006 4.5163850563608374e-006</location_covariance>
      </camera>
      <camera id="23" sensor_id="0" label="DSC00026.JPG">
        <transform>9.9964696579846568e-001 -1.0938905231413767e-002 -2.4213304653818674e-002 3.4113160344202008e+001 -1.1196644230968824e-002 -9.9988182105760315e-001 -1.0534660720510822e-002 2.3528406815675137e+001 -2.4095205495815990e-002 1.0802049382839796e-002 -9.9965130760743026e-001 -4.5780231285826323e-001 0 0 0 1</transform>
        <rotation_covariance>1.6511090862724865e-008 8.7581988292919179e-010 -7.5523573396223316e-011 8.7581988292919168e-010 6.5406443663775520e-009 2.2667136813091674e-011 -7.5523573396223316e-011 2.2667136813091677e-011 2.0738264383786310e-010</rotation_covariance>
        <location_covariance>2.4084377737231728e-006 2.4088416889441039e-006 -1.7112247284735706e-006 2.4088416889441039e-006 1.0546839540673719e-005 -4.1995209904639389e-006 -1.7112247284735706e-006 -4.1995209904639389e-006 4.6421388148893274e-006</location_covariance>
      </camera>
      <camera id="24" sensor_id="0" label="DSC00027.JPG">
        <transform>9.9966742232109107e-001 -1.0476145969326467e-002 -2.3564700624750783e-002 3.5071314829374245e+001 -1.0752331216761011e-002 -9.9987462386333825e-001 -1.1624281808046545e-002 2.3500225805708180e+001 -2.3439968500615183e-002 1.1873791297524980e-002 -9.9965473087307144e-001 -5.1762465776837419e-001 0 0 0 1</transform>
        <rotation_covariance>1.6469397622519775e-008 9.0128928141563431e-010 -5.1369640124357918e-011 9.0128928141563421e-010 6.5639543960847759e-009 2.8236892507913469e-011 -5.1369640124357976e-011 2.8236892507913459e-011 2.1118913934803032e-010</rotation_covariance>
        <location_covariance>2.5219848883506864e-006 2.5887906392161587e-006 -1.7660076107824717e-006 2.5887906392161587e-006 1.0497847576731649e-005 -4.1594464810346401e-006 -1.7660076107824717e-006 -4.1594464810346401e-006 4.7959462293281829e-006</location_covariance>
      </camera>
      <camera id="25" sensor_id="0" label="DSC00028.JPG">
        <transform>9.9968340348903484e-001 -1.0481913752900173e-002 -2.2874052388179560e-002 3.5852030428738793e+001 -1.0738448673801282e-002 -9.9988049473798968e-001 -1.1121239256174227e-002 2.3490090601049555e+001 -2.2754746947847088e-002 1.1363350148160417e-002 -9.9967649555481186e-001 -5.7008635271275054e-001 0 0 0 1</transform>
        <rotation_covariance>1.6444846971977778e-008 1.0128100901377321e-009 -2.3756630056485899e-011 1.0128100901377321e-009 6.5076077524930232e-009 2.4233659756732104e-011 -2.3756630056485893e-011 2.4233659756732091e-011 2.1423614325582998e-010</rotation_covariance>
        <location_covariance>2.5972875588757911e-006 2.7727939292741035e-006 -1.8145221300482220e-006 2.7727939292741035e-006 1.0461684513516533e-005 -4.1302317222947009e-006 -1.8145221300482220e-006 -4.1302317222947009e-006 4.9333131322852202e-006</location_covariance>
      </camera>
      <camera id="26" sensor_id="0" label="DSC00029.JPG">
        <transform>9.9965715250831266e-001 -1.0422679791615413e-002 -2.4019683281291462e-002 3.6008275046696689e+001 -1.0674211052177557e-002 -9.9988928128127119e-001 -1.0367564672402359e-002 2.3533702239126374e+001 -2.3908966045934975e-002 1.0620401347610484e-002 -9.9965772563304389e-001 -5.9410265388758665e-001 0 0 0 1</transform>
        <rotation_covariance>1.6642408235454720e-008 1.0315171330115506e-009 -3.5947415327386380e-011 1.0315171330115506e-009 6.5748319898150388e-009 2.0174713939608491e-011 -3.5947415327386360e-011 2.0174713939608487e-011 2.1667635836926594e-010</rotation_covariance>
        <location_covariance>2.6436277543249312e-006 2.8107393189571266e-006 -1.8288151326883034e-006 2.8107393189571266e-006 1.0540406767010090e-005 -4.1464649352531506e-006 -1.8288151326883034e-006 -4.1464649352531506e-006 4.9822729582855815e-006</location_covariance>
      </camera>
      <camera id="27" sensor_id="0" label="DSC00030.JPG">
        <transform>9.9971510450491197e-001 -8.3999538483134611e-003 -2.2341678542107658e-002 3.5835337443038917e+001 -8.6623733687285990e-003 -9.9989432312567128e-001 -1.1675010435818660e-002 2.1339982432432457e+001 -2.2241247994512613e-002 1.1865216239156240e-002 -9.9968222127396300e-001 -6.6841678343578503e-001 0 0 0 1</transform>
        <rotation_covariance>1.6258360503854367e-008 1.0850754204315554e-009 2.3535397541307461e-012 1.0850754204315552e-009 6.6798785644139665e-009 6.0563300265055992e-011 2.3535397541307170e-012 6.0563300265055979e-011 2.0388157452272600e-010</rotation_covariance>
        <location_covariance>2.6430219786328266e-006 2.6525031740425290e-006 -1.6184518319647065e-006 2.6525031740425290e-006 9.5550644123792584e-006 -3.3993626461561863e-006 -1.6184518319647065e-006 -3.3993626461561863e-006 4.0941479681368041e-006</location_covariance>
      </camera>
      <camera id="28" sensor_id="0" label="DSC00031.JPG">
        <transform>9.9973042118371980e-001 -9.6705610610706271e-003 -2.1108415586822197e-002 3.5446011353880735e+001 -9.8507817694450158e-003 -9.9991577081629723e-001 -8.4506432524964030e-003 2.1352698797070218e+001 -2.1024915180629471e-002 8.6562995335361277e-003 -9.9974147729302154e-001 -6.3240822070517300e-001 0 0 0 1</transform>
        <rotation_covariance>1.6354261966676761e-008 1.0562847776586855e-009 1.6113938279311539e-011 1.0562847776586851e-009 6.6745299191620923e-009 4.2466867829386578e-011 1.6113938279311497e-011 4.2466867829386591e-011 2.0145920713520956e-010</rotation_covariance>
        <location_covariance>2.5940785399635157e-006 2.5826805141517177e-006 -1.6009508943927486e-006 2.5826805141517177e-006 9.6115147694555198e-006 -3.4106681279199683e-006 -1.6009508943927486e-006 -3.4106681279199683e-006 4.0297776834095857e-006</location_covariance>
      </camera>
      <camera id="29" sensor_id="0" label="DSC00032.JPG">
        <transform>9.9970296155039262e-001 -9.8828492417593877e-003 -2.2278194680853177e-002 3.3889150794287637e+001 -1.0007151424243606e-002 -9.9993493864191973e-001 -5.4749797764528261e-003 2.1477653178225328e+001 -2.2222636831519298e-002 5.6962947645784754e-003 -9.9973681868690289e-001 -5.2583220868638614e-001 0 0 0 1</transform>
        <rotation_covariance>1.6689608407215632e-008 9.8098864011442853e-010 -1.9690972846814912e-011 9.8098864011442853e-010 6.7571104963277890e-009 2.6463077092785176e-011 -1.9690972846814915e-011 2.6463077092785167e-011 1.9725948874486114e-010</rotation_covariance>
        <location_covariance>2.4542939335293908e-006 2.3021158811886663e-006 -1.5259271257714267e-006 2.3021158811886663e-006 9.8227374471741542e-006 -3.4833300193016377e-006 -1.5259271257714267e-006 -3.4833300193016377e-006 3.8143951302095570e-006</location_covariance>
      </camera>
      <camera id="30" sensor_id="0" label="DSC00033.JPG">
        <transform>9.9970498893960535e-001 -9.8137319597203926e-003 -2.2217690120450037e-002 3.2394170468334437e+001 -9.9090476778393444e-003 -9.9994215053283575e-001 -4.1840604543853166e-003 2.1579211391197568e+001 -2.2175343591112347e-002 4.4029822609689085e-003 -9.9974440127655917e-001 -4.2262601520644538e-001 0 0 0 1</transform>
        <rotation_covariance>1.6764595130047508e-008 9.8366154159048213e-010 -2.9618871753134840e-011 9.8366154159048213e-010 6.8201421509038196e-009 1.5632355026050901e-011 -2.9618871753134866e-011 1.5632355026050904e-011 1.9566670605347553e-010</rotation_covariance>
        <location_covariance>2.3520140439396377e-006 2.0568217614127367e-006 -1.4380670953543836e-006 2.0568217614127367e-006 9.9269131484906595e-006 -3.5573463207413843e-006 -1.4380670953543836e-006 -3.5573463207413843e-006 3.6248074413934508e-006</location_covariance>
      </camera>
      <camera id="31" sensor_id="0" label="DSC00034.JPG">
        <transform>9.9972250967851783e-001 -9.4403178954092296e-003 -2.1582030491144349e-002 3.0760187612983525e+001 -9.5569027989386816e-003 -9.9994025845955825e-001 -5.3051975197472420e-003 2.1667364137695557e+001 -2.1530658396312595e-002 5.5099827463895553e-003 -9.9975300491629226e-001 -3.2698953598945341e-001 0 0 0 1</transform>
        <rotation_covariance>1.7134640740360082e-008 8.5511536224652075e-010 -1.0490141226820141e-011 8.5511536224652075e-010 6.7670006541722755e-009 1.4493566725784713e-011 -1.0490141226820153e-011 1.4493566725784707e-011 1.9419994868620405e-010</rotation_covariance>
        <location_covariance>2.2367785607714315e-006 1.7353398397765055e-006 -1.3457413073310841e-006 1.7353398397765055e-006 1.0129374796803101e-005 -3.6245475019689502e-006 -1.3457413073310841e-006 -3.6245475019689502e-006 3.4311147836576372e-006</location_covariance>
      </camera>
      <camera id="32" sensor_id="0" label="DSC00035.JPG">
        <transform>9.9974878716209026e-001 -9.0571435775667897e-003 -2.0501968640735627e-002 2.9329327658135650e+001 -9.1733132682351795e-003 -9.9994235902523376e-001 -5.5793324630478416e-003 2.1683180792490020e+001 -2.0450254072093749e-002 5.7660018440631568e-003 -9.9977424468282894e-001 -2.5573785609395955e-001 0 0 0 1</transform>
        <rotation_covariance>1.7667454540409390e-008 9.7197888960452661e-010 2.0647565390325991e-011 9.7197888960452682e-010 6.6432520172663212e-009 2.1936015987069485e-011 2.0647565390326050e-011 2.1936015987069491e-011 1.9217055604126908e-010</rotation_covariance>
        <location_covariance>2.1401341149031683e-006 1.5400757986142526e-006 -1.2586533264549808e-006 1.5400757986142526e-006 1.0356498208840096e-005 -3.6472671177654487e-006 -1.2586533264549808e-006 -3.6472671177654487e-006 3.2579194697258250e-006</location_covariance>
      </camera>
      <camera id="33" sensor_id="0" label="DSC00036.JPG">
        <transform>9.9976583482053660e-001 -8.5758695604160450e-003 -1.9867812835788871e-002 2.7700143258474796e+001 -8.6950797812604067e-003 -9.9994466375283653e-001 -5.9215724114657546e-003 2.1697939141655834e+001 -1.9815930792993906e-002 6.0929380030856533e-003 -9.9978507940121697e-001 -1.6714452444714853e-001 0 0 0 1</transform>
        <rotation_covariance>1.8350297782610666e-008 1.1237852279170382e-009 3.5716275793172693e-011 1.1237852279170380e-009 6.4506313391914990e-009 2.8203333925333187e-011 3.5716275793172667e-011 2.8203333925333194e-011 1.8961732128214656e-010</rotation_covariance>
        <location_covariance>2.0360286695917387e-006 1.3227998393300267e-006 -1.1369737075559235e-006 1.3227998393300267e-006 1.0654047623792168e-005 -3.6692327365148424e-006 -1.1369737075559235e-006 -3.6692327365148424e-006 3.0830371846329316e-006</location_covariance>
      </camera>
      <camera id="34" sensor_id="0" label="DSC00037.JPG">
        <transform>9.9977424381809732e-001 -8.6341411206328732e-003 -1.9414247476011288e-002 2.6163331087368814e+001 -8.7777392231236512e-003 -9.9993465652876889e-001 -7.3235214769789567e-003 2.1787947112228014e+001 -1.9349746563757646e-002 7.4922813482898492e-003 -9.9978470333773184e-001 -8.3858181235447665e-002 0 0 0 1</transform>
        <rotation_covariance>1.9198163599036656e-008 1.1798772358362191e-009 3.8769217651311125e-011 1.1798772358362189e-009 6.3360892333520645e-009 2.7142670959520049e-011 3.8769217651311183e-011 2.7142670959520056e-011 1.8942004761231837e-010</rotation_covariance>
        <location_covariance>2.0007969499240683e-006 1.0927446205242742e-006 -1.0343734309686395e-006 1.0927446205242742e-006 1.1047978503144487e-005 -3.7239450307595896e-006 -1.0343734309686395e-006 -3.7239450307595896e-006 2.9644985643430323e-006</location_covariance>
      </camera>
      <camera id="35" sensor_id="0" label="DSC00038.JPG">
        <transform>9.9975288637411719e-001 -1.0548518663253452e-002 -1.9567701465245484e-002 2.5364424350085965e+001 -1.0736560172538240e-002 -9.9989694971983867e-001 -9.5297542793044837e-003 2.1837950016714860e+001 -1.9465160217255913e-002 9.7374891513906242e-003 -9.9976311636444315e-001 -4.5483922000639464e-002 0 0 0 1</transform>
        <rotation_covariance>1.9727372777026231e-008 1.2755903952489279e-009 2.6271724289441033e-011 1.2755903952489282e-009 6.3750269564736035e-009 3.6239585018546516e-011 2.6271724289441040e-011 3.6239585018546522e-011 1.8856226540182940e-010</rotation_covariance>
        <location_covariance>2.0347411285059399e-006 1.0075752849081638e-006 -9.6960292961429194e-007 1.0075752849081638e-006 1.1286739511418070e-005 -3.7667491795941509e-006 -9.6960292961429194e-007 -3.7667491795941509e-006 2.9127630063518123e-006</location_covariance>
      </camera>
      <camera id="36" sensor_id="0" label="DSC00039.JPG">
        <transform>9.9972546168293319e-001 -1.2543891779655441e-002 -1.9790200652501165e-002 2.4033370747038745e+001 -1.2750958932790555e-002 -9.9986490971422803e-001 -1.0371854629375944e-002 2.1884742909161830e+001 -1.9657423766614321e-002 1.0621351193652862e-002 -9.9975035513356070e-001 2.7811344999235651e-002 0 0 0 1</transform>
        <rotation_covariance>2.0878667297227770e-008 1.4876086246570077e-009 2.4589065519802454e-012 1.4876086246570070e-009 6.4337099893500042e-009 4.9584659372655315e-011 2.4589065519802204e-012 4.9584659372655309e-011 1.8694566888764402e-010</rotation_covariance>
        <location_covariance>2.1100927693212168e-006 8.8164448222545005e-007 -8.4549467672993388e-007 8.8164448222545005e-007 1.1791108108918449e-005 -3.7964637277525327e-006 -8.4549467672993388e-007 -3.7964637277525327e-006 2.8269899744622712e-006</location_covariance>
      </camera>
      <camera id="37" sensor_id="0" label="DSC00040.JPG">
        <transform>9.9972311708085471e-001 -1.2405657971713639e-002 -1.9994719913720690e-002 2.2355673418048195e+001 -1.2664579706074071e-002 -9.9983690396160585e-001 -1.2875321251880635e-002 2.2062659429055177e+001 -1.9831732022387194e-002 1.3124981019395425e-002 -9.9971717864515697e-001 1.0776027655540883e-001 0 0 0 1</transform>
        <rotation_covariance>2.2163671261951100e-008 1.7386751356571695e-009 3.6854460424415564e-011 1.7386751356571695e-009 6.7901616855749952e-009 8.6898156012962463e-011 3.6854460424415441e-011 8.6898156012962450e-011 1.8965895385976264e-010</rotation_covariance>
        <location_covariance>2.3535488637381476e-006 7.0890693317245395e-007 -7.0139759075085184e-007 7.0890693317245395e-007 1.2418043520687761e-005 -3.9142376738049883e-006 -7.0139759075085184e-007 -3.9142376738049883e-006 2.7837403637506136e-006</location_covariance>
      </camera>
      <camera id="38" sensor_id="0" label="DSC00041.JPG">
        <transform>9.9972818888177806e-001 -1.2355528246323223e-002 -1.9770919981493055e-002 2.1641067428103099e+001 -1.2613144433543381e-002 -9.9983647512908969e-001 -1.2958842114009782e-002 2.2114789720241159e+001 -1.9607573604576014e-002 1.3204693225954509e-002 -9.9972055052106912e-001 1.4158851596157510e-001 0 0 0 1</transform>
        <rotation_covariance>2.1912504375542698e-008 1.5922204094032916e-009 6.2391071165313527e-011 1.5922204094032920e-009 6.8861492699628072e-009 9.8511167156562606e-011 6.2391071165313553e-011 9.8511167156562606e-011 1.9031035811771388e-010</rotation_covariance>
        <location_covariance>2.4414619856677698e-006 5.2712650155488567e-007 -6.2293942079651490e-007 5.2712650155488567e-007 1.2362252333297121e-005 -3.9548898038580685e-006 -6.2293942079651490e-007 -3.9548898038580685e-006 2.7639326322966556e-006</location_covariance>
      </camera>
      <camera id="39" sensor_id="0" label="DSC00042.JPG">
        <transform>9.9974897514203331e-001 -1.2162161195875376e-002 -1.8816708997583090e-002 2.0357197937283399e+001 -1.2407822106508117e-002 -9.9983858441865114e-001 -1.2994270209635173e-002 2.2228360477389437e+001 -1.8655633278648828e-002 1.3224482702673360e-002 -9.9973850601255687e-001 2.1742513611643755e-001 0 0 0 1</transform>
        <rotation_covariance>2.1026976644230660e-008 1.1488679904721143e-009 1.0414782745222617e-010 1.1488679904721143e-009 6.6698153231619217e-009 1.0850232823927966e-010 1.0414782745222616e-010 1.0850232823927963e-010 1.8802083373392246e-010</rotation_covariance>
        <location_covariance>2.4595785557662632e-006 1.2511005363073683e-007 -4.7235090555413072e-007 1.2511005363073683e-007 1.2111786259829100e-005 -4.0417986275622530e-006 -4.7235090555413072e-007 -4.0417986275622530e-006 2.7426677940545014e-006</location_covariance>
      </camera>
      <camera id="40" sensor_id="0" label="DSC00043.JPG">
        <transform>9.9976089296357051e-001 -1.2298690411141251e-002 -1.8080351624235963e-002 1.8301228836047827e+001 -1.2526117626440642e-002 -9.9984316414820806e-001 -1.2519723771239579e-002 2.2237112167175781e+001 -1.7923539770192794e-002 1.2743206828364304e-002 -9.9975814945507491e-001 3.2281322741438867e-001 0 0 0 1</transform>
        <rotation_covariance>2.0074639096613670e-008 6.9149724504722330e-010 1.2756296595247329e-010 6.9149724504722350e-010 6.3622335916065447e-009 1.0493529213482692e-010 1.2756296595247322e-010 1.0493529213482692e-010 1.8472734901260024e-010</rotation_covariance>
        <location_covariance>2.5414627259337004e-006 -4.2059133760944980e-007 -1.9989486861059506e-007 -4.2059133760944980e-007 1.1803008884695084e-005 -4.0919906571670529e-006 -1.9989486861059506e-007 -4.0919906571670529e-006 2.6811348229681023e-006</location_covariance>
      </camera>
      <camera id="41" sensor_id="0" label="DSC00044.JPG">
