<?xml version="1.0" encoding="UTF-8"?>
<document version="1.5.0">
  <chunk label="SonyA9" enabled="true">
    <sensors next_id="1">
      <sensor id="0" label="SonyA9" type="frame">
        <resolution width="6000" height="4000"/>
        <property name="pixel_width" value="0.006"/>
        <property name="pixel_height" value="0.006"/>
        <property name="focal_length" value="55"/>
        <property name="fixed" value="true"/>
        <property name="layer_index" value="0"/>
        <calibration type="frame" class="initial">
          <resolution width="6000" height="4000"/>
          <f>9227.77018581081</f>
          <cx>-37.8304617831239</cx>
          <cy>31.7622333680372</cy>
          <k1>-0.017282082281574</k1>
        </calibration>
      </sensor>
    </sensors>
    <cameras next_id="588" next_group_id="0">
      <camera id="0" sensor_id="0" label="DSC00615.JPG">
        <transform>9.9667438673394915e-01 8.0490740856402399e-02 1.2704623760396307e-02 -1.5381057636494065e+01 8.0179977776692932e-02 -9.9650752606482906e-01 2.3322128116488594e-02 2.9291125579608468e+00 1.4537468563501080e-02 -2.2225911287062028e-02 -9.9964727322952496e-01 2.9799082507063102e-01 0 0 0 1</transform>
      </camera>
      <camera id="1" sensor_id="0" label="DSC00616.JPG">
        <transform>9.9858428907223762e-01 5.1597520700488925e-02 1.2927237742712004e-02 -1.4657909438786479e+01 5.1390097427006842e-02 -9.9855216322815687e-01 1.5894502156737322e-02 2.7425342761522020e+00 1.3728638116605976e-02 -1.5207668129282759e-02 -9.9979010363452403e-01 2.8292346766415949e-01 0 0 0 1</transform>
        <rotation_covariance>2.7980603946445993e-09 4.9398795939571476e-10 8.8220753748889617e-11 4.9398795939571486e-10 2.8996202592189859e-09 -5.3954699313107478e-11 8.8220753748889617e-11 -5.3954699313107472e-11 7.5159665307098114e-11</rotation_covariance>
        <location_covariance>1.5658938076449777e-06 2.9709764098705252e-07 1.1240213519595300e-07 2.9709764098705252e-07 1.5207415109069251e-06 7.3808426112328009e-08 1.1240213519595300e-07 7.3808426112328009e-08 4.7855492080842464e-08</location_covariance>
      </camera>
      <camera id="2" sensor_id="0" label="DSC00617.JPG">
        <transform>9.9961850578810907e-01 2.3949791554404347e-02 1.3756829956391301e-02 -1.2740071757105094e+01 2.3775033534916327e-02 -9.9963628797367510e-01 1.2729475504741683e-02 2.4240521885290929e+00 1.4056694716827512e-02 -1.2397550189969020e-02 -9.9982433961317696e-01 2.7516290379879177e-01 0 0 0 1</transform>
        <rotation_covariance>5.5108035047839758e-09 3.7628455296893633e-11 8.4215811220441824e-11 3.7628455296893620e-11 3.9951792181006594e-09 -1.0248332637592968e-10 8.4215811220441824e-11 -1.0248332637592966e-10 1.0886030927577748e-10</rotation_covariance>
        <location_covariance>2.2080785494258929e-06 1.1994620214660126e-07 3.7003016700046449e-08 1.1994620214660126e-07 2.9158575816674794e-06 5.4677656277730871e-08 3.7003016700046449e-08 5.4677656277730871e-08 5.3005943743499716e-08</location_covariance>
      </camera>
      <camera id="3" sensor_id="0" label="DSC00618.JPG">
        <transform>9.9991260097009427e-01 4.1103352554199574e-03 1.2565650214349206e-02 -1.1132514759507492e+01 3.9777519021636119e-03 -9.9993634998941516e-01 1.0558099244222352e-02 2.2522679740289178e+00 1.2608247738133811e-02 -1.0507193437548856e-02 -9.9986530641633908e-01 2.1455354044823025e-01 0 0 0 1</transform>
        <rotation_covariance>6.7339612265512025e-09 4.5457670699702102e-12 3.2284113235772227e-11 4.5457670699702094e-12 4.3966474310016388e-09 -1.1796265346653677e-10 3.2284113235772214e-11 -1.1796265346653674e-10 1.2511765688755978e-10</rotation_covariance>
        <location_covariance>2.4543527097221871e-06 2.1757160996613165e-07 -6.2774029779811251e-08 2.1757160996613165e-07 3.5189699173045347e-06 5.0287053063439200e-08 -6.2774029779811251e-08 5.0287053063439200e-08 6.4311616827602009e-08</location_covariance>
      </camera>
      <camera id="4" sensor_id="0" label="DSC00619.JPG">
        <transform>9.9992137273121240e-01 4.2133742819764463e-03 1.1810835384857051e-02 -9.2293838862285504e+00 4.0982052987025867e-03 -9.9994398730894096e-01 9.7584301004844613e-03 2.1928020531276151e+00 1.1851289746601337e-02 -9.7092595936217902e-03 -9.9988263171708591e-01 1.9525367892333481e-01 0 0 0 1</transform>
        <rotation_covariance>7.2877153501141781e-09 1.4270302789053883e-10 1.2256021616735824e-11 1.4270302789053883e-10 4.5933280641778332e-09 -1.3046425423785790e-10 1.2256021616735818e-11 -1.3046425423785790e-10 1.4130427561077583e-10</rotation_covariance>
        <location_covariance>2.6364827641049455e-06 4.0745191507009428e-07 -1.9593877905838451e-07 4.0745191507009428e-07 3.7876331986210487e-06 4.7050569016180401e-08 -1.9593877905838451e-07 4.7050569016180401e-08 9.3186355816451884e-08</location_covariance>
      </camera>
      <camera id="5" sensor_id="0" label="DSC00620.JPG">
        <transform>9.9993087894428445e-01 1.3012652477880481e-03 1.1685206137039923e-02 -7.4590335289905658e+00 1.2215955919290290e-03 -9.9997598000771903e-01 6.8225443796048335e-03 2.2260480786755714e+00 1.1693803398381381e-02 -6.8077982018265870e-03 -9.9990845023218133e-01 1.5368230660009899e-01 0 0 0 1</transform>
        <rotation_covariance>7.5060117969429472e-09 1.0045565962277167e-10 1.1036076041808840e-11 1.0045565962277170e-10 4.6820871886659289e-09 -1.3011421239553386e-10 1.1036076041808839e-11 -1.3011421239553389e-10 1.5482265981734348e-10</rotation_covariance>
        <location_covariance>2.7840667593512836e-06 5.0988629436269869e-07 -3.1420593940188504e-07 5.0988629436269869e-07 3.8811097412004220e-06 3.0642830737290562e-08 -3.1420593940188504e-07 3.0642830737290562e-08 1.3808337764300293e-07</location_covariance>
      </camera>
      <camera id="6" sensor_id="0" label="DSC00621.JPG">
        <transform>9.9994228967975474e-01 1.7974622559502147e-03 1.0591810017549875e-02 -5.8701307502171032e+00 1.7416759548086764e-03 -9.9998457667862684e-01 5.2738003125114563e-03 2.2830055167753862e+00 1.0601126113667207e-02 -5.2550484589816704e-03 -9.9992999784525716e-01 1.1788220858047703e-01 0 0 0 1</transform>
        <rotation_covariance>7.6364195982685317e-09 -2.1558399634689491e-11 1.2628272107372202e-11 -2.1558399634689484e-11 4.7233417751464479e-09 -1.3478565203834709e-10 1.2628272107372214e-11 -1.3478565203834709e-10 1.6481008756199584e-10</rotation_covariance>
        <location_covariance>2.9158498214959495e-06 5.5112382967160432e-07 -4.4028076107643718e-07 5.5112382967160432e-07 3.9376684778592577e-06 5.5937708627636451e-09 -4.4028076107643718e-07 5.5937708627636451e-09 1.9357308303577358e-07</location_covariance>
      </camera>
      <camera id="7" sensor_id="0" label="DSC00622.JPG">
        <transform>9.9995662354940040e-01 2.0573411970464879e-03 9.0839620696149155e-03 -4.2726532801226922e+00 2.0189493584193124e-03 -9.9998900067902408e-01 4.2334813634610268e-03 2.3344584703982880e+00 9.0925718678163577e-03 -4.2149576706734448e-03 -9.9994977837322552e-01 1.0347623747760513e-01 0 0 0 1</transform>
        <rotation_covariance>7.9137035659368996e-09 -1.9289686009554838e-10 1.5222733923790353e-11 -1.9289686009554841e-10 4.9026489800926635e-09 -1.3660899621687269e-10 1.5222733923790356e-11 -1.3660899621687266e-10 1.7561238309264016e-10</rotation_covariance>
        <location_covariance>3.1477832673436232e-06 5.7479304626064746e-07 -5.5935527092505055e-07 5.7479304626064746e-07 4.0794492608078295e-06 -3.7421914955607726e-09 -5.5935527092505055e-07 -3.7421914955607726e-09 2.6650001813025161e-07</location_covariance>
      </camera>
      <camera id="8" sensor_id="0" label="DSC00623.JPG">
        <transform>9.9996566694729205e-01 2.2404624464970762e-03 7.9777976085198005e-03 -3.1059587303125458e+00 2.2207838970182791e-03 -9.9999447205015746e-01 2.4746692726665964e-03 2.3662570988988705e+00 7.9832979112276770e-03 -2.4568673452534662e-03 -9.9996511477016448e-01 8.5718344930068677e-02 0 0 0 1</transform>
        <rotation_covariance>8.0413696511713707e-09 -2.3032790677999654e-10 1.3798598584131573e-11 -2.3032790677999656e-10 5.0599552675271723e-09 -1.3113094820909373e-10 1.3798598584131575e-11 -1.3113094820909373e-10 1.8195401254100297e-10</rotation_covariance>
        <location_covariance>3.3447927539146605e-06 6.4088519300048508e-07 -6.4697847305927850e-07 6.4088519300048508e-07 4.1421703180663464e-06 -6.0595181181474828e-09 -6.4697847305927850e-07 -6.0595181181474828e-09 3.3000556940620100e-07</location_covariance>
      </camera>
      <camera id="9" sensor_id="0" label="DSC00624.JPG">
        <transform>9.9996866223221748e-01 2.3692383125683901e-03 7.5538906086620198e-03 -1.4129544775094651e+00 2.3627701191067042e-03 -9.9999683446992804e-01 8.6508235906696982e-04 2.3792875229382249e+00 7.5559162828627655e-03 -8.4720714230374116e-04 -9.9997109476683588e-01 7.3323825584823976e-02 0 0 0 1</transform>
        <rotation_covariance>8.2503097083394568e-09 -2.8750405040296754e-10 1.5900003525523256e-11 -2.8750405040296754e-10 5.3449925182417488e-09 -1.3153068851763096e-10 1.5900003525523256e-11 -1.3153068851763093e-10 1.8985989810220376e-10</rotation_covariance>
        <location_covariance>3.6857781720163451e-06 7.3166605161178544e-07 -7.8584326372468601e-07 7.3166605161178544e-07 4.2470226483237040e-06 -1.3543076440028660e-08 -7.8584326372468601e-07 -1.3543076440028660e-08 4.4076419842185234e-07</location_covariance>
      </camera>
      <camera id="10" sensor_id="0" label="DSC00625.JPG">
        <transform>9.9996639355069039e-01 2.8603973223094671e-03 7.6830915902799000e-03 -3.3982709906440906e-01 2.8660563948096954e-03 -9.9999562956494259e-01 -7.2565264080182157e-04 2.3324753460579655e+00 7.6809823569563918e-03 7.4764842797758746e-04 -9.9997022132254521e-01 5.2919637691864044e-02 0 0 0 1</transform>
        <rotation_covariance>8.1710536846409747e-09 -2.4543988748192129e-10 1.9234910778043284e-11 -2.4543988748192129e-10 5.4067910986246745e-09 -1.2170242519811971e-10 1.9234910778043284e-11 -1.2170242519811971e-10 1.9262278393062915e-10</rotation_covariance>
        <location_covariance>3.8582829808051273e-06 8.2506385364648731e-07 -8.7232312244444508e-07 8.2506385364648731e-07 4.1921216162807928e-06 -4.8274503108117928e-09 -8.7232312244444508e-07 -4.8274503108117928e-09 5.2192200445578771e-07</location_covariance>
      </camera>
      <camera id="11" sensor_id="0" label="DSC00626.JPG">
        <transform>9.9996796305172420e-01 2.6324444112501974e-03 7.5593059606339098e-03 1.1885061472827401e+00 2.6443642727470786e-03 -9.9999527546766931e-01 -1.5672842541210597e-03 2.2723269140962326e+00 7.5551444577728983e-03 1.5872236017254737e-03 -9.9997019981270463e-01 3.7212197498933328e-03 0 0 0 1</transform>
        <rotation_covariance>8.4898899868360227e-09 -2.4962166052311927e-10 2.0336680754525114e-11 -2.4962166052311927e-10 5.4678762716909190e-09 -1.1282626711438208e-10 2.0336680754525094e-11 -1.1282626711438208e-10 1.9518403068208166e-10</rotation_covariance>
        <location_covariance>4.0933178337071413e-06 9.3838375422761271e-07 -1.0009978628289900e-06 9.3838375422761271e-07 4.3294407543359492e-06 -6.2458263540134057e-10 -1.0009978628289900e-06 -6.2458263540134057e-10 6.5238545133073592e-07</location_covariance>
      </camera>
      <camera id="12" sensor_id="0" label="DSC00627.JPG">
        <transform>9.9997370809676500e-01 2.8286997408075699e-03 6.6769433861612656e-03 2.9919462867766060e+00 2.8398349734039628e-03 -9.9999459180745676e-01 -1.6588228239089648e-03 2.1983706040557669e+00 6.6722149642737989e-03 1.6777406276432538e-03 -9.9997633308686706e-01 -1.2848818706307922e-02 0 0 0 1</transform>
        <rotation_covariance>9.0699940806387964e-09 -2.0205792333445471e-10 -5.2102580881708303e-12 -2.0205792333445471e-10 5.7208437098537628e-09 -1.2015380835414949e-10 -5.2102580881708303e-12 -1.2015380835414946e-10 2.0492517656303751e-10</rotation_covariance>
        <location_covariance>4.4994391378714153e-06 1.0928432217205107e-06 -1.1455230592290983e-06 1.0928432217205107e-06 4.6112342298180555e-06 4.5956984966528146e-09 -1.1455230592290983e-06 4.5956984966528146e-09 8.3182739375148093e-07</location_covariance>
      </camera>
      <camera id="13" sensor_id="0" label="DSC00628.JPG">
        <transform>9.9997385215304035e-01 3.3564148838809245e-03 6.4054265538038644e-03 4.7168102337371227e+00 3.3787985853524780e-03 -9.9998821264483984e-01 -3.4868741730048614e-03 2.1454582702890388e+00 6.3936476543936267e-03 3.5084256449313678e-03 -9.9997340575595572e-01 9.8923659903478624e-05 0 0 0 1</transform>
        <rotation_covariance>9.3740089039228342e-09 -1.0250812774141826e-10 -2.5942012527570031e-11 -1.0250812774141826e-10 5.8991649779780649e-09 -1.1705606893166959e-10 -2.5942012527570025e-11 -1.1705606893166961e-10 2.1377839614728842e-10</rotation_covariance>
        <location_covariance>4.8971548637725599e-06 1.2744340188518686e-06 -1.2851555180143176e-06 1.2744340188518686e-06 4.7655870443553470e-06 1.7889234261676364e-08 -1.2851555180143176e-06 1.7889234261676364e-08 1.0264625037840983e-06</location_covariance>
      </camera>
      <camera id="14" sensor_id="0" label="DSC00629.JPG">
        <transform>9.9997725355633804e-01 3.0839060878171350e-03 5.9984909072612414e-03 5.6831033642642623e+00 3.1047453003709572e-03 -9.9998916715183872e-01 -3.4678719110791678e-03 2.0814305659299288e+00 5.9877313352216998e-03 3.4864168157798248e-03 -9.9997599569751872e-01 -1.4253773494190172e-02 0 0 0 1</transform>
        <rotation_covariance>9.3497706705978294e-09 -2.8124628258701423e-11 -3.0458772420182289e-11 -2.8124628258701426e-11 5.9052110202366991e-09 -1.1313246200228749e-10 -3.0458772420182282e-11 -1.1313246200228747e-10 2.1658339410834427e-10</rotation_covariance>
        <location_covariance>5.0852880507207538e-06 1.3759711782879553e-06 -1.3704021038748689e-06 1.3759711782879553e-06 4.7397358794693900e-06 3.7024523144531832e-08 -1.3704021038748689e-06 3.7024523144531832e-08 1.1447041340562044e-06</location_covariance>
      </camera>
      <camera id="15" sensor_id="0" label="DSC00630.JPG">
        <transform>9.9997344178981407e-01 3.3334531898264394e-03 6.4810342434749695e-03 7.3877624207232317e+00 3.3583788059905755e-03 -9.9998699213728648e-01 -3.8388602498783952e-03 2.0115842623571702e+00 6.4681532781260334e-03 3.8605240646653605e-03 -9.9997162927110927e-01 -5.4881625003743370e-02 0 0 0 1</transform>
        <rotation_covariance>9.1850179196724295e-09 -9.2047973486581739e-11 -2.1406531283669637e-11 -9.2047973486581752e-11 5.7886043119169415e-09 -1.0787174126227036e-10 -2.1406531283669656e-11 -1.0787174126227036e-10 2.1940901094212463e-10</rotation_covariance>
        <location_covariance>5.3562441007971172e-06 1.4691724608423000e-06 -1.5103521363012367e-06 1.4691724608423000e-06 4.6283788122244843e-06 4.4982208043292309e-08 -1.5103521363012367e-06 4.4982208043292309e-08 1.3708619145587319e-06</location_covariance>
      </camera>
      <camera id="16" sensor_id="0" label="DSC00631.JPG">
        <transform>9.9997485153935539e-01 3.6330249916268586e-03 6.0907649975226984e-03 9.3636549983531996e+00 3.6696294835935365e-03 -9.9997520973706600e-01 -6.0094700901623943e-03 1.9921907327440567e+00 6.0687814508329427e-03 6.0316698120524981e-03 -9.9996339375548171e-01 -8.9235435370578695e-02 0 0 0 1</transform>
        <rotation_covariance>9.2836386277480892e-09 -1.5384064596809593e-10 -2.2496723912722967e-11 -1.5384064596809596e-10 5.6868981723265540e-09 -8.6584999703362761e-11 -2.2496723912722971e-11 -8.6584999703362813e-11 2.2492635387731065e-10</rotation_covariance>
        <location_covariance>5.7378820922791935e-06 1.5888172803168296e-06 -1.6525171677585785e-06 1.5888172803168296e-06 4.6633517437138320e-06 6.9138039620035055e-08 -1.6525171677585785e-06 6.9138039620035055e-08 1.6631506642608124e-06</location_covariance>
      </camera>
      <camera id="17" sensor_id="0" label="DSC00632.JPG">
        <transform>9.9997428088650731e-01 3.7252640315035696e-03 6.1286192089526270e-03 1.0192513618342280e+01 3.7579080841468986e-03 -9.9997876832409305e-01 -5.3236292001533278e-03 1.9848608565201220e+00 6.1086571637194321e-03 5.3465230687998284e-03 -9.9996704895647970e-01 -1.0514389599012029e-01 0 0 0 1</transform>
        <rotation_covariance>9.3324817311615780e-09 -9.7898790203048573e-11 -2.3850961105280194e-11 -9.7898790203048573e-11 5.7346818809825595e-09 -8.9607383115684759e-11 -2.3850961105280194e-11 -8.9607383115684798e-11 2.2891216439507549e-10</rotation_covariance>
        <location_covariance>5.9570113303664825e-06 1.6791792229667837e-06 -1.7191479537285955e-06 1.6791792229667837e-06 4.6820848619628211e-06 7.8997001057270630e-08 -1.7191479537285955e-06 7.8997001057270630e-08 1.7963239302238258e-06</location_covariance>
      </camera>
      <camera id="18" sensor_id="0" label="DSC00633.JPG">
        <transform>9.9997225883877316e-01 4.1252021632769168e-03 6.2019561425782485e-03 1.1852884399758384e+01 4.1717860550869552e-03 -9.9996304415793513e-01 -7.5170818477812186e-03 2.0441061680172941e+00 6.1707174617665547e-03 7.5427465493515897e-03 -9.9995251348276493e-01 -1.2146233549970756e-01 0 0 0 1</transform>
        <rotation_covariance>9.3729851957368427e-09 -6.1850120632533889e-11 -2.5870187614090894e-11 -6.1850120632533902e-11 5.7948565215245751e-09 -7.6350516086378633e-11 -2.5870187614090869e-11 -7.6350516086378659e-11 2.3176041219761403e-10</rotation_covariance>
        <location_covariance>6.3930434885197994e-06 1.8385509441104965e-06 -1.8567761466301180e-06 1.8385509441104965e-06 4.7049469536133459e-06 5.8451815521590921e-08 -1.8567761466301180e-06 5.8451815521590921e-08 2.0805580693110850e-06</location_covariance>
      </camera>
      <camera id="19" sensor_id="0" label="DSC00634.JPG">
        <transform>9.9997612679494474e-01 3.8956731696957762e-03 5.7069756206805638e-03 1.3033855236567717e+01 3.9422608998268922e-03 -9.9995881379058138e-01 -8.1749190534833316e-03 2.0510039332487100e+00 5.6748937591664141e-03 8.1972222788100901e-03 -9.9995029932878843e-01 -1.3627333505803038e-01 0 0 0 1</transform>
        <rotation_covariance>9.6599739136250329e-09 -4.0042769701819511e-11 -3.6437119468021960e-11 -4.0042769701819511e-11 6.0374802888961076e-09 -7.1865643260821710e-11 -3.6437119468021973e-11 -7.1865643260821710e-11 2.3855054577389707e-10</rotation_covariance>
        <location_covariance>6.8234384669380934e-06 1.9425406778817966e-06 -1.9564266411949815e-06 1.9425406778817966e-06 4.8484578712140456e-06 5.7013024603116890e-08 -1.9564266411949815e-06 5.7013024603116890e-08 2.2999307658122122e-06</location_covariance>
      </camera>
      <camera id="20" sensor_id="0" label="DSC00635.JPG">
        <transform>9.9997940298012344e-01 3.9836282206874860e-03 5.0323276636610103e-03 1.4115775963632336e+01 4.0322075922147524e-03 -9.9994501325514129e-01 -9.6804838778100089e-03 2.0259783895618448e+00 4.9934875035781692e-03 9.7005758785030927e-03 -9.9994048018378434e-01 -1.4452318528322577e-01 0 0 0 1</transform>
        <rotation_covariance>9.8016378534988832e-09 -6.0252165970133916e-11 -3.6792219409573392e-11 -6.0252165970133916e-11 6.1098479487505554e-09 -6.0602925567304431e-11 -3.6792219409573379e-11 -6.0602925567304470e-11 2.4051764270425597e-10</rotation_covariance>
        <location_covariance>7.1478977955769255e-06 2.0167744197171302e-06 -2.0430150278755807e-06 2.0167744197171302e-06 4.9133665649574645e-06 4.7496219149739978e-08 -2.0430150278755807e-06 4.7496219149739978e-08 2.5114265207701845e-06</location_covariance>
      </camera>
      <camera id="21" sensor_id="0" label="DSC00636.JPG">
        <transform>9.9998253552002581e-01 4.1822305560242469e-03 4.1758355471301113e-03 1.5507260237341765e+01 4.2277393641597131e-03 -9.9993111561273973e-01 -1.0949440594388127e-02 1.9950280137579075e+00 4.1297548122319269e-03 1.0966903712423148e-02 -9.9993133371654741e-01 -1.5400887582872544e-01 0 0 0 1</transform>
        <rotation_covariance>9.9647490209427834e-09 -7.0903343068575657e-11 -3.7737218078751821e-11 -7.0903343068575644e-11 6.1959503665617395e-09 -4.8354854600254860e-11 -3.7737218078751815e-11 -4.8354854600254866e-11 2.4515764849435291e-10</rotation_covariance>
        <location_covariance>7.5816953308111208e-06 2.1133025974846953e-06 -2.1566098504443418e-06 2.1133025974846953e-06 4.9921949439855070e-06 4.2026991040711775e-08 -2.1566098504443418e-06 4.2026991040711775e-08 2.7992421431706118e-06</location_covariance>
      </camera>
      <camera id="22" sensor_id="0" label="DSC00637.JPG">
        <transform>9.9998527527345193e-01 4.3114875742830466e-03 3.2954986233069668e-03 1.6114133189619157e+01 4.3497321292120207e-03 -9.9992223937549707e-01 -1.1687387761817603e-02 1.9586976491985439e+00 3.2448523361650649e-03 1.1701550204472444e-02 -9.9992626960997910e-01 -1.5654825892991253e-01 0 0 0 1</transform>
        <rotation_covariance>1.0051879751299814e-08 -1.0228238193663135e-10 -4.3199524763493767e-11 -1.0228238193663135e-10 6.2585877140372518e-09 -4.4003895361277178e-11 -4.3199524763493754e-11 -4.4003895361277184e-11 2.4784111274988748e-10</rotation_covariance>
        <location_covariance>7.7914472056700790e-06 2.1375535441115120e-06 -2.2060341854498253e-06 2.1375535441115120e-06 5.0339729191776534e-06 4.3113314724631867e-08 -2.2060341854498253e-06 4.3113314724631867e-08 2.9307650260374591e-06</location_covariance>
      </camera>
      <camera id="23" sensor_id="0" label="DSC00638.JPG">
        <transform>9.9998593392153334e-01 4.3504934974871682e-03 3.0340015503215953e-03 1.7252786141080126e+01 4.3863907302660321e-03 -9.9991924866376602e-01 -1.1927100571860250e-02 1.9588691205499071e+00 2.9818677771605174e-03 1.1940241120603767e-02 -9.9992426668550338e-01 -1.6771750975795446e-01 0 0 0 1</transform>
        <rotation_covariance>1.0280061437263143e-08 -1.6056359687871220e-10 -3.5901514928401258e-11 -1.6056359687871218e-10 6.3543831375127821e-09 -3.5218961639755609e-11 -3.5901514928401271e-11 -3.5218961639755603e-11 2.5560337567272559e-10</rotation_covariance>
        <location_covariance>8.1834194608797345e-06 2.1926334987313750e-06 -2.2993855428210521e-06 2.1926334987313750e-06 5.1522158382634870e-06 3.9150304027190400e-08 -2.2993855428210521e-06 3.9150304027190400e-08 3.1872871739976925e-06</location_covariance>
      </camera>
      <camera id="24" sensor_id="0" label="DSC00639.JPG">
        <transform>9.9998729727976343e-01 4.4227488823273542e-03 2.4175548469178728e-03 1.8498868571526703e+01 4.4506110045547361e-03 -9.9992230548789385e-01 -1.1643669930952961e-02 1.9474386094699823e+00 2.3658699880002416e-03 1.1654281620877442e-02 -9.9992928768943501e-01 -1.6236770329075009e-01 0 0 0 1</transform>
        <rotation_covariance>1.0581085555143828e-08 -1.6494885971053401e-10 -2.7928460974973464e-11 -1.6494885971053404e-10 6.5084471028569649e-09 -3.8988543735208202e-11 -2.7928460974973477e-11 -3.8988543735208208e-11 2.6613181695618977e-10</rotation_covariance>
        <location_covariance>8.6590416737663203e-06 2.2796948604852677e-06 -2.4057255187770821e-06 2.2796948604852677e-06 5.3164112773395388e-06 3.8260745211346217e-08 -2.4057255187770821e-06 3.8260745211346217e-08 3.4820468808169536e-06</location_covariance>
      </camera>
      <camera id="25" sensor_id="0" label="DSC00640.JPG">
        <transform>9.9998814869118213e-01 4.1629518572430099e-03 2.5243432842031628e-03 1.9525999022087838e+01 4.1961593512886688e-03 -9.9990280639676754e-01 -1.3295488203387773e-02 1.9086670977089966e+00 2.4687494568743315e-03 1.3305923181128942e-02 -9.9990842464918606e-01 -2.0039842236368852e-01 0 0 0 1</transform>
        <rotation_covariance>1.0783723195271656e-08 -9.4784528421780982e-11 -5.8803072483366024e-13 -9.4784528421780969e-11 6.6244780469452779e-09 -3.3273389752141505e-11 -5.8803072483366923e-13 -3.3273389752141505e-11 2.7527215483171342e-10</rotation_covariance>
        <location_covariance>9.0479419084270022e-06 2.3752809921482460e-06 -2.5052782200481032e-06 2.3752809921482460e-06 5.4075775065533277e-06 4.0280246383074310e-08 -2.5052782200481032e-06 4.0280246383074310e-08 3.7351302669743279e-06</location_covariance>
      </camera>
      <camera id="26" sensor_id="0" label="DSC00641.JPG">
        <transform>9.9999275295542533e-01 3.4433165175723965e-03 1.6240714239130476e-03 1.9673651683014384e+01 3.4592877929020415e-03 -9.9994465302810698e-01 -9.9360056594356982e-03 1.9373534159585808e+00 1.5897687240717690e-03 9.9415517832113220e-03 -9.9994931780743024e-01 -2.3573413455499992e-01 0 0 0 1</transform>
        <rotation_covariance>1.0928477313887938e-08 -2.7122882597103194e-12 -1.4083278552863298e-11 -2.7122882597103210e-12 6.6977149185277513e-09 -4.5644160926736524e-11 -1.4083278552863293e-11 -4.5644160926736550e-11 2.7809890476597430e-10</rotation_covariance>
        <location_covariance>9.1287729284810671e-06 2.4299399175926669e-06 -2.5312078737553743e-06 2.4299399175926669e-06 5.4715336077096193e-06 3.7894426590863018e-08 -2.5312078737553743e-06 3.7894426590863018e-08 3.7718276670182495e-06</location_covariance>
      </camera>
      <camera id="27" sensor_id="0" label="DSC00642.JPG">
        <transform>9.9999805576142764e-01 1.9636641587152362e-03 -1.8026767901407762e-04 1.9575424697960347e+01 1.9611015590531890e-03 -9.9991018196196935e-01 -1.3258283805099746e-02 -4.7400871781210291e-01 -2.0628630443897728e-04 1.3257904504606649e-02 -9.9991208884286797e-01 -2.3899033871086139e-01 0 0 0 1</transform>
        <rotation_covariance>1.0140628528330182e-08 -9.0265013495595518e-11 -4.2399980138760335e-11 -9.0265013495595531e-11 6.4666346572685927e-09 -1.2153154226100078e-11 -4.2399980138760328e-11 -1.2153154226100085e-11 2.5648626816938829e-10</rotation_covariance>
        <location_covariance>8.9415463903839310e-06 2.0317064404282883e-06 -2.2148673409627066e-06 2.0317064404282883e-06 4.7426566550792572e-06 4.0935263845382340e-07 -2.2148673409627066e-06 4.0935263845382340e-07 3.7844587469228873e-06</location_covariance>
      </camera>
      <camera id="28" sensor_id="0" label="DSC00643.JPG">
        <transform>9.9999963363861255e-01 7.7886605361174646e-04 -3.5509197488805655e-04 1.9138919151857905e+01 7.7417846257040173e-04 -9.9991499624434654e-01 -1.3015411379511357e-02 -3.6116770709224716e-01 -3.6519905283388183e-04 1.3015131706608202e-02 -9.9991523289542472e-01 -2.0996042343555246e-01 0 0 0 1</transform>
        <rotation_covariance>1.0134997168120173e-08 -2.2984703364625281e-11 -5.1778912283124071e-11 -2.2984703364625281e-11 6.3889131706493495e-09 -9.8193663156356110e-12 -5.1778912283124078e-11 -9.8193663156356077e-12 2.5245997089680585e-10</rotation_covariance>
        <location_covariance>8.7633023971622379e-06 2.0575828295441525e-06 -2.1888124652319717e-06 2.0575828295441525e-06 4.7613523768158832e-06 4.0041107989698462e-07 -2.1888124652319717e-06 4.0041107989698462e-07 3.6720018677389895e-06</location_covariance>
      </camera>
      <camera id="29" sensor_id="0" label="DSC00644.JPG">
        <transform>9.9999794290087629e-01 1.9738371711462265e-04 -2.0187208038427687e-03 1.7368016668860186e+01 1.7598828363664384e-04 -9.9994387497432424e-01 -1.0593202039839267e-02 -1.6135002424935749e-01 -2.0206984286805915e-03 1.0592824977362747e-02 -9.9994185272787695e-01 -1.9362952108797915e-01 0 0 0 1</transform>
        <rotation_covariance>9.7569729009597435e-09 -6.5165936540198402e-11 -7.8393201824623648e-11 -6.5165936540198415e-11 6.2434107898761922e-09 -2.6316322746673504e-11 -7.8393201824623648e-11 -2.6316322746673523e-11 2.4084165125454438e-10</rotation_covariance>
        <location_covariance>8.1216726347892341e-06 1.9527106178500639e-06 -2.0728707678283957e-06 1.9527106178500639e-06 4.5883772092352945e-06 3.6878296992823113e-07 -2.0728707678283957e-06 3.6878296992823113e-07 3.2418405502825384e-06</location_covariance>
      </camera>
      <camera id="30" sensor_id="0" label="DSC00645.JPG">
        <transform>9.9999991533189370e-01 -4.7064035920079081e-05 -4.0880457568318826e-04 1.5765708871245364e+01 -5.2251082211421547e-05 -9.9991938088877874e-01 -1.2697597915615338e-02 -4.6988436303118782e-02 -4.0817401801723400e-04 1.2697618201014893e-02 -9.9991929868664542e-01 -1.8079752131421389e-01 0 0 0 1</transform>
        <rotation_covariance>9.4811931617093886e-09 2.9282381494118800e-11 -7.0039296472407881e-11 2.9282381494118800e-11 6.0737343159361167e-09 -1.4590608820159051e-11 -7.0039296472407881e-11 -1.4590608820159035e-11 2.3234557192669231e-10</rotation_covariance>
        <location_covariance>7.5508323134224395e-06 1.9129564565462784e-06 -1.9597703522457957e-06 1.9129564565462784e-06 4.4581292026004307e-06 3.4710681366401551e-07 -1.9597703522457957e-06 3.4710681366401551e-07 2.8812933181467078e-06</location_covariance>
      </camera>
      <camera id="31" sensor_id="0" label="DSC00646.JPG">
        <transform>9.9999906059458454e-01 1.5178065398818057e-04 1.3622674412456120e-03 1.3924468979728134e+01 1.6824097405546693e-04 -9.9992688629186288e-01 -1.2091061394068348e-02 -2.3319418826224330e-02 1.3603326516157047e-03 1.2091279224860807e-02 -9.9992597249085580e-01 -1.5244166892494096e-01 0 0 0 1</transform>
        <rotation_covariance>9.3594316279374361e-09 9.3735159268493412e-11 -5.8967126626183879e-11 9.3735159268493412e-11 5.9639666513348493e-09 -1.5588893255564541e-11 -5.8967126626183892e-11 -1.5588893255564541e-11 2.2591715307963315e-10</rotation_covariance>
        <location_covariance>6.9773137133232923e-06 1.8263262082157554e-06 -1.8157664386370908e-06 1.8263262082157554e-06 4.4019667527615962e-06 3.5709946301943046e-07 -1.8157664386370908e-06 3.5709946301943046e-07 2.5016042588367638e-06</location_covariance>
      </camera>
      <camera id="32" sensor_id="0" label="DSC00647.JPG">
        <transform>9.9999782218225275e-01 3.6098212338780489e-05 2.0867025830231633e-03 1.2143601631994290e+01 6.3145364360703670e-05 -9.9991597403310029e-01 -1.2963058516385823e-02 -3.0621469161509842e-02 2.0860593025821090e-03 1.2963162050802085e-02 -9.9991379867778141e-01 -1.1710134609105201e-01 0 0 0 1</transform>
        <rotation_covariance>9.3588746955730264e-09 5.7402982327747563e-11 -5.3411911015506209e-11 5.7402982327747570e-11 5.7651271324568747e-09 -1.2949356672814294e-11 -5.3411911015506216e-11 -1.2949356672814281e-11 2.2012905234631187e-10</rotation_covariance>
        <location_covariance>6.4073541915527036e-06 1.6905471795351312e-06 -1.6845457730673466e-06 1.6905471795351312e-06 4.4085617275402802e-06 3.5901468162431894e-07 -1.6845457730673466e-06 3.5901468162431894e-07 2.1646809759254211e-06</location_covariance>
      </camera>
      <camera id="33" sensor_id="0" label="DSC00648.JPG">
        <transform>9.9999615742505910e-01 -1.3039496890976539e-04 2.7691392648718396e-03 1.0484193859432372e+01 -9.4896889491949979e-05 -9.9991787438674917e-01 -1.2815438988432792e-02 1.9300195234358323e-03 2.7705829163799955e-03 1.2815126961445156e-02 -9.9991404450145915e-01 -1.1344223847222004e-01 0 0 0 1</transform>
        <rotation_covariance>9.4298289933945732e-09 -1.8345307693074834e-10 -4.2748355650113330e-11 -1.8345307693074834e-10 5.6851031098502635e-09 -1.4521654958735524e-11 -4.2748355650113324e-11 -1.4521654958735532e-11 2.1776876155210053e-10</rotation_covariance>
        <location_covariance>5.9535272583097416e-06 1.4574385674007364e-06 -1.5782571799282268e-06 1.4574385674007364e-06 4.4487201101442681e-06 3.5739580469512805e-07 -1.5782571799282268e-06 3.5739580469512805e-07 1.8764119936567293e-06</location_covariance>
      </camera>
      <camera id="34" sensor_id="0" label="DSC00649.JPG">
        <transform>9.9999532962447413e-01 2.7596106545169942e-05 3.0561360727823133e-03 8.9695059190393849e+00 7.2031273782819483e-05 -9.9989427873878767e-01 -1.4540500573747020e-02 5.6765167621783949e-02 3.0554117130192093e-03 1.4540652801523071e-02 -9.9988961084480199e-01 -9.7252741595385245e-02 0 0 0 1</transform>
        <rotation_covariance>9.7720876001923091e-09 -1.0827452464779926e-10 -4.0355313977942001e-11 -1.0827452464779928e-10 6.1137535026090271e-09 -1.1714859543170784e-11 -4.0355313977942014e-11 -1.1714859543170763e-11 2.1798022334010357e-10</rotation_covariance>
        <location_covariance>5.8164674159823670e-06 1.3986513742041397e-06 -1.5093129772643305e-06 1.3986513742041397e-06 4.6334279704663780e-06 3.2192064786580106e-07 -1.5093129772643305e-06 3.2192064786580106e-07 1.6364781892520320e-06</location_covariance>
      </camera>
      <camera id="35" sensor_id="0" label="DSC00650.JPG">
        <transform>9.9999120745125003e-01 -2.0263153574520652e-04 4.1885511399336042e-03 7.6094768876514545e+00 -1.3755053705582327e-04 -9.9987935735337674e-01 -1.5532283104810109e-02 5.7471902918714984e-02 4.1911931524177227e-03 1.5531570398995040e-02 -9.9987059373745968e-01 -7.9626392279718447e-02 0 0 0 1</transform>
        <rotation_covariance>9.2611271378753315e-09 -9.8897666439284125e-11 -4.0881502189844329e-11 -9.8897666439284112e-11 5.7917778206860676e-09 -1.0265906033591477e-11 -4.0881502189844335e-11 -1.0265906033591474e-11 2.0646922359221632e-10</rotation_covariance>
        <location_covariance>5.3535998889310140e-06 1.3161631779266872e-06 -1.3932723180496652e-06 1.3161631779266872e-06 4.3831913567842536e-06 3.1326812125230852e-07 -1.3932723180496652e-06 3.1326812125230852e-07 1.4302592442033185e-06</location_covariance>
      </camera>
      <camera id="36" sensor_id="0" label="DSC00651.JPG">
        <transform>9.9998799719879905e-01 -2.7583410875411528e-04 4.8917659264658773e-03 6.2987440462756474e+00 -2.0607933281894218e-04 -9.9989837955270133e-01 -1.4254406307887546e-02 3.8556473024703421e-02 4.8952006744841054e-03 1.4253227123223910e-02 -9.9988643481493966e-01 -6.8932769455515963e-02 0 0 0 1</transform>
        <rotation_covariance>9.3536557381192520e-09 -1.4835036835015487e-10 -3.7361720357335095e-11 -1.4835036835015490e-10 5.7512167581000860e-09 -1.8871787545787158e-11 -3.7361720357335095e-11 -1.8871787545787151e-11 2.0215279534931955e-10</rotation_covariance>
        <location_covariance>5.0608648502998042e-06 1.2062808386673573e-06 -1.2839691761705055e-06 1.2062808386673573e-06 4.4333657064000101e-06 3.1049027299535467e-07 -1.2839691761705055e-06 3.1049027299535467e-07 1.2500599186454387e-06</location_covariance>
      </camera>
      <camera id="37" sensor_id="0" label="DSC00652.JPG">
        <transform>9.9998359039168827e-01 -1.5204119727784695e-04 5.7267644288334649e-03 4.9882141509750522e+00 -6.7343433822348130e-05 -9.9989066257521897e-01 -1.4787101127389651e-02 5.2523749599473021e-02 5.7283865277181663e-03 1.4786472816870982e-02 -9.9987426500006749e-01 -8.3924767885386761e-02 0 0 0 1</transform>
        <rotation_covariance>9.0283876492105241e-09 -2.5816565799783694e-10 -2.7912139413398036e-11 -2.5816565799783683e-10 5.6519274274556448e-09 -1.6780244122773964e-11 -2.7912139413398023e-11 -1.6780244122773967e-11 1.9668615734808096e-10</rotation_covariance>
        <location_covariance>4.7514672032567237e-06 1.0643574713039266e-06 -1.1816437482756789e-06 1.0643574713039266e-06 4.2675956602382225e-06 3.0460007926201872e-07 -1.1816437482756789e-06 3.0460007926201872e-07 1.0823863979108381e-06</location_covariance>
      </camera>
      <camera id="38" sensor_id="0" label="DSC00653.JPG">
        <transform>9.9998252364794515e-01 -3.6652405840315819e-04 5.9006829098265344e-03 3.5746515149634726e+00 -2.8355832827027229e-04 -9.9990118252484272e-01 -1.4055062436571758e-02 1.0698652237308910e-01 5.9052513377650436e-03 1.4053143617570776e-02 -9.9988381183070552e-01 -7.1977168453963375e-02 0 0 0 1</transform>
        <rotation_covariance>8.7782733805039770e-09 -3.7469361781209825e-10 -1.4881522754930597e-11 -3.7469361781209815e-10 5.4571375884705520e-09 -2.2948606361935894e-11 -1.4881522754930597e-11 -2.2948606361935881e-11 1.8984639171249149e-10</rotation_covariance>
        <location_covariance>4.4023360528260927e-06 9.1292335939352050e-07 -1.0816498508072499e-06 9.1292335939352050e-07 4.1566221513311447e-06 2.9576951188552004e-07 -1.0816498508072499e-06 2.9576951188552004e-07 9.1658335409143023e-07</location_covariance>
      </camera>
      <camera id="39" sensor_id="0" label="DSC00654.JPG">
        <transform>9.9998065198764552e-01 -2.9282355025014498e-04 6.2136868871903329e-03 2.0411671770180186e+00 -2.0557181986722943e-04 -9.9990144329859776e-01 -1.4037857016200960e-02 1.8664427163953265e-01 6.2171851018365748e-03 1.4036308052648491e-02 -9.9988215738938990e-01 -1.2236408772344639e-02 0 0 0 1</transform>
        <rotation_covariance>8.8903197253765131e-09 -3.8278030409742287e-10 -5.3028100605298433e-12 -3.8278030409742282e-10 5.4097941794469224e-09 -2.9502499617586723e-11 -5.3028100605298474e-12 -2.9502499617586703e-11 1.8537295448297348e-10</rotation_covariance>
        <location_covariance>4.1365715269263955e-06 8.1658814494496629e-07 -9.6784456060069093e-07 8.1658814494496629e-07 4.2490592048517657e-06 2.7336307529316794e-07 -9.6784456060069093e-07 2.7336307529316794e-07 7.5586519125248133e-07</location_covariance>
      </camera>
      <camera id="40" sensor_id="0" label="DSC00655.JPG">
        <transform>9.9997548180315099e-01 -6.5010730082725615e-04 6.9723133214921670e-03 1.9759435409731579e-01 -5.4640710804627446e-04 -9.9988936426685093e-01 -1.4864745719429390e-02 2.3118142873657932e-01 6.9812056142132504e-03 1.4860571541108425e-02 -9.9986520400584133e-01 4.7293946082406377e-02 0 0 0 1</transform>
        <rotation_covariance>8.4234324056749728e-09 -3.9607050272936568e-10 1.0901634683367814e-11 -3.9607050272936563e-10 5.2217230603406847e-09 -3.1583963451432103e-11 1.0901634683367809e-11 -3.1583963451432103e-11 1.7649860434121377e-10</rotation_covariance>
        <location_covariance>3.7763336017204629e-06 6.9308559312260762e-07 -8.3208820500740829e-07 6.9308559312260762e-07 4.0431504546688068e-06 2.6083724408885779e-07 -8.3208820500740829e-07 2.6083724408885779e-07 5.8588529973758412e-07</location_covariance>
      </camera>
      <camera id="41" sensor_id="0" label="DSC00656.JPG">
        <transform>9.9996660190534015e-01 -6.9741034405622912e-04 8.1430149637217886e-03 -8.5363456473605570e-01 -5.7664834583484625e-04 -9.9988996591430901e-01 -1.4823074598980523e-02 2.5232032196781518e-01 8.1524567200715360e-03 1.4817883880422933e-02 -9.9985697365509907e-01 8.1696785494845853e-02 0 0 0 1</transform>
        <rotation_covariance>8.4190261773514069e-09 -3.4868335022801069e-10 1.9405386275128672e-11 -3.4868335022801069e-10 5.1380963926691436e-09 -3.1822457847595601e-11 1.9405386275128672e-11 -3.1822457847595640e-11 1.7342583367828767e-10</rotation_covariance>
        <location_covariance>3.5974456198374755e-06 6.5284676798849163e-07 -7.5009061558837849e-07 6.5284676798849163e-07 4.0587713806211893e-06 2.5787188761359663e-07 -7.5009061558837849e-07 2.5787188761359663e-07 5.0107228416815732e-07</location_covariance>
      </camera>
      <camera id="42" sensor_id="0" label="DSC00657.JPG">
        <transform>9.9996383647302478e-01 -5.7346302675617255e-04 8.4850978961524895e-03 -2.6792587667874175e+00 -4.5952880843962667e-04 -9.9990979612719300e-01 -1.3423428852214758e-02 2.9463144913138439e-01 8.4920303476001407e-03 1.3419044266757663e-02 -9.9987389938508897e-01 1.4931728131224856e-01 0 0 0 1</transform>
        <rotation_covariance>8.2778204520856429e-09 -4.1770934460537811e-10 3.0779479968376756e-11 -4.1770934460537811e-10 4.9506865537541569e-09 -4.5631301089363071e-11 3.0779479968376756e-11 -4.5631301089363091e-11 1.6584518375179860e-10</rotation_covariance>
        <location_covariance>3.2902444059425100e-06 5.0569652146600827e-07 -6.1992792765988342e-07 5.0569652146600827e-07 4.0201913408882644e-06 2.3829100331304555e-07 -6.1992792765988342e-07 2.3829100331304555e-07 3.7384847005963672e-07</location_covariance>
      </camera>
      <camera id="43" sensor_id="0" label="DSC00658.JPG">
