<?xml version="1.0" encoding="UTF-8"?>
<document version="1.5.0">
  <chunk label="SonyA9" enabled="true">
    <sensors next_id="1">
      <sensor id="0" label="SonyA9" type="frame">
        <resolution width="6000" height="4000"/>
        <property name="pixel_width" value="0.006"/>
        <property name="pixel_height" value="0.006"/>
        <property name="focal_length" value="55"/>
        <property name="fixed" value="true"/>
        <property name="layer_index" value="0"/>
        <calibration type="frame" class="initial">
          <resolution width="6000" height="4000"/>
          <f>9227.77018581081</f>
          <cx>-37.8304617831239</cx>
          <cy>31.7622333680372</cy>
          <k1>-0.017282082281574</k1>
        </calibration>
      </sensor>
    </sensors>
    <cameras next_id="572" next_group_id="0">
      <camera id="0" sensor_id="0" label="DSC00589.JPG">
        <transform>9.8814287943813861e-001 -1.5346217937211348e-001 -4.7968029004308646e-003 -2.8807521724075627e+001 -1.5333219334083026e-001 -9.8795588112607147e-001 2.0794601070900042e-002 1.1906153663394091e+001 -7.9302144355972749e-003 -1.9812532669219850e-002 -9.9977226169174971e-001 1.3971934632296690e+000 0 0 0 1</transform>
        <rotation_covariance>9.4230842164488386e-009 -1.3911430792924420e-009 -2.4827355840651725e-010 -1.3911430792924414e-009 5.6551506832631336e-009 -3.3567052455579582e-011 -2.4827355840651725e-010 -3.3567052455579595e-011 1.8443914974575637e-010</rotation_covariance>
        <location_covariance>4.9489024706986845e-006 -1.9694407064660428e-006 1.4193208889166013e-006 -1.9694407064660428e-006 8.7540907567445975e-006 -9.7040977796379035e-007 1.4193208889166013e-006 -9.7040977796379035e-007 1.3186883628404489e-006</location_covariance>
      </camera>
      <camera id="1" sensor_id="0" label="DSC00590.JPG">
        <transform>9.9232730677465353e-001 -1.2355625478098191e-001 -4.5131068964799938e-003 -2.8724267112330299e+001 -1.2345611948160502e-001 -9.9218470598999797e-001 1.8113413871627907e-002 1.1714462679256936e+001 -6.7158612184616655e-003 -1.7417264539482089e-002 -9.9982575287099706e-001 1.1892512532828525e+000 0 0 0 1</transform>
        <rotation_covariance>9.1879399216692733e-009 -1.2226419767845183e-009 -2.3261342794375694e-010 -1.2226419767845181e-009 5.3970403463155034e-009 -9.0621274203933229e-012 -2.3261342794375694e-010 -9.0621274203933132e-012 1.7635386507657789e-010</rotation_covariance>
        <location_covariance>4.7521606788578350e-006 -1.9127808539633048e-006 1.3782552772057166e-006 -1.9127808539633048e-006 8.3514905025484530e-006 -9.2891822274127151e-007 1.3782552772057166e-006 -9.2891822274127151e-007 1.2872732833515880e-006</location_covariance>
      </camera>
      <camera id="2" sensor_id="0" label="DSC00591.JPG">
        <transform>9.9551996755326644e-001 -9.4549904753652797e-002 -5.5651937914697640e-004 -2.7031442915994162e+001 -9.4530142105047593e-002 -9.9540262621948139e-001 1.5416353296385635e-002 1.1641743635063364e+001 -2.0115755873668585e-003 -1.5294679677412538e-002 -9.9988100608883534e-001 1.1192002995429764e+000 0 0 0 1</transform>
        <rotation_covariance>9.8827846061378777e-009 -1.1233603689365943e-009 -1.9843520550390830e-010 -1.1233603689365945e-009 5.1687372097160341e-009 3.4487139284068839e-011 -1.9843520550390830e-010 3.4487139284068852e-011 1.6066771677430524e-010</rotation_covariance>
        <location_covariance>4.4515159697705512e-006 -1.7345713190105715e-006 1.2229692219618845e-006 -1.7345713190105715e-006 8.7685129387931753e-006 -8.6671756121828289e-007 1.2229692219618845e-006 -8.6671756121828289e-007 1.1153034414725741e-006</location_covariance>
      </camera>
      <camera id="3" sensor_id="0" label="DSC00592.JPG">
        <transform>9.9682425431871202e-001 -7.9627515285735528e-002 9.2995234482085313e-004 -2.5193932976626602e+001 -7.9632762080309893e-002 -9.9672892411100522e-001 1.3786770614572034e-002 1.1678821762883048e+001 -1.7089588772496863e-004 -1.3817042011155046e-002 -9.9990452551464015e-001 1.0713922179916309e+000 0 0 0 1</transform>
        <rotation_covariance>1.0327012915871675e-008 -1.1896590678036293e-009 -1.7248315250710493e-010 -1.1896590678036291e-009 5.1796382413155825e-009 5.6240619046900087e-011 -1.7248315250710490e-010 5.6240619046900100e-011 1.5293289367885226e-010</rotation_covariance>
        <location_covariance>4.3047867093231624e-006 -1.6844735343652089e-006 1.0965704159325612e-006 -1.6844735343652089e-006 9.0514617820886150e-006 -8.2567125585279214e-007 1.0965704159325612e-006 -8.2567125585279214e-007 9.6474646902860828e-007</location_covariance>
      </camera>
      <camera id="4" sensor_id="0" label="DSC00593.JPG">
        <transform>9.9684036806154186e-001 -7.9383483369863325e-002 2.7464833873469250e-003 -2.3023553654924218e+001 -7.9407226854801047e-002 -9.9679191928230571e-001 1.0018082487557379e-002 1.1968948930619419e+001 1.9424021624015796e-003 -1.0204519663559583e-002 -9.9994604597061909e-001 9.5025434823503985e-001 0 0 0 1</transform>
        <rotation_covariance>9.5385368258753840e-009 -9.6174167331054517e-010 -1.1141542441976778e-010 -9.6174167331054558e-010 4.6500808367776531e-009 4.7105151204241128e-011 -1.1141542441976778e-010 4.7105151204241141e-011 1.3596940769755898e-010</rotation_covariance>
        <location_covariance>3.7462917679663497e-006 -1.3736073356112659e-006 9.7440077007100442e-007 -1.3736073356112659e-006 8.3576095346201987e-006 -9.2209331726143061e-007 9.7440077007100442e-007 -9.2209331726143061e-007 8.1373686283468747e-007</location_covariance>
      </camera>
      <camera id="5" sensor_id="0" label="DSC00594.JPG">
        <transform>9.9692477337072372e-001 -7.8160750384598493e-002 5.6474187951991890e-003 -1.9792313655161237e+001 -7.8212885685909644e-002 -9.9688958351338519e-001 9.6903454629994838e-003 1.2724027677815103e+001 4.8724482977977532e-003 -1.0102246375234150e-002 -9.9993709995467184e-001 9.3848748449150321e-001 0 0 0 1</transform>
        <rotation_covariance>9.2869369234966282e-009 -7.5669722460703568e-010 -6.7500159547348973e-011 -7.5669722460703588e-010 4.3332165712414251e-009 2.1294584761566955e-011 -6.7500159547348986e-011 2.1294584761566964e-011 1.2734930016747235e-010</rotation_covariance>
        <location_covariance>3.3724188133805953e-006 -1.0059553033588372e-006 7.9782053821823145e-007 -1.0059553033588372e-006 8.2055713794787637e-006 -1.0475679238468110e-006 7.9782053821823145e-007 -1.0475679238468110e-006 6.6955645859532147e-007</location_covariance>
      </camera>
      <camera id="6" sensor_id="0" label="DSC00595.JPG">
        <transform>9.9695618625377036e-001 -7.7725816455770369e-002 6.0877045445069848e-003 -1.8736670698063236e+001 -7.7770398826035564e-002 -9.9694334809065988e-001 7.4649691375560457e-003 1.2910577305402786e+001 5.4888757297538475e-003 -7.9156903722413501e-003 -9.9995360596837402e-001 9.2746236704594642e-001 0 0 0 1</transform>
        <rotation_covariance>9.2938778175764179e-009 -6.3119741661329679e-010 -6.8345090425850504e-011 -6.3119741661329669e-010 4.3025777798644949e-009 2.7178344079226949e-011 -6.8345090425850491e-011 2.7178344079226946e-011 1.2689387138601327e-010</rotation_covariance>
        <location_covariance>3.3232591142647178e-006 -8.3716294201590669e-007 7.4695236248216630e-007 -8.3716294201590669e-007 8.2074884302513760e-006 -1.0713987272422241e-006 7.4695236248216630e-007 -1.0713987272422241e-006 6.3122581292361205e-007</location_covariance>
      </camera>
      <camera id="7" sensor_id="0" label="DSC00596.JPG">
        <transform>9.9696065442025483e-001 -7.7517420553321975e-002 7.7783705682128758e-003 -1.7143859048916866e+001 -7.7582903007404863e-002 -9.9694964677719067e-001 8.5026438110963852e-003 1.3159967332818960e+001 7.0955407743620632e-003 -9.0802699075622946e-003 -9.9993359879520261e-001 8.9893389576136595e-001 0 0 0 1</transform>
        <rotation_covariance>8.9829027180279768e-009 -5.9680842418651537e-010 -6.0524163172025696e-011 -5.9680842418651527e-010 4.1098269633299423e-009 1.7978302376702046e-011 -6.0524163172025735e-011 1.7978302376702036e-011 1.2120284905525772e-010</rotation_covariance>
        <location_covariance>3.1214480305754406e-006 -7.0384468262468693e-007 6.5566199392997538e-007 -7.0384468262468693e-007 7.9755491666229791e-006 -1.1210651763382383e-006 6.5566199392997538e-007 -1.1210651763382383e-006 5.7735829730637626e-007</location_covariance>
      </camera>
      <camera id="8" sensor_id="0" label="DSC00597.JPG">
        <transform>9.9687120020518216e-001 -7.8608001551437309e-002 8.2820464602138596e-003 -1.5216018206623025e+001 -7.8683386446936912e-002 -9.9685713725208303e-001 9.2072040720086769e-003 1.3447977158578807e+001 7.5322572129406778e-003 -9.8300560359978230e-003 -9.9992331460947903e-001 9.1795195428761722e-001 0 0 0 1</transform>
        <rotation_covariance>9.1128516258693798e-009 -5.8703234777128293e-010 -6.4549497141676781e-011 -5.8703234777128272e-010 4.1031100871648038e-009 1.6118890537911168e-011 -6.4549497141676794e-011 1.6118890537911184e-011 1.1989677713347693e-010</rotation_covariance>
        <location_covariance>3.0799689138769539e-006 -5.4101620184434149e-007 5.3690565696796837e-007 -5.4101620184434149e-007 8.1091530891089214e-006 -1.1599276925982492e-006 5.3690565696796837e-007 -1.1599276925982492e-006 5.2920539695473810e-007</location_covariance>
      </camera>
      <camera id="9" sensor_id="0" label="DSC00598.JPG">
        <transform>9.9685959681131164e-001 -7.8790211508518740e-002 7.9402024932254053e-003 -1.3129405652772720e+001 -7.8844958795074790e-002 -9.9686345886647254e-001 6.8349725219265548e-003 1.3594120072258736e+001 7.3767687908393607e-003 -7.4395528908270019e-003 -9.9994511666140506e-001 9.1562096426775452e-001 0 0 0 1</transform>
        <rotation_covariance>9.2245820597315961e-009 -6.0328382561734225e-010 -7.1530185783277957e-011 -6.0328382561734235e-010 4.1844542095735291e-009 2.3845664112440003e-011 -7.1530185783277944e-011 2.3845664112440006e-011 1.1834075846833168e-010</rotation_covariance>
        <location_covariance>3.1178102817649114e-006 -3.9254746140733301e-007 4.0594496424759498e-007 -3.9254746140733301e-007 8.2011049417323177e-006 -1.1802258054717123e-006 4.0594496424759498e-007 -1.1802258054717123e-006 4.8146284487354324e-007</location_covariance>
      </camera>
      <camera id="10" sensor_id="0" label="DSC00599.JPG">
        <transform>9.9684161359603674e-001 -7.8969954413595347e-002 8.3990298942950414e-003 -1.2034715629176517e+001 -7.9015336247752074e-002 -9.9685975665985982e-001 5.2155718478181373e-003 1.3755602324593420e+001 7.9607814255428146e-003 -5.8627512278577373e-003 -9.9995112585922663e-001 9.0784730766808064e-001 0 0 0 1</transform>
        <rotation_covariance>9.1658179139710432e-009 -4.8941620187853925e-010 -7.4733900290960069e-011 -4.8941620187853925e-010 4.1489824148345816e-009 2.3120982415057167e-011 -7.4733900290960108e-011 2.3120982415057174e-011 1.1726435894418682e-010</rotation_covariance>
        <location_covariance>3.1010380125907804e-006 -2.2379478674569040e-007 3.4055429858846062e-007 -2.2379478674569040e-007 8.1576809677425353e-006 -1.2221097611607593e-006 3.4055429858846062e-007 -1.2221097611607593e-006 4.7020378438179208e-007</location_covariance>
      </camera>
      <camera id="11" sensor_id="0" label="DSC00600.JPG">
        <transform>9.9678891479603360e-001 -7.9546917228881173e-002 9.1731836963691651e-003 -1.0158503659688437e+001 -7.9583682936497077e-002 -9.9682126766372592e-001 3.7145314032267802e-003 1.3988405507944956e+001 8.8485450786503737e-003 -4.4326394692082976e-003 -9.9995102627945087e-001 9.0542864122081479e-001 0 0 0 1</transform>
        <rotation_covariance>8.7389954335805797e-009 -4.5685763851978862e-010 -6.8717649676672764e-011 -4.5685763851978857e-010 3.7792092480602821e-009 2.1649378839368570e-011 -6.8717649676672751e-011 2.1649378839368570e-011 1.0955149373696302e-010</rotation_covariance>
        <location_covariance>2.8359017021198258e-006 -5.1742592079792235e-008 2.0234337168689869e-007 -5.1742592079792235e-008 7.8558024403346574e-006 -1.2906238219274514e-006 2.0234337168689869e-007 -1.2906238219274514e-006 4.5407946056200117e-007</location_covariance>
      </camera>
      <camera id="12" sensor_id="0" label="DSC00601.JPG">
        <transform>9.9677034413936116e-001 -7.9676054347231504e-002 1.0030324419353417e-002 -8.6700338674461417e+000 -7.9730342233880799e-002 -9.9680325021796179e-001 5.1335058367301427e-003 1.4123066032692948e+001 9.5892424919129353e-003 -5.9166475781908213e-003 -9.9993651783994109e-001 9.0964334036983741e-001 0 0 0 1</transform>
        <rotation_covariance>8.7869335555489334e-009 -3.3175765226359316e-010 -7.1331441082547945e-011 -3.3175765226359327e-010 3.7220271294727833e-009 1.4300724668653897e-011 -7.1331441082547945e-011 1.4300724668653897e-011 1.0904694586010849e-010</rotation_covariance>
        <location_covariance>2.8385194753331381e-006 1.6932410225577305e-007 9.5558780331358493e-008 1.6932410225577305e-007 7.8907308545573875e-006 -1.3217561230003127e-006 9.5558780331358493e-008 -1.3217561230003127e-006 4.5165566905269394e-007</location_covariance>
      </camera>
      <camera id="13" sensor_id="0" label="DSC00602.JPG">
        <transform>9.9678045032459361e-001 -7.9617043543799976e-002 9.4794634892901505e-003 -6.2286532400940056e+000 -7.9642599463083941e-002 -9.9682071519758397e-001 2.3490644392841955e-003 1.4410298058440912e+001 9.2623000093339097e-003 -3.0964706234336533e-003 -9.9995230969692517e-001 9.0187868508667646e-001 0 0 0 1</transform>
        <rotation_covariance>9.1384740589306524e-009 -1.8174265644714558e-010 -8.8348355985763748e-011 -1.8174265644714586e-010 3.8054363818829423e-009 1.6102704575313320e-011 -8.8348355985763748e-011 1.6102704575313317e-011 1.1310960668350502e-010</rotation_covariance>
        <location_covariance>3.0007178403902351e-006 5.0077603631940324e-007 -8.7680098213965446e-008 5.0077603631940324e-007 8.1540136702919901e-006 -1.3976405357148168e-006 -8.7680098213965446e-008 -1.3976405357148168e-006 4.7771409685975685e-007</location_covariance>
      </camera>
      <camera id="14" sensor_id="0" label="DSC00603.JPG">
        <transform>9.9678409824744585e-001 -7.9684659048234879e-002 8.4744671450717179e-003 -5.2260510529064428e+000 -7.9706504091527963e-002 -9.9681578716257246e-001 2.2714904728613453e-003 1.4492681825856465e+001 8.2664796941367517e-003 -2.9396557328409388e-003 -9.9996151112812282e-001 9.1137732047856124e-001 0 0 0 1</transform>
        <rotation_covariance>9.2770121454313879e-009 -1.1506629241278014e-010 -9.7759558633355067e-011 -1.1506629241278003e-010 3.8989980475640491e-009 1.6157803083439089e-011 -9.7759558633355067e-011 1.6157803083439089e-011 1.1607264350600356e-010</rotation_covariance>
        <location_covariance>3.1296017694855879e-006 6.3820346833764180e-007 -1.6433352270592981e-007 6.3820346833764180e-007 8.2569674273870606e-006 -1.4215011974466422e-006 -1.6433352270592981e-007 -1.4215011974466422e-006 4.9362835596255815e-007</location_covariance>
      </camera>
      <camera id="15" sensor_id="0" label="DSC00604.JPG">
        <transform>9.9673782710348469e-001 -8.0243466278100306e-002 8.6423457868624425e-003 -3.6423297807271657e+000 -8.0266903315565186e-002 -9.9677051854102183e-001 2.3994998629181504e-003 1.4632028151376431e+001 8.4218913050473146e-003 -3.0853666131939158e-003 -9.9995977532084168e-001 9.1141527276623113e-001 0 0 0 1</transform>
        <rotation_covariance>9.0356030803296002e-009 -3.8104458204939750e-010 -6.7602423757512787e-011 -3.8104458204939740e-010 3.8941176182919001e-009 2.0255098816011232e-011 -6.7602423757512761e-011 2.0255098816011226e-011 1.1669835363868411e-010</rotation_covariance>
        <location_covariance>3.1826297544808208e-006 5.6734622195502574e-007 -3.0708749158902235e-007 5.6734622195502574e-007 8.1197682937769255e-006 -1.4455069678123808e-006 -3.0708749158902235e-007 -1.4455069678123808e-006 5.2603728037595329e-007</location_covariance>
      </camera>
      <camera id="16" sensor_id="0" label="DSC00605.JPG">
        <transform>9.9677174240048538e-001 -7.9955442974560295e-002 7.2952512391161505e-003 -2.3334212170777948e+000 -7.9963293611000977e-002 -9.9679749545047325e-001 7.9040403890393658e-004 1.4741856247552198e+001 7.2086910587734936e-003 -1.3712047278581214e-003 -9.9997307692298065e-001 8.9635040751415751e-001 0 0 0 1</transform>
        <rotation_covariance>9.1503095499380502e-009 -5.7910721698106591e-010 -7.9379795948304908e-011 -5.7910721698106580e-010 3.8707442002537343e-009 3.0258186608391490e-011 -7.9379795948304934e-011 3.0258186608391496e-011 1.1887560115783337e-010</rotation_covariance>
        <location_covariance>3.2304153065227505e-006 5.4558300051929395e-007 -3.9296645676882265e-007 5.4558300051929395e-007 8.2224005079482700e-006 -1.4623657699669923e-006 -3.9296645676882265e-007 -1.4623657699669923e-006 5.5995676403478024e-007</location_covariance>
      </camera>
      <camera id="17" sensor_id="0" label="DSC00606.JPG">
        <transform>9.9674067173572956e-001 -8.0357085771957826e-002 7.1254525502756575e-003 -4.6297462549412222e-001 -8.0358452259673113e-002 -9.9676602578907791e-001 -9.4779096713285731e-005 1.4966323231193979e+001 7.1100251924908955e-003 -4.7812015806538626e-004 -9.9997460914909064e-001 8.9263164498147074e-001 0 0 0 1</transform>
        <rotation_covariance>8.8832557086355618e-009 -2.7482069608869349e-010 -7.5824853771741022e-011 -2.7482069608869328e-010 3.6863729994881275e-009 2.4084589512926085e-011 -7.5824853771741035e-011 2.4084589512926085e-011 1.1940358685553738e-010</rotation_covariance>
        <location_covariance>3.2857966345501718e-006 9.3109518900284834e-007 -5.3446119474850880e-007 9.3109518900284834e-007 8.0037358787121337e-006 -1.5442008658375909e-006 -5.3446119474850880e-007 -1.5442008658375909e-006 6.2708551750558113e-007</location_covariance>
      </camera>
      <camera id="18" sensor_id="0" label="DSC00607.JPG">
        <transform>9.9673352105613067e-001 -8.0407234351503126e-002 7.5474940868639684e-003 1.2193947062402499e+000 -8.0414482871814880e-002 -9.9676129213867126e-001 6.6139134039071670e-004 1.5144171487456260e+001 7.4698693099266586e-003 -1.2661587534769192e-003 -9.9997129853536482e-001 8.8412671670230747e-001 0 0 0 1</transform>
        <rotation_covariance>8.7068368645978054e-009 -1.6896211947598438e-010 -7.3710774991519924e-011 -1.6896211947598427e-010 3.6694875967478459e-009 1.9664087060797291e-011 -7.3710774991519898e-011 1.9664087060797291e-011 1.1845080908401165e-010</rotation_covariance>
        <location_covariance>3.4454926442800476e-006 1.1488817726028881e-006 -6.8192616948743341e-007 1.1488817726028881e-006 7.8708713990282854e-006 -1.6053418480850568e-006 -6.8192616948743341e-007 -1.6053418480850568e-006 6.9790405731010037e-007</location_covariance>
      </camera>
      <camera id="19" sensor_id="0" label="DSC00608.JPG">
        <transform>9.9665737929540166e-001 -8.1231485274715368e-002 8.6898846992094578e-003 3.0891940509850619e+000 -8.1224399627465957e-002 -9.9669515790270391e-001 -1.1658123613432977e-003 1.5405237655130721e+001 8.7558666720984005e-003 4.5608482528140397e-004 -9.9996156265401148e-001 8.8425158399056925e-001 0 0 0 1</transform>
        <rotation_covariance>8.9556576336395389e-009 -8.5280996824642934e-011 -7.0301428918916845e-011 -8.5280996824642934e-011 3.8987935279127426e-009 2.2385002732620298e-011 -7.0301428918916832e-011 2.2385002732620298e-011 1.2502710140512647e-010</rotation_covariance>
        <location_covariance>3.8318965363094565e-006 1.3872889018733618e-006 -8.4956504786557348e-007 1.3872889018733618e-006 8.0703301883396698e-006 -1.7063378554046580e-006 -8.4956504786557348e-007 -1.7063378554046580e-006 8.0443830634004447e-007</location_covariance>
      </camera>
      <camera id="20" sensor_id="0" label="DSC00609.JPG">
        <transform>9.9660847611886472e-001 -8.1693977129078638e-002 9.8812665618404367e-003 5.0006255257967265e+000 -8.1700453598855277e-002 -9.9665689780133160e-001 2.5287698081737829e-004 1.5581257695671678e+001 9.8275739515845551e-003 -1.0593233027315122e-003 -9.9995114711888122e-001 8.7491809520917330e-001 0 0 0 1</transform>
        <rotation_covariance>9.4119719429917705e-009 -1.1434327306467159e-010 -6.6296331977659502e-011 -1.1434327306467165e-010 4.0861838184519337e-009 2.6336928448314366e-011 -6.6296331977659476e-011 2.6336928448314363e-011 1.3276701498809352e-010</rotation_covariance>
        <location_covariance>4.1957880633201269e-006 1.5567970235564036e-006 -1.0316476280838554e-006 1.5567970235564036e-006 8.4164219113039832e-006 -1.7875125485647802e-006 -1.0316476280838554e-006 -1.7875125485647802e-006 9.2283690134336863e-007</location_covariance>
      </camera>
      <camera id="21" sensor_id="0" label="DSC00610.JPG">
        <transform>9.9659620740304855e-001 -8.1881072676682126e-002 9.5650053410890907e-003 5.8909602266275485e+000 -8.1874210790560897e-002 -9.9664205570078490e-001 -1.1074366511408410e-003 1.5755455304928542e+001 9.6235646868489035e-003 3.2053990295692614e-004 -9.9995364105386841e-001 8.4003661775233807e-001 0 0 0 1</transform>
        <rotation_covariance>9.5710497719559645e-009 -1.3615729355063390e-010 -7.2890517487508123e-011 -1.3615729355063377e-010 4.2129747168174037e-009 3.2538921228567338e-011 -7.2890517487508123e-011 3.2538921228567338e-011 1.3884133325151142e-010</rotation_covariance>
        <location_covariance>4.3931172802580184e-006 1.6300562291596587e-006 -1.1209999275060088e-006 1.6300562291596587e-006 8.5403370616706475e-006 -1.8567787852360954e-006 -1.1209999275060088e-006 -1.8567787852360954e-006 9.9724436351575863e-007</location_covariance>
      </camera>
      <camera id="22" sensor_id="0" label="DSC00611.JPG">
        <transform>9.9657666975729231e-001 -8.2039210479394345e-002 1.0222976053118565e-002 7.3517728226129222e+000 -8.2031409918746259e-002 -9.9662904514976514e-001 -1.1807415509167644e-003 1.5972984504082238e+001 1.0285381967025898e-002 3.3809434345379334e-004 -9.9994704690298841e-001 8.0389745576387517e-001 0 0 0 1</transform>
        <rotation_covariance>9.7981221456994627e-009 -2.0723901864414420e-010 -5.9999392049333799e-011 -2.0723901864414404e-010 4.2831901742339869e-009 3.5245011460126063e-011 -5.9999392049333838e-011 3.5245011460126056e-011 1.4687419782327000e-010</rotation_covariance>
        <location_covariance>4.6282322811603185e-006 1.7255682082865543e-006 -1.2792133598946940e-006 1.7255682082865543e-006 8.7196806575928148e-006 -1.9353716965256881e-006 -1.2792133598946940e-006 -1.9353716965256881e-006 1.1164888912920549e-006</location_covariance>
      </camera>
      <camera id="23" sensor_id="0" label="DSC00612.JPG">
        <transform>9.9650959397656069e-001 -8.2739596929725129e-002 1.1080984278388941e-002 8.5199316976621553e+000 -8.2715377341149365e-002 -9.9656974871002957e-001 -2.6272242652105857e-003 1.6017216445919082e+001 1.1260349194521372e-002 1.7014863899120825e-003 -9.9993515263745103e-001 8.1325494140296184e-001 0 0 0 1</transform>
        <rotation_covariance>9.8868569785862115e-009 -1.5816278602140903e-010 -4.5124114496980172e-011 -1.5816278602140887e-010 4.3191098930626951e-009 4.3537302815330196e-011 -4.5124114496980185e-011 4.3537302815330196e-011 1.5259850480545690e-010</rotation_covariance>
        <location_covariance>4.8356505714278699e-006 1.8666994131613644e-006 -1.4115630241613313e-006 1.8666994131613644e-006 8.7836918915531114e-006 -1.9585094647507554e-006 -1.4115630241613313e-006 -1.9585094647507554e-006 1.2021816342984523e-006</location_covariance>
      </camera>
      <camera id="24" sensor_id="0" label="DSC00613.JPG">
        <transform>9.9963193312667986e-001 -2.4055376351751971e-002 1.2543410301517484e-002 9.8326305128151237e+000 -2.4052557673829203e-002 -9.9971062484912698e-001 -3.7554375937610312e-004 1.5979920832821145e+001 1.2548814396737365e-002 7.3704434455042076e-005 -9.9992125781228025e-001 8.1038278331714408e-001 0 0 0 1</transform>
        <rotation_covariance>9.9741453125840464e-009 2.1773765094959736e-010 -2.2551386074857959e-011 2.1773765094959731e-010 4.4320702440190603e-009 3.1472527981014952e-011 -2.2551386074857927e-011 3.1472527981014952e-011 1.5946225056896192e-010</rotation_covariance>
        <location_covariance>5.1248010152380057e-006 2.0085255033437143e-006 -1.5653672686377109e-006 2.0085255033437143e-006 8.8341735871337457e-006 -1.9687761066984096e-006 -1.5653672686377109e-006 -1.9687761066984096e-006 1.2984332652601425e-006</location_covariance>
      </camera>
      <camera id="25" sensor_id="0" label="DSC00614.JPG">
        <transform>9.9989964764645833e-001 -5.2709294688248719e-003 1.3149598435848857e-002 1.0890056557674201e+001 -5.2622524837204962e-003 -9.9998591316861585e-001 -6.9437967067443207e-004 1.6074649507019135e+001 1.3153073225941633e-002 6.2511348101125530e-004 -9.9991329919040928e-001 7.6959776403559732e-001 0 0 0 1</transform>
        <rotation_covariance>1.0195932469167308e-008 3.6425513635427704e-010 -1.1464578865649601e-011 3.6425513635427699e-010 4.5156005234350530e-009 2.0086919754560207e-011 -1.1464578865649582e-011 2.0086919754560207e-011 1.6766055402063068e-010</rotation_covariance>
        <location_covariance>5.3455033739857991e-006 2.1343616409295217e-006 -1.7071192932081856e-006 2.1343616409295217e-006 8.9877959463494850e-006 -2.0333895438013027e-006 -1.7071192932081856e-006 -2.0333895438013027e-006 1.4020813365862418e-006</location_covariance>
      </camera>
      <camera id="26" sensor_id="0" label="DSC00615.JPG">
        <transform>9.9992275636748196e-001 -4.3549724549326830e-003 1.1641113064248632e-002 1.1097140974694586e+001 -4.3679959090653217e-003 -9.9998986232263432e-001 1.0935555300616915e-003 1.6201255654075773e+001 1.1636232646188852e-002 -1.1443193941017941e-003 -9.9993164197505424e-001 7.6271542367659562e-001 0 0 0 1</transform>
        <rotation_covariance>1.0632049561463872e-008 4.7847387646203977e-010 -2.9639723680831129e-011 4.7847387646203977e-010 4.7248081120478395e-009 6.8005311697068024e-012 -2.9639723680831136e-011 6.8005311697068016e-012 1.7346065141696283e-010</rotation_covariance>
        <location_covariance>5.5332490403608291e-006 2.2415343486779615e-006 -1.7392534344517801e-006 2.2415343486779615e-006 9.3163107623250090e-006 -2.0907936186840061e-006 -1.7392534344517801e-006 -2.0907936186840061e-006 1.4395710248664428e-006</location_covariance>
      </camera>
      <camera id="27" sensor_id="0" label="DSC00616.JPG">
        <transform>9.9987258870324136e-001 -4.8330403257337839e-003 1.5213417797723056e-002 1.1080217139644983e+001 -4.8876787430639466e-003 -9.9998173138267221e-001 3.5563320173661673e-003 1.3711492253277973e+001 1.5195951973563432e-002 -3.6302371992714133e-003 -9.9987794476200653e-001 6.9906115986825978e-001 0 0 0 1</transform>
        <rotation_covariance>9.7186942048635815e-009 2.3670205046582345e-010 1.1223053077589373e-011 2.3670205046582351e-010 4.6962974411098681e-009 4.1139605164821325e-011 1.1223053077589355e-011 4.1139605164821325e-011 1.5518265722031785e-010</rotation_covariance>
        <location_covariance>5.4824098230451231e-006 1.8398227721889690e-006 -1.6137366128924493e-006 1.8398227721889690e-006 8.2381956706855935e-006 -1.4204019991251035e-006 -1.6137366128924493e-006 -1.4204019991251035e-006 1.1809039549357346e-006</location_covariance>
      </camera>
      <camera id="28" sensor_id="0" label="DSC00617.JPG">
        <transform>9.9985593954223673e-001 -4.7983619288260596e-003 1.6281151215768046e-002 1.0616870691138937e+001 -4.8661973261218258e-003 -9.9997963370221110e-001 4.1294435914474743e-003 1.3665093694788380e+001 1.6261005064077603e-002 -4.2080759964257392e-003 -9.9985892595441406e-001 7.0712697640173749e-001 0 0 0 1</transform>
        <rotation_covariance>9.0246635759157200e-009 3.4333998212486946e-010 1.4144610709467720e-011 3.4333998212486951e-010 4.2327818286288009e-009 3.6364588075440872e-011 1.4144610709467718e-011 3.6364588075440872e-011 1.4348413096584444e-010</rotation_covariance>
        <location_covariance>5.0697212539755370e-006 1.8775400861376513e-006 -1.5705759714070546e-006 1.8775400861376513e-006 7.7348627195053054e-006 -1.4100967480834047e-006 -1.5705759714070546e-006 -1.4100967480834047e-006 1.1305238967933265e-006</location_covariance>
      </camera>
      <camera id="29" sensor_id="0" label="DSC00618.JPG">
        <transform>9.9990221023426362e-001 -2.3825558464764837e-003 1.3780181285914243e-002 8.4360003440003961e+000 -2.4663956074072297e-003 -9.9997853399681780e-001 6.0702914495741516e-003 1.3409544308261529e+001 1.3765422672115911e-002 -6.1036852157882017e-003 -9.9988662265551120e-001 6.6530017480571468e-001 0 0 0 1</transform>
        <rotation_covariance>9.5965676672673392e-009 2.4974590168579655e-010 -2.4718335388169568e-011 2.4974590168579655e-010 4.3731202641412680e-009 4.4404489895389263e-011 -2.4718335388169571e-011 4.4404489895389283e-011 1.3738931443270803e-010</rotation_covariance>
        <location_covariance>4.8150384259081688e-006 1.6129406238033988e-006 -1.3054505666546494e-006 1.6129406238033988e-006 8.0875426173825133e-006 -1.2887287697621464e-006 -1.3054505666546494e-006 -1.2887287697621464e-006 9.4867031069333426e-007</location_covariance>
      </camera>
      <camera id="30" sensor_id="0" label="DSC00619.JPG">
        <transform>9.9990471298092776e-001 -2.2084716330347197e-003 1.3626724168891068e-002 6.4889705461944400e+000 -2.2954263105026533e-003 -9.9997708412130482e-001 6.3688499987016554e-003 1.3191993255483446e+001 1.3612346475975815e-002 -6.3995222711535939e-003 -9.9988686866971055e-001 6.6963688751650274e-001 0 0 0 1</transform>
        <rotation_covariance>9.4279782087558786e-009 2.9894475004448988e-010 -1.7011278019526454e-011 2.9894475004448988e-010 4.2334354839538571e-009 5.1048511229881855e-011 -1.7011278019526467e-011 5.1048511229881855e-011 1.2806173321455797e-010</rotation_covariance>
        <location_covariance>4.4372020867057553e-006 1.4865337527719779e-006 -1.1131669573875412e-006 1.4865337527719779e-006 7.9399822194409740e-006 -1.2139559490081765e-006 -1.1131669573875412e-006 -1.2139559490081765e-006 8.0056612316465467e-007</location_covariance>
      </camera>
      <camera id="31" sensor_id="0" label="DSC00620.JPG">
        <transform>9.9990636378371367e-001 -2.2553478235667556e-003 1.3497298656610052e-002 3.2390804946175944e+000 -2.3295861466925949e-003 -9.9998223253461027e-001 5.4870432367352508e-003 1.2825306121703905e+001 1.3484683652801529e-002 -5.5179725707361774e-003 -9.9989385200904823e-001 7.0606139483376540e-001 0 0 0 1</transform>
        <rotation_covariance>8.0409306309830028e-009 1.0060342351007877e-010 -1.0661989834246942e-011 1.0060342351007877e-010 3.6657039912731055e-009 3.8738784906777304e-011 -1.0661989834246958e-011 3.8738784906777304e-011 1.0955600228067263e-010</rotation_covariance>
        <location_covariance>3.6206115386566871e-006 1.0795187570557648e-006 -8.1962111287652652e-007 1.0795187570557648e-006 6.9263852985359611e-006 -1.1507610670867675e-006 -8.1962111287652652e-007 -1.1507610670867675e-006 5.9009377423898118e-007</location_covariance>
      </camera>
      <camera id="32" sensor_id="0" label="DSC00621.JPG">
        <transform>9.9988345384609478e-001 -1.9969124488303826e-003 1.5135754539362761e-002 6.2395355114760986e-001 -2.0821140290794172e-003 -9.9998206535593182e-001 5.6154935361773699e-003 1.2587139300146733e+001 1.5124269436043676e-002 -5.6463534388705586e-003 -9.9986967909166513e-001 7.1015422887558721e-001 0 0 0 1</transform>
        <rotation_covariance>8.0802767071796522e-009 -8.2834949669895186e-011 5.0271145687484341e-012 -8.2834949669895173e-011 3.5664839784721335e-009 3.7511432221115667e-011 5.0271145687484551e-012 3.7511432221115667e-011 1.0590871439910447e-010</rotation_covariance>
        <location_covariance>3.2659954301895947e-006 7.3978308535309685e-007 -5.9271889341161829e-007 7.3978308535309685e-007 6.9382719038816134e-006 -1.0721915217466275e-006 -5.9271889341161829e-007 -1.0721915217466275e-006 4.7062840067127069e-007</location_covariance>
      </camera>
      <camera id="33" sensor_id="0" label="DSC00622.JPG">
        <transform>9.9985042509722866e-001 -2.0106157623005468e-003 1.7178034146757948e-002 -1.1762229010652809e+000 -2.0897808208080512e-003 -9.9998727402159082e-001 4.5917982304212656e-003 1.2439193352891309e+001 1.7168583197566895e-002 -4.6270097389464861e-003 -9.9984190276856466e-001 7.4401296188060850e-001 0 0 0 1</transform>
        <rotation_covariance>8.1050943060337026e-009 -1.7187012409632285e-010 2.1673363908560810e-011 -1.7187012409632287e-010 3.5127116851451709e-009 4.2501017784484213e-011 2.1673363908560774e-011 4.2501017784484206e-011 1.0531808110184939e-010</rotation_covariance>
        <location_covariance>3.0662673696399900e-006 5.3594881003798482e-007 -4.5392365053366954e-007 5.3594881003798482e-007 6.9663169331729269e-006 -1.0196111947714623e-006 -4.5392365053366954e-007 -1.0196111947714623e-006 4.0718130399857337e-007</location_covariance>
      </camera>
      <camera id="34" sensor_id="0" label="DSC00623.JPG">
        <transform>9.9983452103241244e-001 -2.4551730354625541e-003 1.8025056927826667e-002 -2.5572197703241866e+000 -2.5236693078733419e-003 -9.9998967773286307e-001 3.7782960377779288e-003 1.2332390487165801e+001 1.8015594497821953e-002 -3.8231600921917845e-003 -9.9983039651822925e-001 7.4990511486522071e-001 0 0 0 1</transform>
        <rotation_covariance>8.0600636464619503e-009 -3.0759212268738631e-010 3.0857781750180298e-011 -3.0759212268738631e-010 3.5977785703560028e-009 4.3116486581368012e-011 3.0857781750180310e-011 4.3116486581368012e-011 1.0464036366683431e-010</rotation_covariance>
        <location_covariance>3.0192286989941265e-006 3.3126623965620107e-007 -3.6414022787088757e-007 3.3126623965620107e-007 6.9365866504042476e-006 -9.9374922124306208e-007 -3.6414022787088757e-007 -9.9374922124306208e-007 3.6811123614873863e-007</location_covariance>
      </camera>
      <camera id="35" sensor_id="0" label="DSC00624.JPG">
        <transform>9.9985499968886049e-001 -2.7018051177644673e-003 1.6813085567307536e-002 -4.6721629447530830e+000 -2.7541537737991980e-003 -9.9999142955091080e-001 3.0911909866725537e-003 1.2187534480556984e+001 1.6804589675985870e-002 -3.1370485860821051e-003 -9.9985387166925066e-001 6.9514772905991928e-001 0 0 0 1</transform>
        <rotation_covariance>8.1159625355890332e-009 -9.0675203771077650e-011 7.7818593193280267e-012 -9.0675203771077637e-011 3.6790027089006903e-009 3.7194650150552538e-011 7.7818593193280687e-012 3.7194650150552531e-011 1.0216389711554633e-010</rotation_covariance>
        <location_covariance>2.9338369718976327e-006 3.2776706067844015e-007 -2.0765930844954868e-007 3.2776706067844015e-007 6.9474605100856648e-006 -9.9204686929606773e-007 -2.0765930844954868e-007 -9.9204686929606773e-007 3.2480076586609115e-007</location_covariance>
      </camera>
      <camera id="36" sensor_id="0" label="DSC00625.JPG">
        <transform>9.9985706050293888e-001 -3.1675174734824727e-003 1.6607991915863284e-002 -6.4371418061107253e+000 -3.2192782707080800e-003 -9.9999004151505222e-001 3.0908118900722474e-003 1.2028883977888926e+001 1.6598036324756725e-002 -3.1438358384700046e-003 -9.9985730056162658e-001 6.9421997602732377e-001 0 0 0 1</transform>
        <rotation_covariance>8.0469796367014720e-009 -1.8507419820177832e-010 3.2246252715160815e-012 -1.8507419820177830e-010 3.5511552209356366e-009 3.9364785044791174e-011 3.2246252715160347e-012 3.9364785044791161e-011 9.9510454227021313e-011</rotation_covariance>
        <location_covariance>2.7505360711307186e-006 1.2320727986903704e-007 -7.5358499846913227e-008 1.2320727986903704e-007 6.8896376257099369e-006 -9.4579963517849712e-007 -7.5358499846913227e-008 -9.4579963517849712e-007 2.9877538885198521e-007</location_covariance>
      </camera>
      <camera id="37" sensor_id="0" label="DSC00626.JPG">
        <transform>9.9985092596105751e-001 -3.9767460902365576e-003 1.6802123239347964e-002 -8.5580146961306749e+000 -4.0368595044140733e-003 -9.9998556710717035e-001 3.5453268809014248e-003 1.1763893395683791e+001 1.6787781871291704e-002 -3.6126261755970147e-003 -9.9985254878504826e-001 7.1619118607116117e-001 0 0 0 1</transform>
        <rotation_covariance>8.0049080020383252e-009 -1.0767400372845913e-010 8.7900788970050308e-013 -1.0767400372845913e-010 3.5151432237001768e-009 3.3978120187878918e-011 8.7900788970053317e-013 3.3978120187878924e-011 9.8553138285328534e-011</rotation_covariance>
        <location_covariance>2.6565627066917559e-006 1.7248831717980927e-008 8.4586525390783229e-008 1.7248831717980927e-008 6.8460135963883908e-006 -8.9193153684611173e-007 8.4586525390783229e-008 -8.9193153684611173e-007 2.8173667438583488e-007</location_covariance>
      </camera>
      <camera id="38" sensor_id="0" label="DSC00627.JPG">
        <transform>9.9985778113303048e-001 -4.0028885965076944e-003 1.6382746736055196e-002 -9.6500962876526479e+000 -4.0781200605222159e-003 -9.9998128162469035e-001 4.5612867716962983e-003 1.1594832794663018e+001 1.6364181754849366e-002 -4.6274488787704637e-003 -9.9985538968011201e-001 7.2223628473417334e-001 0 0 0 1</transform>
        <rotation_covariance>7.8722562524621535e-009 -4.8667168414462644e-011 -3.2849021963390859e-013 -4.8667168414462644e-011 3.4682417233818243e-009 3.2384634497240156e-011 -3.2849021963393364e-013 3.2384634497240162e-011 9.6788024308926464e-011</rotation_covariance>
        <location_covariance>2.5990998054566451e-006 -2.2418870167937671e-008 1.6086108909732441e-007 -2.2418870167937671e-008 6.7303633755287770e-006 -8.5228715657271039e-007 1.6086108909732441e-007 -8.5228715657271039e-007 2.7843171677314199e-007</location_covariance>
      </camera>
      <camera id="39" sensor_id="0" label="DSC00628.JPG">
        <transform>9.9985355606849768e-001 -4.5616534558776331e-003 1.6494172756695916e-002 -1.1478669362442140e+001 -4.6446443879905840e-003 -9.9997672972065588e-001 4.9967284988618075e-003 1.1404432483021816e+001 1.6470995588863405e-002 -5.0726063252247199e-003 -9.9985147645506878e-001 7.7053038315190281e-001 0 0 0 1</transform>
        <rotation_covariance>7.8997486852569686e-009 -3.9101797241066858e-011 2.4503196670060682e-012 -3.9101797241066858e-011 3.5717435225288221e-009 2.9179360827474070e-011 2.4503196670060973e-012 2.9179360827474083e-011 9.8188472073733932e-011</rotation_covariance>
        <location_covariance>2.6638595572468319e-006 -1.4679468184778222e-007 2.8566694176739074e-007 -1.4679468184778222e-007 6.7549243923876716e-006 -8.1982273990554553e-007 2.8566694176739074e-007 -8.1982273990554553e-007 2.9117217527371508e-007</location_covariance>
      </camera>
      <camera id="40" sensor_id="0" label="DSC00629.JPG">
        <transform>9.9987424595366814e-001 -4.2447487208064167e-003 1.5279868680109932e-002 -1.3643281530034741e+001 -4.3220744424697409e-003 -9.9997800327270747e-001 5.0311671849471926e-003 1.1165496288618694e+001 1.5258176532533040e-002 -5.0965752252225081e-003 -9.9987059811251366e-001 8.1442062247053126e-001 0 0 0 1</transform>
        <rotation_covariance>8.1611210030752275e-009 -1.4235840744644391e-010 -6.4626294539717727e-012 -1.4235840744644393e-010 3.7741454969303101e-009 3.8214442843672308e-011 -6.4626294539717453e-012 3.8214442843672308e-011 1.0444678132798396e-010</rotation_covariance>
        <location_covariance>2.8264411845731381e-006 -3.7581225507643546e-007 4.1895750180911057e-007 -3.7581225507643546e-007 6.9512391277099099e-006 -7.6626400102453128e-007 4.1895750180911057e-007 -7.6626400102453128e-007 3.2700391037747605e-007</location_covariance>
      </camera>
      <camera id="41" sensor_id="0" label="DSC00630.JPG">
