# Cameras (566)
# PhotoID, X, Y, Z, Omega, Phi, Kappa, r11, r12, r13, r21, r22, r23, r31, r32, r33
DSC00588.JPG	2693785.8674731012000000	1256206.7747559592000000	583.7011320161155900	0.6341709587019839	0.3528148074935601	148.1992270328962900	-0.8498694708049857	0.5268770586946915	0.0110656050392283	-0.5269572703909570	-0.8498694404594758	-0.0061619278809188	0.0061577411252474	-0.0110679354139911	0.9999197882979948
DSC00589.JPG	2693785.3689842261000000	1256207.5646905152000000	583.8248245709821700	0.9209499189201458	0.2045530079995718	146.5392443828781100	-0.8342583555217163	0.5512465950578647	0.0118400878084780	-0.5513621772616065	-0.8341875425193013	-0.0114408649563667	0.0035701159004532	-0.0160728137772955	0.9998644502780055
DSC00590.JPG	2693783.7161958069000000	1256209.3210796269000000	583.9035578665934700	1.1711232100941515	0.1669239537151543	144.9686767521402000	-0.8188348761660194	0.5738555111325744	0.0141172914169716	-0.5740217398830200	-0.8187014854443030	-0.0150638598294735	0.0029133684714530	-0.0204384459796550	0.9997868683925021
DSC00591.JPG	2693782.1358565968000000	1256210.7647689723000000	583.9155204691373900	1.2606751860628549	0.0786353278419415	143.9274377026067400	-0.8082711833287294	0.5886424308432003	0.0140635277005271	-0.5888088064858059	-0.8080940778109468	-0.0169750054973844	0.0013724449483693	-0.0220011367407100	0.9997570036648809
DSC00592.JPG	2693780.2554608937000000	1256212.2698718321000000	583.9030449525466800	1.3320668030338592	-0.0127915405395104	143.9107102132345800	-0.8080999872241755	0.5888903183726261	0.0135130890352529	-0.5890452960560140	-0.8078785654928985	-0.0189172569739740	-0.0002232544969622	-0.0232468566503867	0.9997297303838203
DSC00593.JPG	2693778.4617940728000000	1256213.6134968938000000	583.8978821813552700	1.4524031059059181	-0.0839287805946372	143.8414305703805100	-0.8073863017953037	0.5898624185272546	0.0137726861026014	-0.5900213673567114	-0.8071058687980335	-0.0213284461292461	-0.0014648330347024	-0.0253464743297641	0.9996776532979175
DSC00594.JPG	2693776.8012950029000000	1256214.8942897287000000	583.9353941525463400	1.5502485190193367	-0.1137787686676839	143.8401206678661000	-0.8073720867341615	0.5898678690470769	0.0143600358072806	-0.5900392953947579	-0.8070464673926059	-0.0230136776542543	-0.0019858128269539	-0.0270535863607139	0.9996320122987459
DSC00595.JPG	2693775.1723766848000000	1256216.1603545877000000	583.8986060416792700	1.6000080190834778	-0.1030262865092810	143.8046920480597900	-0.8070073704678434	0.5903498553456615	0.0150383610787064	-0.5905386275919089	-0.8066643819410719	-0.0235945805110653	-0.0017981469466874	-0.0279217334881774	0.9996084950952416
DSC00596.JPG	2693773.5105739012000000	1256217.4034342368000000	583.8513818468320600	1.6400043250449059	-0.2167611783917325	143.5974790305348300	-0.8048619267528981	0.5932983533646778	0.0139406871557489	-0.5934500538023430	-0.8044737385474067	-0.0252791936096704	-0.0037831872288990	-0.0286193620180596	0.9995832229544825
DSC00597.JPG	2693771.9052762967000000	1256218.6221672571000000	583.8561875049000500	1.6074379154351093	-0.2472133293636098	143.5594886182528900	-0.8044665269787265	0.5938514666821351	0.0131925164492411	-0.5939823150282060	-0.8040855482488516	-0.0251284804768769	-0.0043146731648165	-0.0280511428790536	0.9995971773562887
DSC00598.JPG	2693770.3628044315000000	1256219.8577131564000000	583.9053688747192200	1.7309862209266729	-0.4114860282083812	143.5114940558458400	-0.8039554376437348	0.5945645641184828	0.0121915289307692	-0.5946461780919968	-0.8034802888612768	-0.0285543042636408	-0.0071817242812628	-0.0302060342646676	0.9995178929515720
DSC00599.JPG	2693768.9867960941000000	1256221.0358910682000000	583.9495773893203200	1.7347543212715308	-0.5187180201083061	143.5225228760721700	-0.8040576697740151	0.5944546446533018	0.0107209667333627	-0.5944823824133610	-0.8035591598266866	-0.0297216025604929	-0.0090532136678334	-0.0302713083421633	0.9995007189659938
DSC00600.JPG	2693767.9508217666000000	1256221.8821616522000000	583.9718649202650300	1.7525990220211312	-0.6085366970663829	143.5142175219759500	-0.8039590892952635	0.5946062952310856	0.0096507207551406	-0.5945897594131462	-0.8034351791442326	-0.0309019564832331	-0.0106207693011099	-0.0305821285236644	0.9994758289595676
DSC00601.JPG	2693766.2131816819000000	1256223.2398023454000000	583.9818049328522400	1.8182796484959471	-0.6367675867708084	143.5055902788641000	-0.8038652460079576	0.5947283732159441	0.0099412450167362	-0.5947076233066078	-0.8033003898768378	-0.0321142710446079	-0.0111134621775699	-0.0317276805902517	0.9994347628748918
DSC00602.JPG	2693765.0650698356000000	1256224.1870955862000000	583.9303634228571100	1.7764691067243568	-0.6534667430053163	143.5225627623265400	-0.8040387397661751	0.5945047427584038	0.0092636813948607	-0.5944675207569509	-0.8034943803487373	-0.0317040614603707	-0.0114048989607823	-0.0309982513339509	0.9994543694906394
DSC00603.JPG	2693763.4595753998000000	1256225.4825873331000000	583.9098733180870800	1.8345454286559537	-0.6899581184992818	143.5254318273908900	-0.8040625025139807	0.5944712078888189	0.0093528093193162	-0.5944228194744116	-0.8034794799080387	-0.0328973715484794	-0.0120417498332283	-0.0320110661789970	0.9994149728231204
DSC00604.JPG	2693761.6243757308000000	1256226.9886154311000000	583.8279134540630400	1.8692251972635703	-0.7816344703301561	143.5181050953495100	-0.8039699627069071	0.5946101364900179	0.0084311712339937	-0.5945134177228787	-0.8033523678934924	-0.0343332076477116	-0.0136416719106014	-0.0326153120978677	0.9993748777131843
DSC00605.JPG	2693759.7419750746000000	1256228.4233118754000000	583.8194359536381600	1.8459256754377005	-0.7719735815702415	143.4744603890402700	-0.8035186995559990	0.5952209383907989	0.0083506864995057	-0.5951270248991826	-0.8029163193373412	-0.0338999760534517	-0.0134730730898377	-0.0322089838857655	0.9993903429884453
DSC00606.JPG	2693758.7311274949000000	1256229.2072628068000000	583.7944999784745100	1.8974534780696026	-0.8864817742060528	143.4931801582307900	-0.8036898492715201	0.5950040194845966	0.0072693173748249	-0.5948472591337778	-0.8030405699272050	-0.0358131449613410	-0.0154714084347210	-0.0331067945921072	0.9993320647677038
DSC00607.JPG	2693756.7081057969000000	1256230.7466884200000000	583.7726137740572800	1.8779593523818749	-0.9735086574310858	143.4546221684836100	-0.8032695507353970	0.5955867327537163	0.0058713396347852	-0.5953732987735335	-0.8026224732875241	-0.0364389967114738	-0.0169901138570275	-0.0327659753642560	0.9993186313131333
DSC00608.JPG	2693755.8822239675000000	1256231.3954652799000000	583.7798340887858300	1.8985358701939479	-1.0378615688490767	143.4653505786713800	-0.8033651782723144	0.5954641835859816	0.0051765244878159	-0.5952111436712649	-0.8026986939153512	-0.0373965404300177	-0.0181131109707097	-0.0331242034299640	0.9992870970637485
DSC00609.JPG	2693754.6944577731000000	1256232.4133683026000000	583.7906931399577400	1.8400368769656528	-1.0654641138453167	143.4517312185258800	-0.8032165689367518	0.5956723790547415	0.0041904912286296	-0.5953968234314645	-0.8025856800088390	-0.0368625676326368	-0.0185947851074981	-0.0321036302622290	0.9993115584695256
DSC00610.JPG	2693753.4296141714000000	1256233.3741541354000000	583.8509774537018300	1.8583774337789081	-1.1117826020012287	143.4196869896398400	-0.8028711178531882	0.5961408235478781	0.0037532141998841	-0.5958367979533289	-0.8022249476988184	-0.0375984506908571	-0.0194030492937671	-0.0324230132666085	0.9992858799606932
DSC00611.JPG	2693752.2467175014000000	1256234.2627046951000000	583.8204052573393000	1.8553892115503834	-1.1585996565156909	143.4428880380058900	-0.8030993235922015	0.5958373667815313	0.0030510313992625	-0.5955019966546116	-0.8024524854232005	-0.0380444558181477	-0.0202200006458788	-0.0323703720241045	0.9992713898580814
DSC00612.JPG	2693751.3422944266000000	1256234.9951139661000000	583.7713447236701500	1.8975274569841261	-1.2008570488118773	143.4281849267870300	-0.8029342857316759	0.5960604671399491	0.0029072855844095	-0.5956990189960509	-0.8022568125860309	-0.0390728220947108	-0.0209573749240235	-0.0331047756707117	0.9992321363247312
DSC00613.JPG	2693750.0408690386000000	1256235.9150200249000000	583.7652913087036900	1.8421147740595243	-1.0675983185930333	143.3806257794292100	-0.8024764923522518	0.5966687550500140	0.0042279982371171	-0.5963927621720860	-0.8018437671047960	-0.0369086220812865	-0.0186320275540900	-0.0321398491324386	0.9993097005668303
DSC00614.JPG	2693749.8332871795000000	1256236.0029923473000000	583.7520513670677900	1.7197930093110854	-1.1159392271109136	143.3510406714200900	-0.8021555357061038	0.5971107314891254	0.0022958389699185	-0.5967974515922863	-0.8015974196764862	-0.0356984389147823	-0.0194755823791459	-0.0300058512380725	0.9993599704723377
DSC00615.JPG	2693752.0635843184000000	1256238.3870271158000000	583.7995754713558700	1.8681247948092472	-0.9747381191776754	143.3651629760119600	-0.8023386887138159	0.5968407568660515	0.0058085743993972	-0.5966265457689348	-0.8016973953936648	-0.0363049735276511	-0.0170115689112979	-0.0325944345337198	0.9993238761085435
DSC00616.JPG	2693752.6614806149000000	1256237.6543223131000000	583.7329467996132700	1.8669842193008364	-0.9644947629949873	143.2593605791780400	-0.8012380150649153	0.5983156030064302	0.0060068638977709	-0.5981089362150441	-0.8005981089435853	-0.0361713750867098	-0.0168328142193394	-0.0325746397525281	0.9993275485097217
DSC00617.JPG	2693754.0275624357000000	1256236.3323094512000000	583.7225478545408400	1.8681052455750382	-1.0223204629040030	143.2345901511068900	-0.8009653451394709	0.5986879003753763	0.0052262634579109	-0.5984448028727395	-0.8003189700132781	-0.0367880979597159	-0.0178419113386525	-0.0325936217841589	0.9993094225607878
DSC00618.JPG	2693756.0036638975000000	1256234.7176688400000000	583.7236680116022900	1.8673988426301553	-0.9989730029738551	143.2459433587770800	-0.8010896703826548	0.5985187316677552	0.0055378559958766	-0.5982903799577423	-0.8004459828061568	-0.0365355971554603	-0.0174344846849515	-0.0325815354504254	0.9993170079066316
DSC00619.JPG	2693758.2269554418000000	1256232.8873830016000000	583.7753309141935500	1.9890895210748243	-0.9890516044823259	143.2095207240786900	-0.8007115840861312	0.5990094753522571	0.0069719113944692	-0.5988013067101043	-0.7999895497067624	-0.0381276204639458	-0.0172613496734811	-0.0347040170323960	0.9992485561707183
DSC00620.JPG	2693760.3468082082000000	1256231.2547323105000000	583.8013958040182800	2.0055033538852691	-0.9980047560985891	143.2107596984467900	-0.8007223626012757	0.5989945331959707	0.0070176371787264	-0.5987823691902529	-0.7999882726885251	-0.0384504604359667	-0.0174175881550477	-0.0349901809393895	0.9992358654795625
DSC00621.JPG	2693761.3934966661000000	1256230.4445440900000000	583.8185378363243700	2.0001314957762486	-0.9995541449418495	143.2063091215741500	-0.8006754709632427	0.5990580835381608	0.0069428196992179	-0.5988442829501645	-0.7999447782662631	-0.0383910992606677	-0.0174446259831851	-0.0348964793657621	0.9992386705648365
DSC00622.JPG	2693763.1565047465000000	1256229.0430117145000000	583.8705157006346600	2.0385062505166633	-0.9479423316510715	143.1945812709013000	-0.8005651340326063	0.5991913698550443	0.0080726985940940	-0.5990173316006959	-0.7998154428316664	-0.0383861153279075	-0.0165439600258605	-0.0355662719331282	0.9992303726806153
DSC00623.JPG	2693764.7633393705000000	1256227.7644219217000000	583.9415529884457800	2.1351245638413094	-0.9361431963754836	143.2059915788402100	-0.8006871222211963	0.5990114817746599	0.0092399681420230	-0.5988599170902343	-0.7998734782053365	-0.0396133634822220	-0.0163380541012973	-0.0372513565635309	0.9991723597169612
DSC00624.JPG	2693765.6376636606000000	1256227.1052625831000000	583.9691077265634900	2.1074155196623954	-0.8534210507128363	143.1816219379106800	-0.8004503856654003	0.5993135477736705	0.0101218349644884	-0.5992139311250982	-0.7996695032835728	-0.0383581837918554	-0.0148944564760804	-0.0367689675288855	0.9992127892461855
DSC00625.JPG	2693767.2821676638000000	1256225.7822866258000000	583.9775454264890900	2.1474306017658136	-0.8032420554011415	143.1958643472616500	-0.8006094491570314	0.5990812682255490	0.0112313837857557	-0.5990225240397683	-0.7998111259135979	-0.0383950329840793	-0.0140187593424107	-0.0374672780715525	0.9991995183447642
DSC00626.JPG	2693769.0686440114000000	1256224.2263261671000000	583.9441774221986600	2.1940512418317648	-0.8151511432971017	143.2051174508199300	-0.8007038284764688	0.5989491327625049	0.0115462299547935	-0.5988914619194764	-0.7998715920439952	-0.0391720956926921	-0.0142265914075809	-0.0382801855278698	0.9991657677747342
DSC00627.JPG	2693769.9399265517000000	1256223.5240606146000000	583.8821826073893800	2.2011072774893745	-0.8419180661722604	143.2063164651262400	-0.8007109514742957	0.5989453345068599	0.0112453751202035	-0.5988706596360275	-0.7998685503585338	-0.0395504130755539	-0.0146937134937868	-0.0384029741010190	0.9991542955739915
DSC00628.JPG	2693771.7389538139000000	1256222.1570997997000000	583.8790153785075700	2.1550577481431397	-0.7436468434715815	143.2023632714334800	-0.8006886327100461	0.5989577266354325	0.0121389930649791	-0.5989401190748243	-0.7998973810379252	-0.0378802530522655	-0.0129787214914453	-0.0376008179749161	0.9992085524434150
DSC00629.JPG	2693772.8889562897000000	1256221.2581124853000000	583.8792681222196300	2.2067480714252157	-0.7916839959506722	143.1951003408063900	-0.8006037094575779	0.5990737651908830	0.0120135033518501	-0.5990348816703011	-0.7997676122078291	-0.0391021355636280	-0.0138170526891468	-0.0385018223387749	0.9991629990805199
DSC00630.JPG	2693774.5991849396000000	1256219.9998989161000000	583.8365071022396900	2.2074515603838236	-0.7974118173806996	143.2124099652765200	-0.8007835370946136	0.5988350562025919	0.0119290477859177	-0.5987921538259732	-0.7999457759295245	-0.0391754015801159	-0.0139170124197813	-0.0385140368612497	0.9991611410227872
DSC00631.JPG	2693776.4108388629000000	1256218.6035785479000000	583.8334561634499100	2.1963534477302140	-0.7221757796847486	143.2153247885517800	-0.8008279441740200	0.5987563579499752	0.0128618678462327	-0.5987618414083856	-0.8000139448459138	-0.0382353936205481	-0.0126040113952714	-0.0383211673433896	0.9991859822026069
DSC00632.JPG	2693777.3242578488000000	1256217.9145242900000000	583.8381266971903200	2.1741220695308354	-0.7200247367747403	143.2312129311553100	-0.8009943287679213	0.5985382913092359	0.0126490757863128	-0.5985400313040640	-0.8001955788200701	-0.0379060227845549	-0.0125664715874287	-0.0379334874936832	0.9992012481569512
DSC00633.JPG	2693779.0822063275000000	1256216.5136392233000000	583.8617364948771600	2.1512854129358687	-0.6859850195858319	143.2280538411322400	-0.8009671650738649	0.5985695424800409	0.0128881064850725	-0.5985885580632194	-0.8001909702891489	-0.0372310250128297	-0.0119724111745122	-0.0375355016343852	0.9992235723238938
DSC00634.JPG	2693780.1925760042000000	1256215.5913824665000000	583.8634638934620400	2.1870411413845878	-0.7387288570928261	143.2356425286384600	-0.8010372710830855	0.5984835381132885	0.0125197820733199	-0.5984756165708888	-0.8002258266906960	-0.0382826679750330	-0.0128928936185041	-0.0381586281801637	0.9991885169423986
DSC00635.JPG	2693781.6784636453000000	1256214.4208400783000000	583.8115443859563800	2.2440070206091280	-0.7453757269598925	143.2542642440308800	-0.8012305355847995	0.5982143334267238	0.0130092324645238	-0.5982143407946801	-0.8003791184812471	-0.0391518730939919	-0.0130088936532566	-0.0391519856712571	0.9991485828964161
DSC00636.JPG	2693783.1917774975000000	1256213.1579942727000000	583.7989783776016600	2.2894485432117504	-0.7499808455258852	143.2665940792015000	-0.8013584099494161	0.5980341549227730	0.0134107549805481	-0.5980412778748560	-0.8004746077334086	-0.0398375743721273	-0.0130892612913450	-0.0399443603009232	0.9991161690809520
DSC00637.JPG	2693783.9043216277000000	1256212.6232030755000000	583.8259279717376600	2.2633171160792185	-0.7448520477647584	143.2441336820612900	-0.8011248470182673	0.5983511305187982	0.0132251312596121	-0.5983560694710958	-0.8002603108559011	-0.0394138173223260	-0.0129997544999477	-0.0394887259314951	0.9991354497300395
DSC00638.JPG	2693785.2505208347000000	1256211.5774421466000000	583.8688978124390600	2.1815506489835741	-0.6722022303947201	143.2500089708934500	-0.8011987634445367	0.5982486535860235	0.0133824488586920	-0.5982832979537276	-0.8004059746953514	-0.0375149445101013	-0.0117318730199702	-0.0380634227900590	0.9992064546433578
DSC00639.JPG	2693786.4764249567000000	1256210.5631572583000000	583.7990957085934300	2.2133695714666102	-0.6785146243201918	143.2508415688523700	-0.8012064168448999	0.5982329076375091	0.0136259247806447	-0.5982708782451329	-0.8003911652209902	-0.0380255030207725	-0.0118420374241016	-0.0386182710094164	0.9991838646084563
DSC00640.JPG	2693787.1255491097000000	1256210.0177298652000000	583.7601101084919700	2.1943295013582658	-0.6181813584124891	143.2743158090453100	-0.8014610131612679	0.5978771110877588	0.0142549787748032	-0.5979496968000511	-0.8006728981513972	-0.0371358352884300	-0.0107890907513688	-0.0382866844111396	0.9992085494618032
DSC00641.JPG	2693787.6867634971000000	1256209.6393344910000000	583.8039249292520500	2.1825266372726317	-0.4961667019232350	143.2627128756327300	-0.8013565018902726	0.5979771785531879	0.0158445829151312	-0.5981243747006516	-0.8006079458106828	-0.0356952306863702	-0.0086596343537304	-0.0380816364455013	0.9992371088477914
DSC00642.JPG	2693788.9799310584000000	1256212.4403979117000000	583.8816448075590400	2.1749065974682278	-0.7029625945851395	143.2885672205119600	-0.8015960430037601	0.5977277471158526	0.0128578446296880	-0.5977401297747393	-0.8008005632058807	-0.0377517579196237	-0.0122687039898916	-0.0379473094823794	0.9992044238320089
DSC00643.JPG	2693788.2699280344000000	1256212.9334868903000000	583.8919404333137200	2.1921885269998462	-0.7297995272071574	143.3417428362811300	-0.8021457561252243	0.5969947521836545	0.0126274223604503	-0.5969924230905379	-0.8013328399494486	-0.0382848062688006	-0.0127370602095008	-0.0382484703449478	0.9991870804876788
DSC00644.JPG	2693786.2154981084000000	1256214.4440765039000000	583.8987059209129000	2.3100189801984348	-0.6962554893318956	143.2422357119410500	-0.8011135711146068	0.5983392724679769	0.0143930955146645	-0.5983889901546173	-0.8002285546934430	-0.0395585226592239	-0.0121516516465631	-0.0403035392457680	0.9991135881803056
DSC00645.JPG	2693784.5518494174000000	1256215.7475172589000000	583.8622081715168400	2.3152760456965549	-0.7632038373615280	143.2696873930295000	-0.8013882537481479	0.5979923041848719	0.0134933646716335	-0.5979961903424932	-0.8004832788046105	-0.0403370386875995	-0.0133200259143362	-0.0403946096637658	0.9990950167125016
DSC00646.JPG	2693782.2833517864000000	1256217.4058176796000000	583.8309068653229600	2.2006735958734365	-0.8232370490753841	143.2808305825294900	-0.8014929130026017	0.5978946359404914	0.0114505336203818	-0.5978316481475555	-0.8006545963974112	-0.0393641682355386	-0.0143677026619255	-0.0383955932534680	0.9991593203983701
DSC00647.JPG	2693780.5110652223000000	1256218.6912619025000000	583.8267799080637100	2.1781442439778873	-0.9158687457030865	143.2660941035208300	-0.8013194609189536	0.5981542436142711	0.0099308810685241	-0.5980230977843327	-0.8004794599441241	-0.0400126070632072	-0.0159842443984259	-0.0380017769821777	0.9991498230381711
DSC00648.JPG	2693779.3100160658000000	1256219.6370310965000000	583.8309741583553900	2.1178811157073807	-0.9081278258971002	143.2635090057543400	-0.8012942015519701	0.5981964748816989	0.0094116947623703	-0.5980605377236927	-0.8004970989859730	-0.0390894836585131	-0.0158491569756492	-0.0369509398277015	0.9991913892087998
DSC00649.JPG	2693777.4524279945000000	1256221.1059903442000000	583.8678340839138600	2.1417137761170650	-0.9738386325137333	143.2798410922826800	-0.8014495482907086	0.5979986583965332	0.0087307560134515	-0.5978208442949775	-0.8006256287749769	-0.0401103562077615	-0.0169958721770977	-0.0373658547957849	0.9991571113815486
DSC00650.JPG	2693776.0538780540000000	1256222.2554284167000000	583.8658259161640000	2.1303109494910930	-0.9999361906493998	143.2534768852503900	-0.8011680946119510	0.5983822912157959	0.0082654543244958	-0.5981848682064347	-0.8003482173283673	-0.0402193295338863	-0.0174512929236305	-0.0371667133149986	0.9991566883110248
DSC00651.JPG	2693774.7324345056000000	1256223.3365897485000000	583.8334327046191000	2.0699698408599079	-1.1201522296886501	143.2958816988852100	-0.8015794734851297	0.5978588780656334	0.0059253358896121	-0.5975685570793240	-0.8007874943637547	-0.0406350644241419	-0.0195490991464359	-0.0361130279639038	0.9991564852083187
DSC00652.JPG	2693772.8020876069000000	1256224.9286967106000000	583.8221264197042000	2.0315378720289612	-1.1985208443793236	143.2682133215935200	-0.8012686322116431	0.5982882172836751	0.0044483809644112	-0.5979390223800279	-0.8004967738967020	-0.0409125958133738	-0.0209166094025560	-0.0354418402526437	0.9991528268541340
DSC00653.JPG	2693771.9439919870000000	1256225.6235543704000000	583.8313110645915500	2.0279218590579635	-1.2232630560338398	143.2717321583310500	-0.8012980392226099	0.5982515775578129	0.0040623007752586	-0.5978843537509072	-0.8005269605458821	-0.0411203718250753	-0.0213483460216739	-0.0353784593892947	0.9991459416588645
DSC00654.JPG	2693770.3844044991000000	1256226.9161802309000000	583.8075198260002000	2.0616378609577746	-1.2256317839308901	143.2635264430780600	-0.8012116959676366	0.5983649143572457	0.0043871985263416	-0.5979985785020973	-0.8004160475647076	-0.0416155128571445	-0.0213896786823618	-0.0359663741171946	0.9991240671601938
DSC00655.JPG	2693768.5701268502000000	1256228.3797490280000000	583.8155296546796100	2.0267854356700674	-1.1962904313058720	143.2772818583355600	-0.8013639135065258	0.5981607735997240	0.0044234665236337	-0.5978126798554651	-0.8005956722994736	-0.0408236365281307	-0.0208776898514377	-0.0353589935084954	0.9991565761403632
DSC00656.JPG	2693767.6219201870000000	1256229.1481533411000000	583.8330196622730500	2.0323158774482306	-1.2431649728494218	143.3011549566194300	-0.8015989679800560	0.5978499709967412	0.0038087678460577	-0.5974683210230333	-0.8008235561006848	-0.0413912716423522	-0.0216956195400563	-0.0354548187620422	0.9991357544995194
DSC00657.JPG	2693765.8344325684000000	1256230.6256877745000000	583.8149912523794000	1.9519079184430368	-1.3074670912614490	143.2881733425750800	-0.8014435540010493	0.5980668053038101	0.0020799384274376	-0.5976349937311867	-0.8007225323704866	-0.0409370299621199	-0.0228176251632786	-0.0340517627721317	0.9991595635502963
DSC00658.JPG	2693764.7389610354000000	1256231.5273781673000000	583.7758277379871300	1.9076663901319004	-1.2678769187920784	143.2849568340012900	-0.8014224497078109	0.5980947512469672	0.0021738526077966	-0.5976892678517426	-0.8007340754977445	-0.0399058821681750	-0.0221268208104928	-0.0332807582185415	0.9992010783286912
DSC00659.JPG	2693763.3574988283000000	1256232.5997361494000000	583.7530596566005000	1.9334108548560618	-1.2463504814076374	143.2938799585841100	-0.8015221310879739	0.5979588452752211	0.0027372857572846	-0.5975693754697595	-0.8008167746007656	-0.0400416660331212	-0.0217512040327517	-0.0337299996316430	0.9991942615167356
DSC00660.JPG	2693761.5360278524000000	1256234.0794244802000000	583.7383520814000800	1.9289921062493911	-1.2227563035033242	143.2838940030297900	-0.8014250819583669	0.5980875098055968	0.0030279733428915	-0.5977143662292604	-0.8007239163067912	-0.0397334400407130	-0.0213395035363671	-0.0336532386087218	0.9992057271252833
DSC00661.JPG	2693759.7365160175000000	1256235.5004278161000000	583.7558431097461400	1.8851188515399411	-1.1931308462739301	143.2978910402240700	-0.8015798155768247	0.5978803814629072	0.0029746800824041	-0.5975250793006401	-0.8009103560785758	-0.0388121261058046	-0.0208225566775066	-0.0328884628381678	0.9992420978649541
DSC00662.JPG	2693758.8752308246000000	1256236.1831362720000000	583.7594797323473600	1.9191374177258642	-1.1927989958010350	143.2705991234265900	-0.8012951998999919	0.5982597762758861	0.0033530146970957	-0.5979069031784725	-0.8006024061328050	-0.0392825969850803	-0.0208167660495363	-0.0334817470376031	0.9992225151919610
DSC00663.JPG	2693757.5518399645000000	1256237.2300109386000000	583.7294589228391700	1.7956464073340650	-1.2270522565173725	143.3070003450900500	-0.8016647788604844	0.5977718181976235	0.0015606739820313	-0.5973901598004836	-0.8010539514876137	-0.0379152183118188	-0.0214144649273254	-0.0313276263829133	0.9992797408719389
DSC00664.JPG	2693756.3609656189000000	1256238.1641960684000000	583.7974794089746000	1.7961929664746157	-1.2031582910995398	143.2965742808750900	-0.8015631491987413	0.5979070828528766	0.0019073858968752	-0.5975413136898484	-0.8009526111960343	-0.0376735059699015	-0.0209975303406433	-0.0313374359611241	0.9992882811416216
DSC00665.JPG	2693755.6714913696000000	1256238.7493890023000000	583.8057714632304900	1.8177559228225157	-1.2237153972485111	143.2863437666513600	-0.8014503509018015	0.5980584469430920	0.0018517773614674	-0.5976798859693754	-0.8008248014270302	-0.0381888900989885	-0.0213562390652971	-0.0317132694526271	0.9992688224865275
DSC00666.JPG	2693754.2829440720000000	1256239.8892925016000000	583.7958495457260100	1.7183939486077151	-1.1996537946714436	143.3277823195803400	-0.8018895294950430	0.5974712693749879	0.0011246144490379	-0.5971053931506369	-0.8013296750361294	-0.0365499846363148	-0.0209363787853066	-0.0299805633358011	0.9993311932814998
DSC00667.JPG	2693753.6039967649000000	1256240.3455378294000000	583.7603292949776200	1.7600638931186419	-1.2300496214190049	143.2982964096956900	-0.8015731193940211	0.5978956467263882	0.0011532088156932	-0.5975112653235989	-0.8009855652273384	-0.0374487931559020	-0.0214667667880074	-0.0307070012061650	0.9992978825158163
DSC00668.JPG	2693753.3526052218000000	1256240.4923069016000000	583.8071216162643400	1.5455401987313084	-0.9834895998733531	143.2735122894623300	-0.8013812031353570	0.5981492444711452	0.0023766783387931	-0.5979076470932822	-0.8009308547993208	-0.0318780704843456	-0.0171642887619365	-0.0269675206318239	0.9994889394196762
DSC00669.JPG	2693755.3813763149000000	1256242.8696607482000000	583.8379485130366200	1.6079806010099547	-1.0555829993451651	143.3366869797814300	-0.8020220133104560	0.5972911813362064	0.0019836490218041	-0.5970103072311664	-0.8015335921845422	-0.0335051288535387	-0.0184223566676717	-0.0280561098112875	0.9994365770158034
DSC00670.JPG	2693756.1634007040000000	1256242.0917400210000000	583.7602077768899600	1.6198450794773644	-1.0332992317446428	143.2659453659949500	-0.8012899705451571	0.5982711170007823	0.0024604199596657	-0.5980043278434782	-0.8007951412768524	-0.0334359924012409	-0.0180334961727189	-0.0282632671505308	0.9994378323566535
DSC00671.JPG	2693757.5387189947000000	1256240.8183530504000000	583.7566680209270100	1.5688233124224491	-1.0704957711920884	143.2579136773881900	-0.8011965843866303	0.5983995643171447	0.0014123003393872	-0.5981095167621490	-0.8007300943441160	-0.0331107530903723	-0.0186825888394913	-0.0273729325559893	0.9994506908484980
DSC00672.JPG	2693759.4584080931000000	1256239.2005050310000000	583.7889149050914700	1.6469759078187234	-1.0863607664134478	143.2613776273435300	-0.8012285666980504	0.5983550493728114	0.0020046937542026	-0.5980579601394744	-0.8007156021963439	-0.0343686006866361	-0.0189594361941108	-0.0287360277249138	0.9994072145476010
DSC00673.JPG	2693761.7007910553000000	1256237.3821881851000000	583.7897368683337600	1.6574278849676836	-1.0439522736896580	143.2377307844783200	-0.8009926937361543	0.5986679399545342	0.0027207079765818	-0.5983968233375128	-0.8004751115648057	-0.0340710666825366	-0.0182193962817980	-0.0289187384909247	0.9994157093838483
DSC00674.JPG	2693763.7701959815000000	1256235.7118623799000000	583.8676474460456800	1.6398963453886215	-1.0564099587715787	143.2376500317244300	-0.8009886578447965	0.5986748566060895	0.0023634871842054	-0.5983955672254389	-0.8004809321079064	-0.0339561843646001	-0.0184367873811288	-0.0286128187939541	0.9994205278418726
DSC00675.JPG	2693764.7955615614000000	1256234.8371847549000000	583.8743988052303800	1.7393725832500797	-1.1319474277222887	143.2366348570644200	-0.8009578867703225	0.5987160849495974	0.0023480296092422	-0.5983946913042755	-0.8003862177306744	-0.0361344141456071	-0.0197549244311440	-0.0303471924469450	0.9993441803859708
DSC00676.JPG	2693766.7082020268000000	1256233.4201792290000000	583.8439020202185900	1.7477799272631591	-1.0740933280021978	143.2273576538329100	-0.8008765555129420	0.5988206576346736	0.0032500491846730	-0.5985360089783206	-0.8003023866390858	-0.0356473827382478	-0.0187453670550841	-0.0304944245684366	0.9993591452947284
DSC00677.JPG	2693767.6649254803000000	1256232.6964890843000000	583.8786713504305200	1.7216909531372235	-1.0555425194115493	143.2525136127640600	-0.8011440892948880	0.5984628412048934	0.0032211620312302	-0.5981879228042362	-0.8005871925043542	-0.0350906855041278	-0.0184216502794432	-0.0300395555054151	0.9993789410959284
DSC00678.JPG	2693769.3167237546000000	1256231.4097465982000000	583.8859382963324800	1.7322494006755094	-1.0114241688984842	143.2574237806332700	-0.8012064794719188	0.5983749774289907	0.0039450778279722	-0.5981275720460312	-0.8006459190834725	-0.0347781513784339	-0.0176517650826595	-0.0302241400512341	0.9993872705551289
DSC00679.JPG	2693771.2947657034000000	1256229.7521574765000000	583.8663069926657300	1.8049213118700371	-1.0044038926546812	143.2270922223806900	-0.8008914535548370	0.5987901443630485	0.0048210617606374	-0.5985529256198960	-0.8002865933030013	-0.0357178360394328	-0.0175292571058636	-0.0314917702448785	0.9993502857117520
DSC00680.JPG	2693772.1403986514000000	1256229.0600442002000000	583.8753490255500100	1.8479434424795496	-0.9777359056682469	143.2498791293813300	-0.8011358891850642	0.5984560153344808	0.0056289225996051	-0.5982391753902383	-0.8005066050012853	-0.0360425356727844	-0.0170638825612604	-0.0322424108790237	0.9993344039172494
DSC00681.JPG	2693774.0561330393000000	1256227.5253397378000000	583.8711325762788000	1.8859809692942666	-0.9400471774517085	143.2388811876374500	-0.8010298613069232	0.5985884474584184	0.0065598676763553	-0.5983995308129839	-0.8003805671637219	-0.0361794033875594	-0.0164061822924106	-0.0329062042174303	0.9993237808171029
DSC00682.JPG	2693774.8916504625000000	1256226.8348908033000000	583.8610782141269100	1.8905870542296743	-0.9140391296178640	143.2290451030337700	-0.8009330039695889	0.5987133175273037	0.0069775760619811	-0.5985414327996081	-0.8002838468550627	-0.0359710673327182	-0.0159523156451634	-0.0329867833883927	0.9993284723989628
DSC00683.JPG	2693776.3675397281000000	1256225.6163090190000000	583.8178045551610500	1.9528974862483743	-0.8934273203578906	143.2401061532027900	-0.8010530842786187	0.5985410551705443	0.0079095791951066	-0.5983901958418370	-0.8003671563161944	-0.0366277027766788	-0.0155926164603809	-0.0340737489228853	0.9992976783452767
DSC00684.JPG	2693778.2450256627000000	1256224.0130014785000000	583.8363962982133400	1.9956580601539611	-0.8939794624027987	143.2403446952046100	-0.8010554551560161	0.5985319221916491	0.0083484059770563	-0.5983867708245172	-0.8003418887892357	-0.0372308145423294	-0.0156022519847244	-0.0348195227831777	0.9992718201601389
DSC00685.JPG	2693779.1762727536000000	1256223.3003310999000000	583.8251338092455900	2.0372843704830830	-0.9217253517812358	143.2246163110531300	-0.8008850147954060	0.5987591599615081	0.0084060358285865	-0.5986020541701919	-0.8001399909613355	-0.0380995486537688	-0.0160864483149371	-0.0355452279016920	0.9992385916056424
DSC00686.JPG	2693780.7931039482000000	1256222.0361881878000000	583.8325969391424900	2.0729025763776372	-0.9095794389816403	143.2337886568357100	-0.8009835471035703	0.5986195804909792	0.0089417628120603	-0.5984758623883775	-0.8002165833763848	-0.0384715716849998	-0.0158744892160740	-0.0361665251611205	0.9992196870808237
DSC00687.JPG	2693782.6237440426000000	1256220.5917652855000000	583.7914803658912900	2.1214186322104109	-0.8925189952721924	143.2195774379019900	-0.8008388313304160	0.5988014204498644	0.0096966540908859	-0.5986773176107960	-0.8000418190777855	-0.0389686682483568	-0.0155767651223149	-0.0370127895994481	0.9991933835821730
DSC00688.JPG	2693783.6329059508000000	1256219.8318277020000000	583.7784446482029400	2.1130585682274252	-0.8586406489697440	143.2262695287962800	-0.8009159883405036	0.5986919188348839	0.0100779929727704	-0.5985891855413908	-0.8001304808240882	-0.0384993585545028	-0.0149855454838626	-0.0368673294126175	0.9992078029361724
DSC00689.JPG	2693785.3933809157000000	1256218.4467113074000000	583.7438295617564600	2.1078055849835935	-0.8499995067352238	143.2499229175324700	-0.8011648371389513	0.5983580262882948	0.0101279863988037	-0.5982598382368730	-0.8003844155836017	-0.0383399692708116	-0.0148347458659913	-0.0367758027413756	0.9992134259745608
DSC00690.JPG	2693787.0598265156000000	1256217.0852715448000000	583.7536445054266800	2.1407913235628864	-0.8475092677192000	143.2516885592300200	-0.8011837887614355	0.5983261311212069	0.0105060669805566	-0.5982355342439412	-0.8003816201174363	-0.0387750918252241	-0.0147912877646954	-0.0373510775710213	0.9991927315641089
DSC00691.JPG	2693787.8380625397000000	1256216.4394092916000000	583.8198079096996500	2.1048870535350210	-0.7969871737442402	143.2605815083580900	-0.8012867723678785	0.5981824071663031	0.0108312596218141	-0.5981187435690381	-0.8005179905860479	-0.0377480508036036	-0.0139096017075649	-0.0367253931878676	0.9992285866985262
DSC00692.JPG	2693789.1142741255000000	1256215.4002278044000000	583.8647786897681700	2.2304750752962863	-0.8422635027064104	143.2646069797583600	-0.8013197338762013	0.5981256353935412	0.0115068842719012	-0.5980556844393261	-0.8004569566943897	-0.0399757275026411	-0.0146997418475154	-0.0389150968729199	0.9991343917736935
DSC00693.JPG	2693790.2802911177000000	1256214.5425877604000000	583.8364148034166900	2.2750394839109123	-0.7877275796095588	143.2525360304792600	-0.8012045673514265	0.5982548502987736	0.0127426586396187	-0.5982325915272779	-0.8003221976802363	-0.0400268201938869	-0.0137480067562808	-0.0396927448568229	0.9991173496221356
DSC00694.JPG	2693791.1540031191000000	1256213.9173499341000000	583.8383543193475600	2.2090758742557575	-0.7528496844631134	143.2774602551329500	-0.8014712880680032	0.5979020939108940	0.0125243961764433	-0.5978888964272374	-0.8006419556281533	-0.0387469536473047	-0.0131393276706222	-0.0385427682567676	0.9991705625584998
DSC00695.JPG	2693792.0688187554000000	1256213.2026895049000000	583.8488011736491200	2.2718567713289541	-0.7565432284210364	143.2868119842594900	-0.8015681832300043	0.5977593794371128	0.0131214301167425	-0.5977575659523351	-0.8006950668349656	-0.0396648747998790	-0.0132037865815308	-0.0396375357597823	0.9991268817216369
DSC00696.JPG	2693792.1640836652000000	1256213.1853935721000000	583.8668982138611900	2.2353107507063354	-0.6466721983227051	143.2900362574767700	-0.8016206445402077	0.5976626109205584	0.0142739537116913	-0.5977264936749461	-0.8007985474766470	-0.0380095398334072	-0.0112863194176515	-0.0390011521229002	0.9991754246012506
DSC00697.JPG	2693795.9161860403000000	1256213.5964792210000000	584.1085725532439000	2.2113539806826967	-0.6505150623931114	143.3107337773048800	-0.8018359060549103	0.5973812770316598	0.0139567049522579	-0.5974364237248085	-0.8010286734882557	-0.0377198072179165	-0.0113533857510526	-0.0385833396904540	0.9991908859323724
DSC00698.JPG	2693795.1728192568000000	1256214.1994529380000000	583.9846847302746900	2.1946708283115153	-0.7556836177817637	143.3639081182288600	-0.8023719476524321	0.5966980404141701	0.0122762447976731	-0.5966785680536644	-0.8015517493593278	-0.0385937757213520	-0.0131887848519763	-0.0382915351597542	0.9991795705924123
DSC00699.JPG	2693793.5365269743000000	1256215.6492111259000000	584.0056602851057100	2.2412700703756649	-0.7127113822358284	143.3525370823212800	-0.8022612245074411	0.5968233872413348	0.0133705681854264	-0.5968435330344168	-0.8014191657930218	-0.0387958473887586	-0.0124388394481134	-0.0391045411863768	0.9991577003315278
DSC00700.JPG	2693791.4371099826000000	1256217.4581323564000000	583.9983327038526100	2.1884822414284941	-0.7580351960105470	143.3820056125676100	-0.8025599398876906	0.5964474108528680	0.0121667158418711	-0.5964247770196767	-0.8017434124562437	-0.0385355153079123	-0.0132298240538379	-0.0381835916321091	0.9991831589281202
DSC00701.JPG	2693790.0555177759000000	1256218.5379864993000000	583.9828101122724300	2.1233437361094691	-0.7441409052349682	143.3485608827342300	-0.8022142080498638	0.5969215675425739	0.0117049820780061	-0.5968950437930876	-0.8014437645512852	-0.0374726427826018	-0.0129873437691508	-0.0370477322434291	0.9992291000753737
DSC00702.JPG	2693788.2232871391000000	1256219.8671681562000000	583.9736960653284500	2.1589079793481565	-0.8241086042614254	143.3531280288892400	-0.8022464602838141	0.5968924832062781	0.0109535589619902	-0.5968196953748234	-0.8014365492725880	-0.0388034625098062	-0.0143829125977285	-0.0376672401682129	0.9991868247947009
DSC00703.JPG	2693786.2847765889000000	1256221.3320461491000000	583.9517017215231400	2.1384917808356070	-0.8009325529670314	143.3620064290351800	-0.8023435349727823	0.5967600401930325	0.0110592186066615	-0.5966987972895651	-0.8015518155339534	-0.0382783532484111	-0.0139784548704882	-0.0373114116998245	0.9992059153930185
DSC00704.JPG	2693784.3820247874000000	1256222.7929056273000000	583.9460808086971600	2.1188847180651664	-0.8099669541684820	143.3544080883612800	-0.8022626176367642	0.5968747620607025	0.0107336274198036	-0.5968038727024941	-0.8014822409176886	-0.0380966536701851	-0.0141361193371007	-0.0369693915089284	0.9992164101042111
DSC00705.JPG	2693783.4527478050000000	1256223.5723258129000000	583.9487099627059500	2.0599749495209250	-0.8585207698872516	143.3571331692656700	-0.8022811017905920	0.5968717988025575	0.0094387236358034	-0.5967583512887459	-0.8015311969649467	-0.0377784390767707	-0.0149834534340779	-0.0359415648816125	0.9992415624047319
DSC00706.JPG	2693781.6466084179000000	1256225.0799439976000000	583.9216339456816100	2.0373035652559564	-1.0625806008524956	143.3902832882287200	-0.8025783128535803	0.5965132490654185	0.0063241937445931	-0.5962584628172346	-0.8018157919652734	-0.0395889034191357	-0.0185444669896227	-0.0355440493545627	0.9991960384727071
DSC00707.JPG	2693780.5468101464000000	1256226.0001326615000000	583.9252513162179000	2.0200959349122569	-1.0689242415667917	143.3219553037946500	-0.8018650237172597	0.5974740448174605	0.0061032375328321	-0.5972139219310673	-0.8011133716346329	-0.0394068171755061	-0.0186551652534174	-0.0352438868125184	0.9992046103034725
DSC00708.JPG	2693778.9924911316000000	1256227.2559803349000000	583.9341264425410100	1.9582440676591097	-1.0504832790019507	143.3541811566852900	-0.8022055741025163	0.5970207603202791	0.0056946137224836	-0.5967663735620244	-0.8014979329481257	-0.0383530815647502	-0.0183333647889040	-0.0341654097952541	0.9992480235202066
DSC00709.JPG	2693777.2108687572000000	1256228.6548435483000000	583.9298342234853900	1.9032383430918500	-1.0020162591998907	143.3447307558637400	-0.8021192866578217	0.5971356150382871	0.0058057923140398	-0.5969077266358510	-0.8014526684381357	-0.0370781085792123	-0.0174875914284193	-0.0332065882956723	0.9992955051634098
DSC00710.JPG	2693776.2879388649000000	1256229.3869920911000000	583.9395084499331000	1.9399474985200396	-1.0032193462343220	143.3404987445155700	-0.8020749006086895	0.5971915367909141	0.0061743176843688	-0.5969667521967349	-0.8013842159772575	-0.0376036587873921	-0.0175085860435212	-0.0338468132594891	0.9992736575367801
