<?xml version="1.0" encoding="UTF-8"?>
<document version="1.5.0">
  <chunk label="SonyA9" enabled="true">
    <sensors next_id="1">
      <sensor id="0" label="SonyA9" type="frame">
        <resolution width="6000" height="4000"/>
        <property name="pixel_width" value="0.006"/>
        <property name="pixel_height" value="0.006"/>
        <property name="focal_length" value="55"/>
        <property name="fixed" value="true"/>
        <property name="layer_index" value="0"/>
        <calibration type="frame" class="initial">
          <resolution width="6000" height="4000"/>
          <f>9227.77018581081</f>
          <cx>-37.8304617831239</cx>
          <cy>31.7622333680372</cy>
          <k1>-0.017282082281574</k1>
        </calibration>
      </sensor>
    </sensors>
    <cameras next_id="566" next_group_id="0">
      <camera id="0" sensor_id="0" label="DSC00588.JPG">
        <transform>9.9434299483254929e-001 1.0027532045873132e-001 3.5026686031282735e-002 -3.6672328922867734e+001 9.9817940798459251e-002 -9.9489895239988391e-001 1.4575774709040720e-002 4.4671331153135448e+001 3.6309603718446166e-002 -1.0997027803555290e-002 -9.9928007988616341e-001 7.7290464245384993e-002 0 0 0 1</transform>
        <rotation_covariance>1.3427201290281514e-008 -3.0003697235755059e-010 -8.6761840191811961e-011 -3.0003697235755049e-010 5.1892776786583036e-009 -1.4628509302879705e-010 -8.6761840191812180e-011 -1.4628509302879705e-010 2.2773893661343889e-010</rotation_covariance>
        <location_covariance>6.0352676099635866e-006 -2.3658172651626207e-006 -6.8274735092205716e-008 -2.3658172651626207e-006 1.0566639594922296e-005 -2.6142369859622448e-006 -6.8274735092205716e-008 -2.6142369859622448e-006 6.3957551393420529e-006</location_covariance>
      </camera>
      <camera id="1" sensor_id="0" label="DSC00589.JPG">
        <transform>9.9680741191609257e-001 7.1254240695798221e-002 3.6025223552488252e-002 -3.5818945815433679e+001 7.0972899546425217e-002 -9.9743736426181018e-001 9.0306093053570367e-003 4.4353855920949279e+001 3.6576373236209998e-002 -6.4449637173700693e-003 -9.9931007768538349e-001 2.1192648797235014e-001 0 0 0 1</transform>
        <rotation_covariance>1.2369597190663033e-008 -2.3338551360806088e-010 -8.2093280286025360e-011 -2.3338551360806098e-010 4.6457199993682234e-009 -1.0115922635876542e-010 -8.2093280286025334e-011 -1.0115922635876542e-010 2.0383698432044523e-010</rotation_covariance>
        <location_covariance>5.3997846548357267e-006 -2.0201090964287794e-006 -1.8737264514360576e-007 -2.0201090964287794e-006 9.7034784924417546e-006 -2.5180672867671084e-006 -1.8737264514360576e-007 -2.5180672867671084e-006 6.2209495635946488e-006</location_covariance>
      </camera>
      <camera id="2" sensor_id="0" label="DSC00590.JPG">
        <transform>9.9831225292304704e-001 4.3774358900324342e-002 3.8163479487279196e-002 -3.3495559201205879e+001 4.3608499493494643e-002 -9.9903532959570740e-001 5.1680742566428284e-003 4.3975701079661434e+001 3.8352893445426799e-002 -3.4950997785316950e-003 -9.9925814474634223e-001 3.3585318449338147e-001 0 0 0 1</transform>
        <rotation_covariance>1.1933792887806103e-008 -2.3661260455657266e-010 -6.6331779578879492e-011 -2.3661260455657282e-010 3.9814463171072823e-009 -5.4509718551720066e-011 -6.6331779578879635e-011 -5.4509718551720059e-011 1.7640259323468959e-010</rotation_covariance>
        <location_covariance>4.4890736798299803e-006 -1.7373521541609964e-006 -2.7828537174241726e-007 -1.7373521541609964e-006 9.3033578239810341e-006 -2.3514853617963571e-006 -2.7828537174241726e-007 -2.3514853617963571e-006 5.9724241799929169e-006</location_covariance>
      </camera>
      <camera id="3" sensor_id="0" label="DSC00591.JPG">
        <transform>9.9895516973788490e-001 2.5546555062663387e-002 3.7893830347215281e-002 -3.1412911688579101e+001 2.5451457848570287e-002 -9.9967158788117316e-001 2.9899291824875842e-003 4.3797877192055665e+001 3.7957767944594371e-002 -2.0223519881931175e-003 -9.9927729782333197e-001 3.9281821946733164e-001 0 0 0 1</transform>
        <rotation_covariance>1.1348824986714591e-008 -1.8973126453478065e-010 -5.5533538060918932e-011 -1.8973126453478067e-010 3.8251307147687488e-009 -3.5792725099953645e-011 -5.5533538060918855e-011 -3.5792725099953639e-011 1.6528857557874461e-010</rotation_covariance>
        <location_covariance>4.1052677393478310e-006 -1.4747505012493967e-006 -2.5249513684505550e-007 -1.4747505012493967e-006 8.7227049960333251e-006 -2.1998094120626147e-006 -2.5249513684505550e-007 -2.1998094120626147e-006 5.8389027504461112e-006</location_covariance>
      </camera>
      <camera id="4" sensor_id="0" label="DSC00592.JPG">
        <transform>9.9898349181867319e-001 2.5182348316853381e-002 3.7387596967700130e-002 -2.9060865374493300e+001 2.5161439802620113e-002 -9.9968287051250615e-001 1.0297334290896118e-003 4.3751522730235237e+001 3.7401671364119975e-002 -8.7960926166947542e-005 -9.9930030883716126e-001 4.3478543063105890e-001 0 0 0 1</transform>
        <rotation_covariance>1.0992616859051807e-008 -1.4291405393594143e-010 -4.7200294720514100e-011 -1.4291405393594143e-010 3.6966491140263310e-009 -3.0648910854674490e-011 -4.7200294720514190e-011 -3.0648910854674496e-011 1.5759955285158867e-010</rotation_covariance>
        <location_covariance>3.7690185556721053e-006 -1.3408075460079210e-006 -2.1332912339164094e-007 -1.3408075460079210e-006 8.3338634003910499e-006 -2.0857696542623513e-006 -2.1332912339164094e-007 -2.0857696542623513e-006 5.7630519993292925e-006</location_covariance>
      </camera>
      <camera id="5" sensor_id="0" label="DSC00593.JPG">
        <transform>9.9900437943958786e-001 2.3881490093112655e-002 3.7681882801369859e-002 -2.6872267614037863e+001 2.3950922449646063e-002 -9.9971216614042624e-001 -1.3921869945860100e-003 4.3778470887954995e+001 3.7637789179688172e-002 2.2933167573225234e-003 -9.9928881587052498e-001 4.8150900617778591e-001 0 0 0 1</transform>
        <rotation_covariance>1.0884733990783245e-008 -9.2480400411104898e-011 -3.2954092708010237e-011 -9.2480400411104924e-011 3.6833636367919505e-009 -2.2416237508386911e-011 -3.2954092708010275e-011 -2.2416237508386915e-011 1.5569768128412805e-010</rotation_covariance>
        <location_covariance>3.5847908219562147e-006 -1.2110572930930996e-006 -1.7442653515829435e-007 -1.2110572930930996e-006 8.1897369581338551e-006 -1.9880388478317112e-006 -1.7442653515829435e-007 -1.9880388478317112e-006 5.7403131667319318e-006</location_covariance>
      </camera>
      <camera id="6" sensor_id="0" label="DSC00594.JPG">
        <transform>9.9898270467439498e-001 2.3791646485146770e-002 3.8308136458940496e-002 -2.4825141254254728e+001 2.3926433354233591e-002 -9.9970902705546649e-001 -3.0638228992432275e-003 4.3774014058351419e+001 3.8224096436363562e-002 3.9772831604390707e-003 -9.9926127697929201e-001 5.6600845770592323e-001 0 0 0 1</transform>
        <rotation_covariance>1.0642050963674378e-008 -4.9783685898366797e-013 -3.3910038604504288e-011 -4.9783685898371482e-013 3.6458082389054621e-009 -2.1629939641240929e-011 -3.3910038604504262e-011 -2.1629939641240926e-011 1.5302562460737602e-010</rotation_covariance>
        <location_covariance>3.4191726622082477e-006 -1.0627317610072677e-006 -1.0050074214265802e-007 -1.0627317610072677e-006 7.9367949520307552e-006 -1.9121422955082902e-006 -1.0050074214265802e-007 -1.9121422955082902e-006 5.7332475317776188e-006</location_covariance>
      </camera>
      <camera id="7" sensor_id="0" label="DSC00595.JPG">
        <transform>9.9897160218675496e-001 2.3149486148251564e-002 3.8985116589526567e-002 -2.2809532310140334e+001 2.3308850178639141e-002 -9.9972169174615488e-001 -3.6382077395160032e-003 4.3763592130100584e+001 3.8890044070132204e-002 4.5431644564146098e-003 -9.9923316804885187e-001 5.7704136582841203e-001 0 0 0 1</transform>
        <rotation_covariance>1.0573026452566368e-008 8.0089017660300374e-011 -2.2101957268818208e-011 8.0089017660300323e-011 3.7204138165715659e-009 -2.1780615740876524e-011 -2.2101957268818240e-011 -2.1780615740876524e-011 1.5236691566579403e-010</rotation_covariance>
        <location_covariance>3.3645610345973495e-006 -9.2276179386552810e-007 -4.5169607727605872e-008 -9.2276179386552810e-007 7.8124905024038634e-006 -1.8162836412096552e-006 -4.5169607727605872e-008 -1.8162836412096552e-006 5.7250771363148884e-006</location_covariance>
      </camera>
      <camera id="8" sensor_id="0" label="DSC00596.JPG">
        <transform>9.9909429717481957e-001 1.9467741590979058e-002 3.7836389760390499e-002 -2.0781914361732873e+001 1.9685870519521292e-002 -9.9979162591048032e-001 -5.4010425999873844e-003 4.3790740076648746e+001 3.7723359535465045e-002 6.1409931301948453e-003 -9.9926935125056893e-001 5.7889266671422490e-001 0 0 0 1</transform>
        <rotation_covariance>1.0522778824716792e-008 4.4246534292851992e-011 -3.4146204122533559e-011 4.4246534292851998e-011 3.6927497308621893e-009 -1.3417665856503076e-011 -3.4146204122533578e-011 -1.3417665856503073e-011 1.5179473575232340e-010</rotation_covariance>
        <location_covariance>3.2386055790946405e-006 -8.7804725751388897e-007 3.4234485291210463e-008 -8.7804725751388897e-007 7.6938444998960868e-006 -1.7344350799858718e-006 3.4234485291210463e-008 -1.7344350799858718e-006 5.7450138505245642e-006</location_covariance>
      </camera>
      <camera id="9" sensor_id="0" label="DSC00597.JPG">
        <transform>9.9913561241344095e-001 1.8812886863952476e-002 3.7068899296609337e-002 -1.8813722539239524e+001 1.9021167325796163e-002 -9.9980517069145380e-001 -5.2740735866078072e-003 4.3802120807105275e+001 3.6962456638893804e-002 5.9746084789728390e-003 -9.9929879458185122e-001 6.2988994992542546e-001 0 0 0 1</transform>
        <rotation_covariance>1.0654022504036970e-008 8.1206909432837289e-011 -4.8244057525597788e-011 8.1206909432837264e-011 3.7992382318148012e-009 -1.5220284835533414e-011 -4.8244057525597821e-011 -1.5220284835533424e-011 1.5380352775263262e-010</rotation_covariance>
        <location_covariance>3.2658307340210496e-006 -7.9232209698165890e-007 1.1089148936807687e-007 -7.9232209698165890e-007 7.7634083111570715e-006 -1.6544669925803087e-006 1.1089148936807687e-007 -1.6544669925803087e-006 5.7832767740318899e-006</location_covariance>
      </camera>
      <camera id="10" sensor_id="0" label="DSC00598.JPG">
        <transform>9.9918867730411165e-001 1.7837751029759659e-002 3.6108195544233106e-002 -1.6885168101146096e+001 1.8164109929874481e-002 -9.9979690058807180e-001 -8.7305604024490238e-003 4.3762244007073534e+001 3.5945128428143118e-002 9.3793503338815455e-003 -9.9930974954195184e-001 7.2232043708382254e-001 0 0 0 1</transform>
        <rotation_covariance>1.0679395439422533e-008 -4.9043395224563543e-011 -5.4402120782597048e-011 -4.9043395224563524e-011 3.8638525033974475e-009 -8.9158864047183192e-012 -5.4402120782597093e-011 -8.9158864047183192e-012 1.5515583803480864e-010</rotation_covariance>
        <location_covariance>3.2871032778106827e-006 -8.5739979246570213e-007 1.9346331025038792e-007 -8.5739979246570213e-007 7.7394008933456739e-006 -1.5950093799922210e-006 1.9346331025038792e-007 -1.5950093799922210e-006 5.8245250291839450e-006</location_covariance>
      </camera>
      <camera id="11" sensor_id="0" label="DSC00599.JPG">
        <transform>9.9923711388526604e-001 1.7988313449744147e-002 3.4664258444081268e-002 -1.5119516802401490e+001 1.8342358460763968e-002 -9.9978252506427601e-001 -9.9227245349776429e-003 4.3667828574733278e+001 3.4478226757493576e-002 1.0550978880367479e-002 -9.9934975295155049e-001 8.0500739595126569e-001 0 0 0 1</transform>
        <rotation_covariance>1.0634364163148539e-008 1.3401347748233656e-010 -7.8747843176855495e-011 1.3401347748233653e-010 3.8732817444162958e-009 -5.9192994147991078e-012 -7.8747843176855430e-011 -5.9192994147991062e-012 1.5568817144979814e-010</rotation_covariance>
        <location_covariance>3.2681450499583843e-006 -6.5836963247502823e-007 2.6814440606410415e-007 -6.5836963247502823e-007 7.6575128822959049e-006 -1.5209192508892265e-006 2.6814440606410415e-007 -1.5209192508892265e-006 5.8530782439563314e-006</location_covariance>
      </camera>
      <camera id="12" sensor_id="0" label="DSC00600.JPG">
        <transform>9.9927647709525358e-001 1.7800042676898057e-002 3.3610724550364547e-002 -1.3814204145655301e+001 1.8183058589801526e-002 -9.9977278446645323e-001 -1.1124559340251692e-002 4.3628521723759761e+001 3.3405070040634775e-002 1.1727656240508763e-002 -9.9937308517624424e-001 8.5657525747186680e-001 0 0 0 1</transform>
        <rotation_covariance>1.0572515259925383e-008 2.6648742986399642e-010 -1.0116386259910521e-010 2.6648742986399642e-010 3.8752230786978906e-009 -6.0944523452768325e-012 -1.0116386259910529e-010 -6.0944523452768333e-012 1.5615910377362844e-010</rotation_covariance>
        <location_covariance>3.2552338850897874e-006 -5.1300773119932082e-007 3.3290412691235481e-007 -5.1300773119932082e-007 7.5709325385075564e-006 -1.4793124286013122e-006 3.3290412691235481e-007 -1.4793124286013122e-006 5.8909095128233901e-006</location_covariance>
      </camera>
      <camera id="13" sensor_id="0" label="DSC00601.JPG">
        <transform>9.9926973288302734e-001 1.7596129837682901e-002 3.3917210360189430e-002 -1.1660976935550133e+001 1.8023418814918094e-002 -9.9976148994808867e-001 -1.2333677107810635e-002 4.3610985232329533e+001 3.3692095780820643e-002 1.2935974316342825e-002 -9.9934853942475088e-001 9.1635256751132921e-001 0 0 0 1</transform>
        <rotation_covariance>1.0619364865704334e-008 3.4442798704320000e-010 -1.0701302062544805e-010 3.4442798704319995e-010 3.9608811875704301e-009 -3.4615755659481393e-012 -1.0701302062544797e-010 -3.4615755659481494e-012 1.5782579923083098e-010</rotation_covariance>
        <location_covariance>3.3246258278734960e-006 -4.0434833562818964e-007 4.3881171511092883e-007 -4.0434833562818964e-007 7.5567425411460014e-006 -1.4018985162114029e-006 4.3881171511092883e-007 -1.4018985162114029e-006 5.9797681676057871e-006</location_covariance>
      </camera>
      <camera id="14" sensor_id="0" label="DSC00602.JPG">
        <transform>9.9928677371851604e-001 1.7914238688143753e-002 3.3241900118106911e-002 -1.0207023980711121e+001 1.8319683332152340e-002 -9.9976097319107604e-001 -1.1932547366012760e-002 4.3561586799835823e+001 3.3020191911126782e-002 1.2533017843149030e-002 -9.9937610056969828e-001 8.9914846764604583e-001 0 0 0 1</transform>
        <rotation_covariance>1.0434799641464865e-008 4.1148760442762625e-010 -1.0941606221538277e-010 4.1148760442762630e-010 3.9286492008899304e-009 -2.4338716087129880e-012 -1.0941606221538273e-010 -2.4338716087129952e-012 1.5754223028676642e-010</rotation_covariance>
        <location_covariance>3.2929666394591696e-006 -3.1544396004920233e-007 4.9763529139200655e-007 -3.1544396004920233e-007 7.3338358543731136e-006 -1.3373950711925021e-006 4.9763529139200655e-007 -1.3373950711925021e-006 6.0238536045750023e-006</location_covariance>
      </camera>
      <camera id="15" sensor_id="0" label="DSC00603.JPG">
        <transform>9.9928308965706991e-001 1.7912666527358942e-002 3.3353307231803297e-002 -8.1923991552021054e+000 1.8359002263587533e-002 -9.9974531856665960e-001 -1.3124215783576088e-002 4.3514124098866908e+001 3.3109723062946558e-002 1.3727140340504811e-002 -9.9935744949280636e-001 9.2535474775135451e-001 0 0 0 1</transform>
        <rotation_covariance>1.0460555346679073e-008 1.8330697188599158e-010 -9.1749275511516078e-011 1.8330697188599160e-010 4.0587543847142205e-009 -7.0504700746836212e-013 -9.1749275511516091e-011 -7.0504700746837706e-013 1.6182943940575031e-010</rotation_covariance>
        <location_covariance>3.4334461253128063e-006 -4.8590085434367759e-007 5.9900272420166207e-007 -4.8590085434367759e-007 7.2607203355977854e-006 -1.2598172841623017e-006 5.9900272420166207e-007 -1.2598172841623017e-006 6.1207160928288548e-006</location_covariance>
      </camera>
      <camera id="16" sensor_id="0" label="DSC00604.JPG">
        <transform>9.9931601215584109e-001 1.7729812114564546e-002 3.2452451545741307e-002 -5.8732000907159136e+000 1.8210557294794923e-002 -9.9972788178662964e-001 -1.4578682431265290e-002 4.3441487576797783e+001 3.2185143342222958e-002 1.5159688017928732e-002 -9.9936694982735930e-001 8.9812412063582658e-001 0 0 0 1</transform>
        <rotation_covariance>1.0131200618506131e-008 1.1316309965500779e-010 -8.5927202741227817e-011 1.1316309965500777e-010 3.6221305779747577e-009 2.0215096082578308e-011 -8.5927202741227779e-011 2.0215096082578308e-011 1.5873503103088071e-010</rotation_covariance>
        <location_covariance>3.0787219878131826e-006 -5.1625843648979387e-007 7.8358729268133336e-007 -5.1625843648979387e-007 6.8574633065131263e-006 -1.1415662924970649e-006 7.8358729268133336e-007 -1.1415662924970649e-006 6.2260580318373983e-006</location_covariance>
      </camera>
      <camera id="17" sensor_id="0" label="DSC00605.JPG">
        <transform>9.9933259657266138e-001 1.6987940266945372e-002 3.2338387604027970e-002 -3.5616132298275249e+000 1.7453001782936319e-002 -9.9974750311249438e-001 -1.4153541927650034e-002 4.3450775285286049e+001 3.2089782736978385e-002 1.4708497741768930e-002 -9.9937675875421172e-001 9.4413285283907744e-001 0 0 0 1</transform>
        <rotation_covariance>1.0412881165965260e-008 2.4002245741886279e-010 -9.2044274854751936e-011 2.4002245741886284e-010 3.8189455566533976e-009 1.4600886401698584e-011 -9.2044274854751911e-011 1.4600886401698594e-011 1.6505685348470311e-010</rotation_covariance>
        <location_covariance>3.3349315367680819e-006 -3.6017350681523474e-007 9.6220678640026979e-007 -3.6017350681523474e-007 7.0396298856268300e-006 -1.0522803430036196e-006 9.6220678640026979e-007 -1.0522803430036196e-006 6.4043101307566714e-006</location_covariance>
      </camera>
      <camera id="18" sensor_id="0" label="DSC00606.JPG">
        <transform>9.9936131638977321e-001 1.7240610517644632e-002 3.1300489655567518e-002 -2.3117772161839572e+000 1.7750432073791983e-002 -9.9971307530459519e-001 -1.6083818769883046e-002 4.3445682529738470e+001 3.1014213917059139e-002 1.6629143513952442e-002 -9.9938060323437305e-001 9.4892063582450681e-001 0 0 0 1</transform>
        <rotation_covariance>1.0331347542011790e-008 2.6192752450619740e-010 -9.8219689989632493e-011 2.6192752450619740e-010 3.8767641942904196e-009 2.0589578361600078e-011 -9.8219689989632519e-011 2.0589578361600088e-011 1.6668551921880543e-010</rotation_covariance>
        <location_covariance>3.4437308700489404e-006 -3.1282716152415426e-007 1.0513520442412609e-006 -3.1282716152415426e-007 6.9388790915220233e-006 -1.0047841689083933e-006 1.0513520442412609e-006 -1.0047841689083933e-006 6.5008397554086968e-006</location_covariance>
      </camera>
      <camera id="19" sensor_id="0" label="DSC00607.JPG">
        <transform>9.9941614397774936e-001 1.6554293811167322e-002 2.9888568267156395e-002 1.7132722546711243e-001 1.7059832278465931e-002 -9.9971434202259946e-001 -1.6739070372982806e-002 4.3457803734986555e+001 2.9602926870117636e-002 1.7239191127619825e-002 -9.9941306625938597e-001 9.8589461012507562e-001 0 0 0 1</transform>
        <rotation_covariance>1.0543472767502172e-008 3.9796120550382116e-010 -1.0647851319377170e-010 3.9796120550382127e-010 4.1034063139051394e-009 2.9127745811637912e-011 -1.0647851319377168e-010 2.9127745811637912e-011 1.7170290747779988e-010</rotation_covariance>
        <location_covariance>3.7851202486160371e-006 -1.3810695037374853e-007 1.2239521540490995e-006 -1.3810695037374853e-007 7.0831374520310132e-006 -9.0174727299818676e-007 1.2239521540490995e-006 -9.0174727299818676e-007 6.7268460097086160e-006</location_covariance>
      </camera>
      <camera id="20" sensor_id="0" label="DSC00608.JPG">
        <transform>9.9943348976110780e-001 1.6706849750557879e-002 2.9216103698925935e-002 1.1967628715066740e+000 1.7228863375215338e-002 -9.9969475340366221e-001 -1.7707802912536392e-002 4.3446706896470197e+001 2.8911343980041349e-002 1.8201131519863068e-002 -9.9941625612187457e-001 1.0167364671453079e+000 0 0 0 1</transform>
        <rotation_covariance>1.0520316701916802e-008 3.4186658558923153e-010 -1.0751169659096411e-010 3.4186658558923153e-010 4.1263804200032857e-009 3.4451598522077027e-011 -1.0751169659096406e-010 3.4451598522077014e-011 1.7291236197846105e-010</rotation_covariance>
        <location_covariance>3.8857679857277753e-006 -1.5711056704402266e-007 1.3008112863183757e-006 -1.5711056704402266e-007 7.0510003737977851e-006 -8.7589887499359325e-007 1.3008112863183757e-006 -8.7589887499359325e-007 6.8272892675321925e-006</location_covariance>
      </camera>
      <camera id="21" sensor_id="0" label="DSC00609.JPG">
        <transform>9.9946569937714824e-001 1.6503328825039416e-002 2.8212690517575273e-002 2.7220297034393335e+000 1.6992608538885755e-002 -9.9970780651392843e-001 -1.7191650594230251e-002 4.3365030897937267e+001 2.7920727490379715e-002 1.7661872290403793e-002 -9.9945409661655071e-001 1.0614499711401797e+000 0 0 0 1</transform>
        <rotation_covariance>1.0592526202279513e-008 2.9643528864774356e-010 -1.1046130420464348e-010 2.9643528864774356e-010 4.1359937480171681e-009 3.8648720088185132e-011 -1.1046130420464343e-010 3.8648720088185145e-011 1.7593626998733046e-010</rotation_covariance>
        <location_covariance>4.0287615426220186e-006 -1.5078622721486631e-007 1.4179322247925109e-006 -1.5078622721486631e-007 7.1079496533047063e-006 -8.2559982513534071e-007 1.4179322247925109e-006 -8.2559982513534071e-007 6.9616634099721858e-006</location_covariance>
      </camera>
      <camera id="22" sensor_id="0" label="DSC00610.JPG">
        <transform>9.9948770818753296e-001 1.5917599100200339e-002 2.7766008372068496e-002 4.2718250160405997e+000 1.6419362936504006e-002 -9.9970427721889998e-001 -1.7937743196848963e-002 4.3372510840478057e+001 2.7472271525882871e-002 1.8384454006634087e-002 -9.9945349373949666e-001 1.1567872616211543e+000 0 0 0 1</transform>
        <rotation_covariance>1.0956844018152133e-008 1.6867759925608090e-010 -1.1008360760005565e-010 1.6867759925608087e-010 4.2215335073257355e-009 4.3700461848776821e-011 -1.1008360760005566e-010 4.3700461848776821e-011 1.8346494112618486e-010</rotation_covariance>
        <location_covariance>4.3056998607259344e-006 -2.0078669494071314e-007 1.5496618232477017e-006 -2.0078669494071314e-007 7.4114418274458274e-006 -7.9750839886410433e-007 1.5496618232477017e-006 -7.9750839886410433e-007 7.1569845952517784e-006</location_covariance>
      </camera>
      <camera id="23" sensor_id="0" label="DSC00611.JPG">
        <transform>9.9950002305418795e-001 1.6311165687506256e-002 2.7085970327712927e-002 5.7172523602388106e+000 1.6812724898846436e-002 -9.9968944874222143e-001 -1.8393976050575706e-002 4.3388905815173374e+001 2.6777531554546541e-002 1.8840168454346742e-002 -9.9946386220636163e-001 1.1610649774031681e+000 0 0 0 1</transform>
        <rotation_covariance>1.1291864618566215e-008 2.2898413455970798e-010 -1.1822200964695248e-010 2.2898413455970803e-010 4.4415411373644533e-009 3.9384425445875533e-011 -1.1822200964695246e-010 3.9384425445875527e-011 1.9595881705991445e-010</rotation_covariance>
        <location_covariance>4.6751423232659970e-006 -9.0180749737348766e-008 1.6933161816467390e-006 -9.0180749737348766e-008 7.6639757704175769e-006 -7.4332914257761483e-007 1.6933161816467390e-006 -7.4332914257761483e-007 7.3343113269889974e-006</location_covariance>
      </camera>
      <camera id="24" sensor_id="0" label="DSC00612.JPG">
        <transform>9.9950858972421441e-001 1.6011720545613218e-002 2.6948170117492745e-002 6.8545681994151488e+000 1.6538135373180936e-002 -9.9967450414560177e-001 -1.9426163790712023e-002 4.3360857994565613e+001 2.6628352293945695e-002 1.9862290059668778e-002 -9.9944805782376456e-001 1.1391908689670287e+000 0 0 0 1</transform>
        <rotation_covariance>1.1585136937924348e-008 4.8370022861312684e-010 -1.1242496449607258e-010 4.8370022861312684e-010 4.6492608622243857e-009 4.6076446928621753e-011 -1.1242496449607265e-010 4.6076446928621753e-011 2.0672947132416007e-010</rotation_covariance>
        <location_covariance>4.9951731443990178e-006 1.7343231317265248e-007 1.7743628044155172e-006 1.7343231317265248e-007 7.8911911513998687e-006 -6.7875943156123585e-007 1.7743628044155172e-006 -6.7875943156123585e-007 7.4570794198403949e-006</location_covariance>
      </camera>
      <camera id="25" sensor_id="0" label="DSC00613.JPG">
        <transform>9.9948567957752932e-001 1.5260860467152108e-002 2.8204298559728343e-002 8.4098576863554246e+000 1.5751128653171697e-002 -9.9972725159337705e-001 -1.7243096233097582e-002 4.3423036634245868e+001 2.7933461396601279e-002 1.7678477291745022e-002 -9.9945344722755836e-001 1.1708986991185852e+000 0 0 0 1</transform>
        <rotation_covariance>1.1892228076115439e-008 8.4187207828369615e-010 -7.7981501169073164e-011 8.4187207828369615e-010 4.7537513420677996e-009 3.0136154215731252e-011 -7.7981501169073125e-011 3.0136154215731258e-011 2.1840230235426107e-010</rotation_covariance>
        <location_covariance>5.2974193415595898e-006 5.4146899133081738e-007 1.8661429157673133e-006 5.4146899133081738e-007 8.1578052998042831e-006 -6.2043721139201395e-007 1.8661429157673133e-006 -6.2043721139201395e-007 7.6867872295818735e-006</location_covariance>
      </camera>
      <camera id="26" sensor_id="0" label="DSC00614.JPG">
        <transform>9.9954593385038470e-001 1.4818333525559781e-002 2.6236293844382967e-002 8.6232288203115619e+000 1.5243086325468282e-002 -9.9975476462139234e-001 -1.6064212900067841e-002 4.3478692175477740e+001 2.5991814912349975e-002 1.6456840776699982e-002 -9.9952668696199032e-001 1.1640454432866623e+000 0 0 0 1</transform>
        <rotation_covariance>1.1964799519011299e-008 9.5261753432136039e-010 -9.8105418449345565e-011 9.5261753432136019e-010 4.7798171969668131e-009 2.1668144094464158e-011 -9.8105418449345488e-011 2.1668144094464161e-011 2.2078963221292778e-010</rotation_covariance>
        <location_covariance>5.3463433828808965e-006 6.4963562726061166e-007 1.8716178631393423e-006 6.4963562726061166e-007 8.2215469649688021e-006 -6.2363621508108585e-007 1.8716178631393423e-006 -6.2363621508108585e-007 7.7340314631930645e-006</location_covariance>
      </camera>
      <camera id="27" sensor_id="0" label="DSC00615.JPG">
        <transform>9.9944433548951583e-001 1.5000524206446665e-002 2.9765828250757274e-002 8.3151269096061764e+000 1.5499839042677975e-002 -9.9974180615685870e-001 -1.6615535256892390e-002 4.0304251930979177e+001 2.9508901158342846e-002 1.7067668140486159e-002 -9.9941879082628493e-001 1.1410263024878342e+000 0 0 0 1</transform>
        <rotation_covariance>1.0551769971812014e-008 5.4901529611091262e-010 -7.6511810815991418e-011 5.4901529611091242e-010 4.3894173438392956e-009 5.2727026152684536e-011 -7.6511810815991367e-011 5.2727026152684536e-011 1.8871278016959127e-010</rotation_covariance>
        <location_covariance>4.9829136809452378e-006 4.4095386304721641e-008 1.6646093509301618e-006 4.4095386304721641e-008 6.6796314311498449e-006 -6.0317615301029081e-007 1.6646093509301618e-006 -6.0317615301029081e-007 6.6056218442733375e-006</location_covariance>
      </camera>
      <camera id="28" sensor_id="0" label="DSC00616.JPG">
        <transform>9.9946640421149424e-001 1.3158923086708451e-002 2.9895645096640160e-002 7.4175620316765727e+000 1.3656199686217006e-002 -9.9977075279226080e-001 -1.6490908747738738e-002 4.0517156633171275e+001 2.9671789003636775e-002 1.6890370167470303e-002 -9.9941698021042724e-001 1.0590783813345004e+000 0 0 0 1</transform>
        <rotation_covariance>1.0594570740287069e-008 4.4797857136454824e-010 -8.0962404804718848e-011 4.4797857136454819e-010 4.3393050353117411e-009 5.0068892157129932e-011 -8.0962404804718939e-011 5.0068892157129925e-011 1.8423802859788509e-010</rotation_covariance>
        <location_covariance>4.8102296686462147e-006 -3.0800993965757837e-008 1.6106947289494659e-006 -3.0800993965757837e-008 6.7024541574961345e-006 -6.5556016935368470e-007 1.6106947289494659e-006 -6.5556016935368470e-007 6.5411916905050793e-006</location_covariance>
      </camera>
      <camera id="29" sensor_id="0" label="DSC00617.JPG">
        <transform>9.9949550208164284e-001 1.2708194681336792e-002 2.9107440741234662e-002 5.5731822068288253e+000 1.3210238254903587e-002 -9.9976615176806249e-001 -1.7121080109855604e-002 4.0728223227832139e+001 2.8883055998490288e-002 1.7496958787762366e-002 -9.9942965010518248e-001 1.0098836022498803e+000 0 0 0 1</transform>
        <rotation_covariance>1.0538647950454483e-008 3.4926711323556724e-010 -1.0157763512274237e-010 3.4926711323556729e-010 4.2526680345149194e-009 5.5128905871439689e-011 -1.0157763512274240e-010 5.5128905871439670e-011 1.7502447074351051e-010</rotation_covariance>
        <location_covariance>4.4761801122353924e-006 -1.5185560969892894e-007 1.4847568349768372e-006 -1.5185560969892894e-007 6.6782575120822284e-006 -7.1432384821870665e-007 1.4847568349768372e-006 -7.1432384821870665e-007 6.3756744800236775e-006</location_covariance>
      </camera>
      <camera id="30" sensor_id="0" label="DSC00618.JPG">
        <transform>9.9948361109080086e-001 1.2913875304396751e-002 2.9423510761207361e-002 3.0820901669002558e+000 1.3413977234660807e-002 -9.9976782254744834e-001 -1.6863161432004965e-002 4.0802671042059821e+001 2.9198910521462874e-002 1.7249139785982078e-002 -9.9942477996145529e-001 9.5412848051592170e-001 0 0 0 1</transform>
        <rotation_covariance>1.0117484971591403e-008 2.6715247217090625e-010 -9.4001212119246034e-011 2.6715247217090625e-010 3.9904251229889750e-009 5.4647294948408043e-011 -9.4001212119246034e-011 5.4647294948408043e-011 1.5981173110785736e-010</rotation_covariance>
        <location_covariance>3.9343960151266641e-006 -3.0247518915989151e-007 1.2858225516143106e-006 -3.0247518915989151e-007 6.3477410514932444e-006 -8.1468034968111834e-007 1.2858225516143106e-006 -8.1468034968111834e-007 6.1098764760479746e-006</location_covariance>
      </camera>
      <camera id="31" sensor_id="0" label="DSC00619.JPG">
        <transform>9.9944954667446240e-001 1.2193537257829692e-002 3.0853221895851393e-002 2.7009680140144349e-001 1.2766483230968670e-002 -9.9974842847739753e-001 -1.8441709868862479e-002 4.0896053222671902e+001 3.0620590427457801e-002 1.8825445708291293e-002 -9.9935378221916893e-001 9.4062578996334323e-001 0 0 0 1</transform>
        <rotation_covariance>9.8121903403541814e-009 1.8735985297263596e-010 -8.5608080913588784e-011 1.8735985297263596e-010 3.8193047041936863e-009 6.2038021845028935e-011 -8.5608080913588809e-011 6.2038021845028922e-011 1.5240731025535668e-010</rotation_covariance>
        <location_covariance>3.5551367708363796e-006 -4.1394916939242690e-007 1.0990937259281484e-006 -4.1394916939242690e-007 6.1575695121748306e-006 -9.1914142962824545e-007 1.0990937259281484e-006 -9.1914142962824545e-007 5.8640447898530586e-006</location_covariance>
      </camera>
      <camera id="32" sensor_id="0" label="DSC00620.JPG">
        <transform>9.9944789800639544e-001 1.2200198850966041e-002 3.0903953122439095e-002 -2.3435667780605804e+000 1.2783993706673312e-002 -9.9974220759737564e-001 -1.8764004189769257e-002 4.0898425280948949e+001 3.0667061735757523e-002 1.9148720487876678e-002 -9.9934621519680178e-001 9.0496358415563627e-001 0 0 0 1</transform>
        <rotation_covariance>9.6001211781893687e-009 4.7488272118373313e-011 -8.8186439451509404e-011 4.7488272118373307e-011 3.6173352258471293e-009 5.8581512444778272e-011 -8.8186439451509274e-011 5.8581512444778272e-011 1.4743003848731793e-010</rotation_covariance>
        <location_covariance>3.2318952309590054e-006 -5.4735991093934449e-007 9.1532880298050927e-007 -5.4735991093934449e-007 6.0606171556397832e-006 -1.0240963286721046e-006 9.1532880298050927e-007 -1.0240963286721046e-006 5.6357418053008195e-006</location_covariance>
      </camera>
      <camera id="33" sensor_id="0" label="DSC00621.JPG">
        <transform>9.9945121784097413e-001 1.2126008337296728e-002 3.0825688605413147e-002 -3.6365909240061329e+000 1.2706510121649783e-002 -9.9974427982978176e-001 -1.8706136644410037e-002 4.0902657646147809e+001 3.0590975086167149e-002 1.9087557974626787e-002 -9.9934971725309596e-001 8.9153118959341160e-001 0 0 0 1</transform>
        <rotation_covariance>9.6906639191471890e-009 -4.4522163438150636e-011 -9.4505561844868611e-011 -4.4522163438150630e-011 3.6312118158643043e-009 5.5733881705384784e-011 -9.4505561844868663e-011 5.5733881705384784e-011 1.4785673150527239e-010</rotation_covariance>
        <location_covariance>3.1810029248100576e-006 -6.3693195359852287e-007 8.3904888568550548e-007 -6.3693195359852287e-007 6.1809875656862300e-006 -1.0819334716110165e-006 8.3904888568550548e-007 -1.0819334716110165e-006 5.5384188562341944e-006</location_covariance>
      </camera>
      <camera id="34" sensor_id="0" label="DSC00622.JPG">
        <transform>9.9941857382499089e-001 1.1910152865170812e-002 3.1947809820844129e-002 -5.8370039658942234e+000 1.2511475587109048e-002 -9.9974706711770489e-001 -1.8688626706645811e-002 4.0937903595549450e+001 3.1717144768306858e-002 1.9077474892538693e-002 -9.9931480159130581e-001 8.9150967639997503e-001 0 0 0 1</transform>
        <rotation_covariance>9.4019445066783677e-009 -3.4712720825580408e-011 -8.7829363030653268e-011 -3.4712720825580401e-011 3.4724679292436316e-009 5.6953491435779969e-011 -8.7829363030653268e-011 5.6953491435779976e-011 1.4271310376895026e-010</rotation_covariance>
        <location_covariance>2.9601615412460645e-006 -6.4783782099031931e-007 6.8447039218479012e-007 -6.4783782099031931e-007 6.0278983217969594e-006 -1.1475928630453259e-006 6.8447039218479012e-007 -1.1475928630453259e-006 5.3944231484586744e-006</location_covariance>
      </camera>
      <camera id="35" sensor_id="0" label="DSC00623.JPG">
        <transform>9.9937827669323287e-001 1.2041540816943593e-002 3.3137009044534489e-002 -7.8437580419647217e+000 1.2705517719312453e-002 -9.9972123634098775e-001 -1.9900236891333641e-002 4.0970511398087844e+001 3.2888142135850666e-002 2.0308887305828464e-002 -9.9925268035830217e-001 9.1459521321661097e-001 0 0 0 1</transform>
        <rotation_covariance>9.6331978882030904e-009 -1.1089209274968194e-011 -8.4850833459200301e-011 -1.1089209274968180e-011 3.8940457243237212e-009 5.5699460055510111e-011 -8.4850833459200262e-011 5.5699460055510137e-011 1.4563256207200060e-010</rotation_covariance>
        <location_covariance>3.2994985432649602e-006 -6.3415707488227495e-007 5.4954170491238564e-007 -6.3415707488227495e-007 6.3272996603339118e-006 -1.2396506072934377e-006 5.4954170491238564e-007 -1.2396506072934377e-006 5.2917767366866280e-006</location_covariance>
      </camera>
      <camera id="36" sensor_id="0" label="DSC00624.JPG">
        <transform>9.9935414874179851e-001 1.1666047073544546e-002 3.3988067586064277e-002 -8.9136696625540726e+000 1.2304539899611626e-002 -9.9975058821766205e-001 -1.8637587190879150e-002 4.0960155091339310e+001 3.3762163592043329e-002 1.9043757615465486e-002 -9.9924844338406027e-001 9.1627452487916827e-001 0 0 0 1</transform>
        <rotation_covariance>9.3365311764468913e-009 9.1082722884231044e-011 -8.4095693230717178e-011 9.1082722884231018e-011 3.7021996580628717e-009 4.8109868141055663e-011 -8.4095693230717191e-011 4.8109868141055663e-011 1.4075382487369248e-010</rotation_covariance>
        <location_covariance>3.1134885018128751e-006 -5.5324187539184085e-007 5.0614407349110188e-007 -5.5324187539184085e-007 6.1136050401115507e-006 -1.2836674482411699e-006 5.0614407349110188e-007 -1.2836674482411699e-006 5.2275035474368316e-006</location_covariance>
      </camera>
      <camera id="37" sensor_id="0" label="DSC00625.JPG">
        <transform>9.9931264762558458e-001 1.1903171883010627e-002 3.5107645814928250e-002 -1.0974580602389974e+001 1.2563834255244030e-002 -9.9974698262609385e-001 -1.8657995573681193e-002 4.1005918929483556e+001 3.4876673642274154e-002 1.9086257599232371e-002 -9.9920935364242169e-001 8.7717275544905859e-001 0 0 0 1</transform>
        <rotation_covariance>9.1097542213493608e-009 2.1165514715122130e-010 -8.0392755569840834e-011 2.1165514715122125e-010 3.5388149972965298e-009 4.6281641328645441e-011 -8.0392755569840886e-011 4.6281641328645453e-011 1.3704122818013508e-010</rotation_covariance>
        <location_covariance>2.9411512028302809e-006 -4.7021995701303286e-007 4.1987480255292444e-007 -4.7021995701303286e-007 5.9908199556115959e-006 -1.3503787696566661e-006 4.1987480255292444e-007 -1.3503787696566661e-006 5.1327327571135762e-006</location_covariance>
      </camera>
      <camera id="38" sensor_id="0" label="DSC00626.JPG">
        <transform>9.9929952000262834e-001 1.2025689658716246e-002 3.5438003763602635e-002 -1.3283156801679940e+001 1.2719907937542586e-002 -9.9973030805783469e-001 -1.9429747621811853e-002 4.1148428200132848e+001 3.5194790304494086e-002 1.9866905617612108e-002 -9.9918298263961824e-001 7.9331429656081176e-001 0 0 0 1</transform>
        <rotation_covariance>9.1394173617285805e-009 1.3938938183883721e-010 -7.1209759816340025e-011 1.3938938183883718e-010 3.4465220872387973e-009 4.8205251922018420e-011 -7.1209759816340012e-011 4.8205251922018427e-011 1.3549837226351207e-010</rotation_covariance>
        <location_covariance>2.8514777708261851e-006 -5.5648174291979407e-007 3.1784130852462211e-007 -5.5648174291979407e-007 6.0881481223875219e-006 -1.4322358245925531e-006 3.1784130852462211e-007 -1.4322358245925531e-006 5.0687780006596984e-006</location_covariance>
      </camera>
      <camera id="39" sensor_id="0" label="DSC00627.JPG">
        <transform>9.9930988315415648e-001 1.2031462012337348e-002 3.5142586021408233e-002 -1.4374332563815045e+001 1.2733153301392323e-002 -9.9972263948620377e-001 -1.9811887990323206e-002 4.1174979730754011e+001 3.4894472877944956e-002 2.0245691407891071e-002 -9.9918591250176603e-001 7.0770482559105208e-001 0 0 0 1</transform>
        <rotation_covariance>9.2019635820392440e-009 1.4336716098155643e-010 -6.7397921631625115e-011 1.4336716098155643e-010 3.5216045247696862e-009 4.9266153226824418e-011 -6.7397921631625076e-011 4.9266153226824418e-011 1.3671438346189294e-010</rotation_covariance>
        <location_covariance>2.9146044743057767e-006 -5.6143902982754775e-007 2.6238584861585826e-007 -5.6143902982754775e-007 6.1630894867111440e-006 -1.4613502059684718e-006 2.6238584861585826e-007 -1.4613502059684718e-006 5.0255714383250097e-006</location_covariance>
      </camera>
      <camera id="40" sensor_id="0" label="DSC00628.JPG">
        <transform>9.9927882727353090e-001 1.2033062001936500e-002 3.6014313566889014e-002 -1.6580783694193983e+001 1.2692212275910924e-002 -9.9975507305669953e-001 -1.8130130858233773e-002 4.1163073136103378e+001 3.5787331702431660e-002 1.8574157215093676e-002 -9.9918680314211972e-001 6.5272200873148201e-001 0 0 0 1</transform>
        <rotation_covariance>9.1689013695443241e-009 7.1459471240935110e-011 -5.1698874340248799e-011 7.1459471240935084e-011 3.4845451549061079e-009 4.2466308972532258e-011 -5.1698874340248837e-011 4.2466308972532245e-011 1.3479533808472043e-010</rotation_covariance>
        <location_covariance>2.9071234692486469e-006 -6.5952264685083674e-007 1.7625704817634440e-007 -6.5952264685083674e-007 6.1891642997945450e-006 -1.5398005176456758e-006 1.7625704817634440e-007 -1.5398005176456758e-006 4.9507812077380251e-006</location_covariance>
      </camera>
      <camera id="41" sensor_id="0" label="DSC00629.JPG">
