# Cameras (604)
# PhotoID, X, Y, Z, Omega, Phi, Kappa, r11, r12, r13, r21, r22, r23, r31, r32, r33
DSC00002.JPG	2693785.3977964390000000	1256206.4548764292000000	583.6653595777671600	2.1874906766594160	-0.1866984041438932	149.1513554722552600	-0.8585203015099931	0.5125050525478563	0.0167768593040994	-0.5127692210911217	-0.8578354534219119	-0.0344392327734955	-0.0032584960941608	-0.0381694375821924	0.9992659687179701
DSC00003.JPG	2693785.0904750861000000	1256206.3985182999000000	583.7377760391731300	2.0649224577870573	-0.4121036803799040	147.4971727180429500	-0.8433431167254107	0.5372108635849808	0.0132994555583873	-0.5373273260845006	-0.8426780273585237	-0.0342503554730098	-0.0071925040668644	-0.0360309624271293	0.9993247908622215
DSC00004.JPG	2693783.4102296382000000	1256207.4454408996000000	583.7685443567904700	2.2111453433449255	-0.5842576134115626	145.8243009772567700	-0.8272758841680797	0.5616397741082873	0.0132429458019863	-0.5617033307734806	-0.8264819016153082	-0.0376435187027169	-0.0101970423114212	-0.0385801819842158	0.9992034777192101
DSC00005.JPG	2693781.8120957650000000	1256208.5672088617000000	583.7413749442578100	2.2929152618923729	-0.7596984740386632	145.5556764440599700	-0.8246037064402109	0.5655897441218679	0.0117033614498800	-0.5655554174352018	-0.8237158875976873	-0.0404871131207039	-0.0132588511856080	-0.0400047230125783	0.9991115178006531
DSC00006.JPG	2693780.0772443935000000	1256210.0069150841000000	583.7115793651389600	2.1850809306583239	-0.7977778175438061	145.3774807601555500	-0.8228333532931126	0.5681909523179483	0.0102134427317704	-0.5681121470704206	-0.8220131438500586	-0.0392807801447471	-0.0139233997087610	-0.0381239169257984	0.9991760134724937
DSC00007.JPG	2693778.3989966158000000	1256211.1900891559000000	583.6943416799512100	2.1871715692293288	-0.9362024547098766	145.2421868051011400	-0.8214595293765705	0.5702057727009186	0.0083437626387501	-0.5700326971259495	-0.8206151771736102	-0.0406627003485980	-0.0163390882162861	-0.0381589802126852	0.9991380917697955
DSC00008.JPG	2693776.7857980542000000	1256212.3111663302000000	583.7702257740355700	2.1240688226308282	-1.0340373270561958	145.0071324720231900	-0.8190900298671263	0.5736283797947106	0.0064811161357997	-0.5733810698617476	-0.8182769860970820	-0.0407053159682333	-0.0180463762697424	-0.0370574677760138	0.9991501750915930
DSC00009.JPG	2693775.1549421418000000	1256213.4390690657000000	583.7722670486083400	2.1857261760152089	-1.1728905355864558	145.0010137251334200	-0.8189905618698643	0.5737841498640134	0.0051194660771940	-0.5734417706982447	-0.8181184423427637	-0.0429738282808510	-0.0204693719138300	-0.0381308754617687	0.9990630816670049
DSC00010.JPG	2693773.5985901896000000	1256214.5871506322000000	583.7310054533082800	2.1803341062833885	-1.2912776323900950	144.9757062723567200	-0.8187008104429456	0.5742102959562184	0.0033939649285610	-0.5737779627300272	-0.8178238577665971	-0.0440793279569930	-0.0225351384607363	-0.0380351638044573	0.9990222689454544
DSC00011.JPG	2693772.2002413291000000	1256215.8169920060000000	583.7216731525337500	2.1179398568265912	-1.3284874673309601	144.9527942443398800	-0.8184591426891235	0.5745603082764436	0.0022547509535859	-0.5740967820951167	-0.8176279077596744	-0.0435601795286615	-0.0231844028738658	-0.0369466724592920	0.9990482605247696
DSC00012.JPG	2693770.6518573482000000	1256217.1139634196000000	583.7095800579089700	2.1287960251660714	-1.3905702851641808	144.9215387541768200	-0.8181248058772271	0.5750387354364575	0.0015015844930103	-0.5745284007766728	-0.8172829642191437	-0.0443359120597363	-0.0242676473797803	-0.0371350123846617	0.9990155515035000
DSC00013.JPG	2693769.2348039560000000	1256218.2761687266000000	583.7760491493448900	2.0551161318680586	-1.4178765490679155	144.8785204832489900	-0.8176836606438998	0.5756676705887899	0.0004051602997947	-0.5751357763191054	-0.8168974964369793	-0.0435582266950325	-0.0247440884619503	-0.0358498724387069	0.9990508078833206
DSC00014.JPG	2693767.7404500600000000	1256219.4683305500000000	583.8567967277772400	2.0548622233571607	-1.4910994561941593	144.8478456094514700	-0.8173491058632821	0.5761423932084385	-0.0006179745516967	-0.5755547866963370	-0.8165629983035471	-0.0442894718014937	-0.0260216574304594	-0.0358442819648221	0.9990185487742449
DSC00015.JPG	2693765.4659224879000000	1256221.2631579060000000	583.8741021895324400	2.0091619663993852	-1.5778097251397618	144.7994589385636500	-0.8168296396657129	0.5768744743187947	-0.0022761025891718	-0.5762214777221372	-0.8160806442205061	-0.0445105688613403	-0.0275344942807998	-0.0350460127269444	0.9990063206089556
DSC00016.JPG	2693764.4114224147000000	1256222.0870654308000000	583.8976958777179800	2.0205760790599623	-1.6173009233630817	144.7762707538454100	-0.8165806727181256	0.5772249862459126	-0.0027055861877626	-0.5765409267731617	-0.8158242157582495	-0.0450711519486786	-0.0282234777934615	-0.0352443504102753	0.9989801154504527
DSC00017.JPG	2693763.0275477376000000	1256223.1639246179000000	583.8837239220069900	2.0161486575975553	-1.6423240712332470	144.7482613247683500	-0.8162885854915311	0.5776360716148674	-0.0030844716855990	-0.5769328795023175	-0.8155365538356527	-0.0452612627644402	-0.0286600374284569	-0.0351667190282292	0.9989704220483155
DSC00018.JPG	2693761.5680085141000000	1256224.2461716512000000	583.8628272186518900	2.0371686051610860	-1.7070286056299482	144.7151484593940200	-0.8159280828772652	0.5781411355355860	-0.0037670909007164	-0.5773854754514801	-0.8151627457326164	-0.0462137501976465	-0.0297888621786779	-0.0355320330305554	0.9989244707778539
DSC00019.JPG	2693759.6827643234000000	1256225.8240929735000000	583.8969275425571400	2.0233246185554279	-1.6998218635433553	144.6731219133307900	-0.8155074007552255	0.5787343626518049	-0.0037705171350763	-0.5779859666576864	-0.8147521689874980	-0.0459469855044635	-0.0296631363857058	-0.0352908007301665	0.9989367636260002
DSC00020.JPG	2693758.6997552272000000	1256226.5789409345000000	583.8664145599608400	2.0116949706654448	-1.7498099301352026	144.6494480911997000	-0.8152470968087136	0.5790951524478316	-0.0045799079015650	-0.5783076801011539	-0.8145045724474017	-0.0462874561657584	-0.0305351974119452	-0.0350871183441641	0.9989176621950960
DSC00021.JPG	2693757.0209894124000000	1256228.0350004712000000	583.8474393235408100	1.9997306769115790	-1.7082487371004580	144.6147862779548600	-0.8149149367175989	0.5795662013562999	-0.0040821758880920	-0.5788134423014161	-0.8141783915731462	-0.0457006094767872	-0.0298101480328150	-0.0348792910018652	0.9989468404942623
DSC00022.JPG	2693755.8263979219000000	1256229.0076168943000000	583.7447814662557400	2.0289526274369045	-1.7516136267912097	144.5934189530462700	-0.8146804002117897	0.5798936212477390	-0.0043856067929329	-0.5791040706244985	-0.8139232644111429	-0.0465552901016018	-0.0305666631625849	-0.0353879596260029	0.9989060873859033
DSC00023.JPG	2693754.6236300487000000	1256229.9854892360000000	583.7394971264203600	1.9856590936785650	-1.7556833584230251	144.3919157573395200	-0.8126369512111655	0.5827511547237552	-0.0047198722813423	-0.5819643625765215	-0.8119123357925443	-0.0459982573452319	-0.0306376601118018	-0.0346330861464018	0.9989303695087310
DSC00024.JPG	2693753.4126933366000000	1256230.9103844075000000	583.7710203923527400	1.9209776937321359	-1.7925069114482994	144.3661205244292800	-0.8123586902452848	0.5831284530845194	-0.0058792504812085	-0.5823185702114563	-0.8116887594288386	-0.0454581192281270	-0.0312800442750932	-0.0335047014630427	0.9989489445462267
DSC00025.JPG	2693752.6281326525000000	1256231.5018871031000000	583.7429225964546000	1.9417716148927340	-1.8288816601592548	144.3441756912367600	-0.8121192977772116	0.5834588538984028	-0.0061653860715472	-0.5826179754805085	-0.8114362709965056	-0.0461245353177567	-0.0319145863962452	-0.0338665604814961	0.9989166708271067
DSC00026.JPG	2693751.1278084721000000	1256232.6882193275000000	583.7779991344318700	1.9438344518811697	-1.8137496715819028	144.3333052434219600	-0.8120155652833712	0.5836057402426320	-0.0059212915294379	-0.5827769386256416	-0.8113291190791402	-0.0460010906435005	-0.0316506167973585	-0.0339028094722978	0.9989238399228602
DSC00027.JPG	2693750.3486790862000000	1256233.1480469436000000	583.7577203741339000	1.9142765031956872	-1.8247583486508920	144.2925297069641300	-0.8115956633371163	0.5841850823230135	-0.0063457736833709	-0.5833511158887595	-0.8109334618827661	-0.0456989714345056	-0.0318426576109245	-0.0333872728758393	0.9989351005777041
DSC00028.JPG	2693750.0694650542000000	1256233.1019542881000000	583.7915019652944000	1.7987161469634207	-1.8468572274336565	144.2526551315654600	-0.8111794597764612	0.5847452004781857	-0.0078060588323921	-0.5839085800697658	-0.8106101680336207	-0.0442936293547388	-0.0322281578387493	-0.0313720576027527	0.9989880579086473
DSC00029.JPG	2693752.2471044455000000	1256235.7240292418000000	583.8601399851395400	1.7298917510005343	-1.8907626730997451	144.1559273422774700	-0.8101722820710727	0.5861218854917162	-0.0090558661311540	-0.5852625619067950	-0.8096609345660317	-0.0437824698704327	-0.0329940448269977	-0.0301712841174323	0.9990000433536825
DSC00030.JPG	2693752.7649246603000000	1256235.2558919981000000	583.8504725258603700	1.7742332490649435	-1.8569271359726887	143.7896602831353100	-0.8064300045849511	0.5912775554508869	-0.0078422015492638	-0.5904410556632161	-0.8058742204209964	-0.0441146307720945	-0.0324038191024402	-0.0309450041343325	0.9989956952993854
DSC00031.JPG	2693754.5087540820000000	1256233.5618186051000000	583.7983706224192700	1.6050090300474129	-1.8669860671319212	143.6614797659421500	-0.8051024744303222	0.5930574552191740	-0.0096364140182011	-0.5922403191844501	-0.8046733385716991	-0.0418595571426220	-0.0325792878754904	-0.0279941601201494	0.9990770325659044
DSC00032.JPG	2693756.3097109012000000	1256231.8054118736000000	583.8438476182186600	1.5885872975598054	-1.7694802092245818	143.6468692391864000	-0.8049949131996289	0.5932218686980363	-0.0084264002475667	-0.5924776092231381	-0.8045619981067925	-0.0406235617793412	-0.0308783466519411	-0.0277093071153849	0.9991389903347923
DSC00033.JPG	2693758.2767649647000000	1256230.0400444148000000	583.8786977248656700	1.6798934907116096	-1.9022061982273295	143.6034286818937500	-0.8044857416481129	0.5938989609335957	-0.0093121257982028	-0.5930437355262567	-0.8040059540869983	-0.0432845647514111	-0.0331936626172885	-0.0292993173068980	0.9990193845803991
DSC00034.JPG	2693759.8297511786000000	1256228.8265999421000000	583.9630868641626200	1.7743169718575382	-1.9247737337489863	143.5946546104342800	-0.8043843305588622	0.5940464153375884	-0.0086432156014523	-0.5931591191528393	-0.8038353361669514	-0.0448443050474891	-0.0335873207803235	-0.0309452541421964	0.9989565972197562
DSC00035.JPG	2693761.6648394261000000	1256227.4002540221000000	583.7506495923124700	1.7808561843914024	-1.9323412986359163	143.5605276055837600	-0.8040273095077104	0.5945293769942751	-0.0086547938502984	-0.5936354880688654	-0.8034738019929362	-0.0450195159487122	-0.0337193248899364	-0.0310591275121252	0.9989486161595862
DSC00036.JPG	2693763.3121488020000000	1256226.2450427499000000	583.6372719948967600	1.8329163451273662	-1.9516991647831463	143.5330273710561600	-0.8037330822917590	0.5949312357489859	-0.0083640396922240	-0.5940145233134710	-0.8031406932097484	-0.0459540314143917	-0.0340569893334588	-0.0319664142616699	0.9989085392751391
DSC00037.JPG	2693764.6998122167000000	1256225.0796188132000000	583.7205481699171500	1.8839431333737309	-1.9233289965432321	143.5373470064290300	-0.8037913276403667	0.5948648156952913	-0.0074399366895404	-0.5939638757868534	-0.8031539685315032	-0.0463747462780837	-0.0335621195754560	-0.0328565652481177	0.9988964061651733
DSC00038.JPG	2693766.1188152544000000	1256223.8655874843000000	583.7234663037523900	1.9286013241858389	-1.8510358292078442	143.5001880411718700	-0.8034393471427814	0.5953570518345402	-0.0059326464302138	-0.5945097624236140	-0.8027568529505025	-0.0462555664112336	-0.0323010502275157	-0.0336365258593912	0.9989120212923210
DSC00039.JPG	2693767.8352493756000000	1256222.5072271118000000	583.7785066029794100	1.9472160876151194	-1.8784445254885576	143.4872641681852200	-0.8032927156235999	0.5955530596985960	-0.0061127824845405	-0.5946817124422459	-0.8025978042864272	-0.0468019811692244	-0.0327791688854607	-0.0339605305942972	0.9988854831505624
DSC00040.JPG	2693768.9311939627000000	1256221.6132750185000000	583.8128910264664500	1.9827668112398291	-1.8662539447365949	143.5008379912870900	-0.8034391660806842	0.5953606718729537	-0.0055836184110338	-0.5944955242867498	-0.8027140561470086	-0.0471721916709339	-0.0325665167096254	-0.0345805501836087	0.9988711666368194
DSC00041.JPG	2693770.2163144536000000	1256220.6082837919000000	583.8538731380383500	1.8847364024032052	-1.7622872036050810	143.4931555874943000	-0.8034056232491729	0.5954099378922872	-0.0051391040766973	-0.5946374238541528	-0.8027492432562575	-0.0447212097734639	-0.0307528646422703	-0.0328733678014209	0.9989862876965265
DSC00042.JPG	2693772.1989123933000000	1256218.9827593868000000	583.8974355343204900	2.0241009345961505	-1.7852589992786592	143.4922463051766200	-0.8033862112538976	0.5954447912617435	-0.0040119978024552	-0.5946427905899402	-0.8026202199841375	-0.0469119821796437	-0.0311536059954154	-0.0353027340566216	0.9988909699269536
DSC00043.JPG	2693773.0125079453000000	1256218.2330435854000000	583.8878241207819400	2.1359283700542333	-1.7854037284189643	143.4613643691859000	-0.8030655239558078	0.5958840319338166	-0.0028257246650034	-0.5950756756489675	-0.8022060146754032	-0.0484814425273360	-0.0311561307692393	-0.0372522550311235	0.9988200864072501
DSC00044.JPG	2693774.6804369185000000	1256216.8193166179000000	583.8223133014353200	2.0518715453602394	-1.7992764532156429	143.4582536275321200	-0.8030271302184532	0.5959297635470217	-0.0038916644134145	-0.5951147663467602	-0.8022387647571643	-0.0474487006875885	-0.0313981370332355	-0.0357866069876593	0.9988660950053082
DSC00045.JPG	2693776.2081314977000000	1256215.6294345069000000	583.8542642496690900	2.0061591552404412	-1.8005309139247789	143.4899798693992600	-0.8033559857033586	0.5954827510009990	-0.0044106116205488	-0.5946696078779930	-0.8026057675060758	-0.0468192207561935	-0.0314200207005034	-0.0349896445575609	0.9988936415219168
DSC00046.JPG	2693777.4156236276000000	1256214.7180344407000000	583.8372677185730000	2.0369685225021854	-1.7619783061465246	143.4600960772762100	-0.8030625185383343	0.5958843515340968	-0.0035257503678610	-0.5951009864248089	-0.8022840116975988	-0.0468527537144492	-0.0307474759140936	-0.0355275128765800	0.9988955844099609
DSC00047.JPG	2693779.6539693344000000	1256213.1802101335000000	583.8454889127177700	2.1478742884483260	-1.8356602958444959	143.4543453990809800	-0.8029703546602065	0.5960092733232817	-0.0033993601627900	-0.5951575480425295	-0.8021033191435828	-0.0491707069997133	-0.0320328354172298	-0.0374594651790531	0.9987846043685453
DSC00048.JPG	2693780.6631783359000000	1256212.4723449009000000	583.8061592407440200	2.1774951378272682	-1.8528791049532678	143.4330807122341300	-0.8027416452873151	0.5963177583952557	-0.0033139016086220	-0.5954497584164499	-0.8018497343941230	-0.0497653358660989	-0.0323332046541413	-0.0379754456791580	0.9987554402366290
DSC00049.JPG	2693782.0531046800000000	1256211.4466807335000000	583.8333705471151200	2.0999123651078486	-1.8295745161121655	143.4619086068861400	-0.8030516393627321	0.5958972029000957	-0.0038194361718175	-0.5950535707627166	-0.8022251820929336	-0.0484355771979691	-0.0319266728515504	-0.0366235005399688	0.9988190060110134
DSC00050.JPG	2693783.7081434932000000	1256210.0323610085000000	583.8407026371079400	2.1744722271825090	-1.8063733581342132	143.4662247158638300	-0.8031067847621890	0.5958289007418881	-0.0027227393655601	-0.5950007223210642	-0.8022155018308190	-0.0492384916476864	-0.0315219400791273	-0.0379237348245128	0.9987833386829239
DSC00051.JPG	2693784.3854939397000000	1256209.4732407921000000	583.7641175352381400	2.1385758696166532	-1.8184756470843562	143.4300090316844200	-0.8027251692381027	0.5963403722904042	-0.0032346635376036	-0.5955042532389036	-0.8018647265327410	-0.0488635315644338	-0.0317330591975647	-0.0372977307501915	0.9988002263890663
DSC00052.JPG	2693785.8131505102000000	1256208.3819712386000000	583.7110682930862100	2.1683778429559757	-1.8434333399431497	143.4750863813864600	-0.8031822485214653	0.5957241816365206	-0.0033128648480592	-0.5948642431054695	-0.8022983206286958	-0.0495372283331596	-0.0321684307133810	-0.0378167175977968	0.9987667835563850
DSC00053.JPG	2693786.7194023747000000	1256207.6167855782000000	583.7128213704367000	2.1076875220130344	-1.8137280723163853	143.4617438385191700	-0.8030569920026388	0.5958918542539350	-0.0035164797000359	-0.5950611144270103	-0.8022229410153816	-0.0483799855882172	-0.0316502400079254	-0.0367593653704413	0.9988228127976468
DSC00054.JPG	2693787.4031116739000000	1256207.0839207538000000	583.7134479878815200	2.1007016660423194	-1.8487912829058990	143.4816489247269800	-0.8032479567133103	0.5956307022308626	-0.0040971448426345	-0.5947704516092255	-0.8024224614500493	-0.0486446631502617	-0.0322618959215186	-0.0366368655920928	0.9988077443387871
DSC00055.JPG	2693787.6919536684000000	1256206.8695145778000000	583.8765475068673800	2.1219382636418262	-1.7981924192024117	143.5230688099449000	-0.8037003104281946	0.5950256759790628	-0.0032024901690996	-0.5942063237366180	-0.8028541864531400	-0.0484148750497201	-0.0313792263932386	-0.0370081101966189	0.9988221783333793
DSC00056.JPG	2693789.0969826188000000	1256209.6180019730000000	583.8382403432630100	2.0951597547159619	-1.8485210574262805	143.4790106989159400	-0.8032206914948670	0.5956671123647146	-0.0041487349385173	-0.5948075276596447	-0.8023998383110950	-0.0485644367593154	-0.0322571820519024	-0.0365402617041812	0.9988114353974229
DSC00057.JPG	2693788.5352892373000000	1256209.9552563443000000	583.8323845845525300	2.0166480091618375	-1.8484591581005254	143.5565200937797400	-0.8040246364540734	0.5945747220767753	-0.0050283041098194	-0.5937204121818900	-0.8032707268303397	-0.0474574712350327	-0.0322561022670552	-0.0351715692681188	0.9988606031783192
DSC00058.JPG	2693786.4801990353000000	1256211.5348887451000000	583.8454754040080800	2.0443537166405830	-1.7973992347914067	143.5740395057789300	-0.8042289515763086	0.5943058794870324	-0.0040391897228099	-0.5934913695970902	-0.8034483188924251	-0.0473158861557708	-0.0313653895279932	-0.0356555812753066	0.9988718095249647
DSC00059.JPG	2693784.4146153256000000	1256213.1987470009000000	583.7877240888598200	2.0938231411686301	-1.8555044197499082	143.5651717956475000	-0.8041110823713600	0.5944632767220311	-0.0043335708677524	-0.5935966370344199	-0.8032931810308113	-0.0486117044633051	-0.0323790010498790	-0.0365168171984567	0.9988083511628777
DSC00060.JPG	2693782.7881342229000000	1256214.4277429341000000	583.7913837812349100	2.2181065914650522	-1.8974804417186979	143.5685891733029100	-0.8041271843413831	0.5944461730062820	-0.0036357669596107	-0.5935344286451753	-0.8032044705567002	-0.0507883893284395	-0.0331112279453060	-0.0386823716428523	0.9987028190147649
DSC00061.JPG	2693780.8942040540000000	1256215.9289806229000000	583.7924468399987700	2.1938898378716116	-1.8603239170153782	143.5577164527247800	-0.8040316427471679	0.5945770361791460	-0.0033564132214446	-0.5936996432182852	-0.8031277847874747	-0.0500649073188500	-0.0324630729255960	-0.0382610683434947	0.9987403263839114
DSC00062.JPG	2693779.0995788854000000	1256217.3384387167000000	583.8814838182296400	2.1328940726922219	-1.8079858885685292	143.5733966046169600	-0.8042176152636835	0.5943259565492211	-0.0032687415694263	-0.5934969421822477	-0.8033634913780597	-0.0486670354673075	-0.0315500700461497	-0.0371988990792325	0.9988097090974718
DSC00063.JPG	2693777.7087512463000000	1256218.3361084866000000	583.9088564234160700	2.1345227543968348	-1.8311617887527187	143.5652163217530400	-0.8041225386708674	0.5944528562943120	-0.0035699362814416	-0.5936041286583668	-0.8032683026601917	-0.0489302808203282	-0.0319543618503259	-0.0372268127154095	0.9987958165580141
DSC00064.JPG	2693776.5958727505000000	1256219.2303617017000000	583.8595258835532600	2.1502686713209598	-1.8388024119174080	143.5587005581712700	-0.8040515927291229	0.5945491815355348	-0.0035081284450450	-0.5936930344107779	-0.8031842474583640	-0.0492305344970409	-0.0320876474968937	-0.0375011382516100	0.9987812811161155
DSC00065.JPG	2693774.7407432143000000	1256220.7983416668000000	583.8266850817721000	2.1531919476468766	-1.8383553922753524	143.5746618348558200	-0.8042171520641472	0.5943253531187462	-0.0034852497916499	-0.5934691698637374	-0.8033475051049778	-0.0492659158328968	-0.0320798495488948	-0.0375521062243459	0.9987796166177179
DSC00066.JPG	2693773.5636899862000000	1256221.7537732671000000	583.8178950694667700	2.0782887198645459	-1.8172613565726996	143.5712420443987900	-0.8041911766753137	0.5943575038148484	-0.0039634601748082	-0.5935241429349411	-0.8033836742372141	-0.0479975387124962	-0.0317118764963465	-0.0362467878314113	0.9988395903552209
DSC00067.JPG	2693772.1081078779000000	1256222.9246665656000000	583.8161474373080200	2.0741128952885237	-1.8405142185819401	143.5625018927041200	-0.8040902083855299	0.5944915694067521	-0.0043255846786544	-0.5936391179913501	-0.8032877754800467	-0.0481803627505011	-0.0321175087602993	-0.0361735216507074	0.9988292856952175
DSC00068.JPG	2693769.9309091121000000	1256224.5630888899000000	583.8437131496252700	1.9925594026467861	-1.8141842219274582	143.5664724719360400	-0.8041431352051385	0.5944162878329460	-0.0048057113261777	-0.5935920961773381	-0.8034062207175251	-0.0467639590729595	-0.0316581973309446	-0.0347522844038053	0.9988944074678124
DSC00069.JPG	2693768.8888559639000000	1256225.3696448086000000	583.8748710181411100	1.9589949343385702	-1.8280908454200433	143.5688061109758000	-0.8041611053794747	0.5943873187300814	-0.0053508810233592	-0.5935547625298415	-0.8034527624935696	-0.0464370791458271	-0.0319007911031376	-0.0341668519813570	0.9989068854266040
DSC00070.JPG	2693767.7304022647000000	1256226.3019447268000000	583.8488364527407800	1.8972499284419713	-1.8430524871500946	143.5742321582850100	-0.8042105826659625	0.5943120635911666	-0.0062056263247740	-0.5934736373116402	-0.8035534939816806	-0.0457255303514880	-0.0321617870176105	-0.0330900797799196	0.9989347656759136
DSC00071.JPG	2693765.8697248809000000	1256227.7573276528000000	583.7890851057435400	1.9472049858834195	-1.9220177727899677	143.5711073455613900	-0.8041417866485883	0.5943987279785924	-0.0067925799993606	-0.5934906114312113	-0.8034531136801707	-0.0472439230022872	-0.0335392472876864	-0.0339594801943314	0.9988602868250928
DSC00072.JPG	2693764.5381654128000000	1256228.8779453230000000	583.7825119992262400	1.8980660164355716	-1.8967565775001600	143.5693844438375800	-0.8041357590819641	0.5944051021678647	-0.0069466166213424	-0.5935235156030454	-0.8034841295108773	-0.0462935206087083	-0.0330986010561747	-0.0331032950166142	0.9989037263255991
DSC00073.JPG	2693763.4058033209000000	1256229.7721289548000000	583.7692673917996400	1.9318649958978693	-1.9276566974324849	143.5752340077677900	-0.8041818701485592	0.5943416859339253	-0.0070342082414996	-0.5934307296961302	-0.8035065734542221	-0.0470866803690119	-0.0336376095566416	-0.0336919393486518	0.9988660392896744
DSC00074.JPG	2693761.5053808708000000	1256231.2146448183000000	583.7393895094456900	1.9556314542759465	-1.9806354710896112	143.5696367187363500	-0.8040985246947110	0.5944484165339604	-0.0075261320780869	-0.5934905641142088	-0.8034101791046638	-0.0479690985782517	-0.0345617258132246	-0.0341051930250853	0.9988204658083121
DSC00075.JPG	2693760.6545380782000000	1256231.9138962454000000	583.7606849262090200	1.9592925748141388	-1.9822936537797051	143.5777754652158400	-0.8041820154888095	0.5943355636339605	-0.0075182287979804	-0.5933757434782789	-0.8034909573046347	-0.0480365338183495	-0.0345906492560755	-0.0341689819804952	0.9988172844191573
DSC00076.JPG	2693759.0474974830000000	1256233.1653608182000000	583.7269980588981800	1.9647797603533648	-1.9984981648410614	143.5710413375437900	-0.8041043653814186	0.5944385098561079	-0.0076829404914950	-0.5934644239325102	-0.8034107390752322	-0.0482821070899260	-0.0348733006897920	-0.0342643012279296	0.9988041902997612
DSC00077.JPG	2693757.6299912427000000	1256234.4090656689000000	583.7928381507825900	1.8555312696115964	-1.9717162594072166	143.5744525674491600	-0.8041527255006886	0.5943627696628020	-0.0084434654365005	-0.5934261630527100	-0.8035457106552222	-0.0464723562145545	-0.0344061487870050	-0.0323602986135220	0.9988838911501627
DSC00078.JPG	2693757.0057833530000000	1256234.9216295201000000	583.8255192281928900	1.8788376717349133	-1.9824679068294666	143.5723087919229500	-0.8041253123410674	0.5944011666386257	-0.0083507575118656	-0.5934524064765056	-0.8035008499841362	-0.0469108230797035	-0.0345936887253498	-0.0327664031198247	0.9988641747139413
DSC00079.JPG	2693755.6630476844000000	1256236.1293289666000000	583.8157943799393500	1.8603336062894167	-2.0002176544507582	143.5878081587496000	-0.8042771575325148	0.5941891423824747	-0.0088043708575682	-0.5932284669475701	-0.8036707565004007	-0.0468326931652406	-0.0349032931749282	-0.0324434619122591	0.9988639456425951
DSC00080.JPG	2693754.6450445168000000	1256237.0563684297000000	583.7868822035808300	1.7960590889660253	-1.9408170531288307	143.5716326504884500	-0.8041383303777878	0.5943796430513919	-0.0086247054050860	-0.5934766721602600	-0.8035742933771444	-0.0453188109399012	-0.0338671702214504	-0.0313240315017456	0.9989353431687504
DSC00081.JPG	2693753.7708045151000000	1256237.6860488027000000	583.7529990582160100	1.7595687891578444	-1.8915306143885131	143.5640047560653200	-0.8040824531261533	0.5944597715010407	-0.0083059401369418	-0.5936008064664700	-0.8035395342554418	-0.0442978492807962	-0.0330074406306418	-0.0306887105541642	0.9989838396628534
DSC00082.JPG	2693753.5578424949000000	1256237.7726187422000000	583.7256218738753000	1.6761764461554003	-1.8628335731444936	143.5451089305193200	-0.8038998394944670	0.5947002669036047	-0.0087544620366918	-0.5938757047242597	-0.8034157688173146	-0.0428339789646879	-0.0325068515706343	-0.0292351665030997	0.9990438477066463
DSC00083.JPG	2693755.5556239374000000	1256239.9228308224000000	583.7385260258611200	1.6475388600146836	-1.9293502632695818	143.5872404158743300	-0.8043054062011800	0.5941317090067617	-0.0100162821575581	-0.5932616088129877	-0.8038543577265696	-0.0431142096370760	-0.0336671511147241	-0.0287347162280732	0.9990199392500185
DSC00084.JPG	2693755.9592619874000000	1256239.6093784508000000	583.7927404612537400	1.6009393887125152	-1.7960810570576777	143.5544003401099100	-0.8040260546897580	0.5945317851476586	-0.0086058020637619	-0.5937674272808436	-0.8035870766805502	-0.0410859159846230	-0.0313423942976749	-0.0279243019813433	0.9991185553669518
DSC00085.JPG	2693757.5623965245000000	1256238.0193791799000000	583.7877981195833900	1.4652628860263486	-1.7852573381117438	143.5473117341520900	-0.8039573360183040	0.5946052827550324	-0.0098569560291275	-0.5938704037931344	-0.8036114252040939	-0.0390719948303687	-0.0311535770166562	-0.0255584624195549	0.9991877799682178
DSC00086.JPG	2693759.2769322656000000	1256236.3943338462000000	583.8056168123371200	1.4208728828780759	-1.7347663593014848	143.5495851855610900	-0.8040026703949551	0.5945480109351786	-0.0096108631664542	-0.5938545832635324	-0.8036780240208007	-0.0379258176301745	-0.0302727589538611	-0.0247850035110548	0.9992343387145374
DSC00087.JPG	2693761.3113538064000000	1256234.8431335385000000	583.7622134595573000	1.3773410532254700	-1.6202017388372569	143.5218074458956900	-0.8037617329702869	0.5948914852361693	-0.0084378555395241	-0.5942791033281922	-0.8034468332802860	-0.0361321662694111	-0.0282740863697177	-0.0240272113526311	0.9993113974905790
DSC00088.JPG	2693763.1909061894000000	1256233.5804094011000000	583.7384876234402800	1.4025029024712217	-1.6635525226511219	143.5110178450317400	-0.8036323785713079	0.5950613026422662	-0.0087775970237866	-0.5944175608020904	-0.8033078387433136	-0.0369361560485102	-0.0290303896273626	-0.0244655331279623	0.9992790772185958
DSC00089.JPG	2693765.4739728700000000	1256231.9153506304000000	583.8461364097429400	1.6034882278279605	-1.8715762076076445	143.5284727427581700	-0.8037233720154459	0.5949253810391555	-0.0096193696018589	-0.5941061416877110	-0.8032942213839543	-0.0419080696297002	-0.0326593583075949	-0.0279675684778121	0.9990751630524977
DSC00090.JPG	2693767.1845568139000000	1256230.6744555044000000	583.8558953733232800	1.6284868026605934	-1.8015529063728497	143.5622287534392000	-0.8041047628234441	0.5944282381929732	-0.0084023832006896	-0.5936557858334487	-0.8036468436530149	-0.0415278055405926	-0.0314378490219125	-0.0284045828229171	0.9991020174754585
DSC00091.JPG	2693768.3300965596000000	1256229.7831448333000000	583.8580826067839100	1.7020586783323011	-1.7583853334908972	143.5493168297536200	-0.8039897826807610	0.5946016248855109	-0.0070240322075996	-0.5938508841627865	-0.8034721651026612	-0.0421142171281680	-0.0306847963007812	-0.0296881725397754	0.9990881120738192
DSC00092.JPG	2693769.4962189347000000	1256228.8374538424000000	583.8437013787863600	1.6658785318162137	-1.7402025873324145	143.5709058669645800	-0.8042212829338463	0.5942868512076298	-0.0071600668962516	-0.5935536515137275	-0.8037280613525470	-0.0414157719860046	-0.0303675954095750	-0.0290575614289276	0.9991163432117627
DSC00093.JPG	2693771.0960934181000000	1256227.4026763639000000	583.8124382152759600	1.7806326613073695	-1.6900301730843503	143.5686736347452100	-0.8042192444487081	0.5943094267408524	-0.0052642326419671	-0.5936005477407227	-0.8036364974085243	-0.0425061143233922	-0.0294923139184508	-0.0310593837659025	0.9990823379981344
DSC00094.JPG	2693771.9880250394000000	1256226.6189557784000000	583.6916536226278800	1.7872563302096507	-1.7608300877034111	143.5602058101152100	-0.8041015746343133	0.5944597847982609	-0.0061823885532856	-0.5936972981096186	-0.8035208543163027	-0.0433330693136093	-0.0307274451908681	-0.0311737218888614	0.9990415522768003
DSC00095.JPG	2693773.6286828928000000	1256225.2074120173000000	583.6382475395877200	1.8819310413077794	-1.7536069573784800	143.5690300503305500	-0.8041961119400486	0.5943421117816489	-0.0051056540657560	-0.5935757454527524	-0.8035421577757215	-0.0445851442449935	-0.0306014370695132	-0.0328246072340048	0.9989925411179074
DSC00096.JPG	2693775.2563643511000000	1256223.8686342863000000	583.6887947522730000	1.7886007476292995	-1.7122800335392141	143.5896275357487500	-0.8044270012767616	0.5940259641554765	-0.0055094034190108	-0.5932995506198932	-0.8038406812708038	-0.0428462643450155	-0.0298804760857420	-0.0311979653702892	0.9990664863289347
DSC00097.JPG	2693776.8511371594000000	1256222.3975850407000000	583.8181977702869300	1.8019982881803027	-1.6290474759573583	143.5585500471488300	-0.8041391454052596	0.5944264174404882	-0.0041796023454091	-0.5937609453675954	-0.8035354419483832	-0.0421750315826269	-0.0284284115468875	-0.0314329092144225	0.9991014951621474
DSC00098.JPG	2693777.8257702366000000	1256221.7088037531000000	583.8883582172178400	1.7925236559752995	-1.6498722625546594	143.5886358845531600	-0.8044424479917217	0.5940128444893046	-0.0045922163289241	-0.5933324401266342	-0.8038476797532965	-0.0422554522945331	-0.0287917238535889	-0.0312673685647816	0.9990962858006094
DSC00099.JPG	2693780.0141608343000000	1256220.0395409972000000	583.9064032325895800	1.8656161936778313	-1.6786143668771578	143.5901160554594200	-0.8044460508007694	0.5940105918621393	-0.0042388803518118	-0.5933030105498603	-0.8037987762318929	-0.0435782629367415	-0.0292931565987579	-0.0325414210461285	0.9990410236285494
DSC00100.JPG	2693781.2151847500000000	1256219.0686884203000000	583.9079011304988900	1.9306052605190054	-1.7212222422236743	143.5915629394159200	-0.8044432789898334	0.5940148743837179	-0.0041641204330320	-0.5932696022353957	-0.8037489666348955	-0.0449308101061330	-0.0300364770161464	-0.0336738421364819	0.9989814224520025
DSC00101.JPG	2693782.6238985080000000	1256218.0483516331000000	583.8616606455162800	1.9149603940259923	-1.7267018951272186	143.5859655946760800	-0.8043830019791853	0.5940948041822074	-0.0043988374212413	-0.5933464792019000	-0.8037012746980565	-0.0447684785024979	-0.0301320717121183	-0.0334009684354046	0.9989877044097755
DSC00102.JPG	2693783.9367772005000000	1256216.9703104077000000	583.7608788441614300	1.8789179421861606	-1.6671148293933256	143.6107182196436400	-0.8046640527149811	0.5937172036229241	-0.0039552990376315	-0.5930171890754425	-0.8040060799593937	-0.0436444366373280	-0.0290925373483259	-0.0327735489458055	0.9990392979058098
DSC00103.JPG	2693786.1641263999000000	1256215.1901879059000000	583.6618400786982200	1.9705156993335291	-1.6799890028424880	143.6164789825595600	-0.8047183901151988	0.5936481515560926	-0.0031913577733053	-0.5929323890774589	-0.8039903891707869	-0.0450625798629358	-0.0293171382181239	-0.0343704273328125	0.9989790684151796
DSC00104.JPG	2693787.1430211496000000	1256214.4761123611000000	583.7238930733994900	1.9524152412124600	-1.6731977008119732	143.6337524598133100	-0.8048999027842471	0.5934014458269779	-0.0032970575309089	-0.5926918127042751	-0.8041859139641245	-0.0447373550291728	-0.0291986583806726	-0.0340549537092207	0.9989933425587140
DSC00105.JPG	2693788.4459535759000000	1256213.2831384549000000	583.7642037206096600	1.9732717200672476	-1.6611906472596267	143.6531566041424000	-0.8051054921004155	0.5931244180372332	-0.0029276812910048	-0.5924227998425129	-0.8043747698076319	-0.0449049654679412	-0.0289891844746771	-0.0344188091733553	0.9989869732677105
DSC00106.JPG	2693789.3485443648000000	1256212.5302070654000000	583.7264388931436100	2.0298046478384042	-1.6740265700859278	143.6494284299080800	-0.8050616912419756	0.5931857418104256	-0.0025197236803503	-0.5924713216603803	-0.8042867740860398	-0.0458314088837981	-0.0292131187074103	-0.0354042475288769	0.9989460110297757
DSC00107.JPG	2693790.1377036795000000	1256211.9484921061000000	583.8007291206753300	2.0816300011958759	-1.6907754963779673	143.6446328282442000	-0.8050051872551540	0.5932636384710341	-0.0022144435880326	-0.5925336148983101	-0.8041890457935836	-0.0467321499735102	-0.0295053166028827	-0.0363074908760560	0.9989050016885734
DSC00108.JPG	2693791.0251395144000000	1256211.3135359692000000	583.8799064442685000	2.0508047258836641	-1.7260231024261614	143.6619860399142400	-0.8051698375293260	0.5930364870316613	-0.0030426603729500	-0.5922789076798619	-0.8043806772518596	-0.0466628501207274	-0.0301202299219224	-0.0357694158882297	0.9989060619680240
DSC00109.JPG	2693792.1779342219000000	1256210.4250335391000000	583.8193464774357200	2.0392270924470544	-1.7603062275257186	143.6961785875884900	-0.8055084815553867	0.5925728673639209	-0.0036719213548210	-0.5917875225052475	-0.8047312539073601	-0.0468522912117360	-0.0307183064220225	-0.0355669207099525	0.9988950794762053
DSC00110.JPG	2693792.2591331694000000	1256210.3887442059000000	583.7979752310941400	2.1008632618498675	-1.6317229435232086	143.7182720682825700	-0.8057901603770094	0.5921998526529418	-0.0012457758336493	-0.5915161762643769	-0.8049574889944270	-0.0463902374358851	-0.0284750883609708	-0.0366439003057865	0.9989226165790897
DSC00111.JPG	2693796.1317633670000000	1256210.8206750576000000	584.0184844506585500	1.9817887703023951	-1.3941725617434553	143.7114666653016000	-0.8058081319607076	0.5921760733462701	0.0008675380038141	-0.5916766694877748	-0.8050666446066881	-0.0422660209338818	-0.0243305004027983	-0.0345716053708942	0.9991060158222594
DSC00112.JPG	2693795.7212264910000000	1256211.3384008266000000	583.8942647162151600	1.8833198025471845	-1.4565276540528262	143.7923353065190200	-0.8066205926945917	0.5910685591665277	-0.0010852676310486	-0.5905227523678295	-0.8059519835031196	-0.0415244412763182	-0.0254184652752642	-0.0328535942050730	0.9991368990137730
DSC00113.JPG	2693793.6571630035000000	1256213.0465907636000000	583.8415485508627400	2.0113467061056611	-1.4464529741160941	143.8388018774393800	-0.8071028341861726	0.5904107874791563	0.0003421650049420	-0.5898710213974362	-0.8063399150225151	-0.0432217486576886	-0.0252426853602038	-0.0350862290610542	0.9990654449865040
DSC00114.JPG	2693792.0624044202000000	1256214.2421976700000000	583.8524418082624800	1.9728386690464785	-1.4475724163907566	143.8210828126136100	-0.8069199761821294	0.5906607730043421	-0.0000572026652670	-0.5901203033503228	-0.8061857583000220	-0.0426913420723905	-0.0252622170831464	-0.0344147402740567	0.9990883074282839
DSC00115.JPG	2693789.9910524767000000	1256215.7554325294000000	583.8555725810434800	2.0653464368809882	-1.4867417783955421	143.8096941150582200	-0.8067885353133976	0.5908401932553368	0.0003540068630782	-0.5902703479861601	-0.8059838149675114	-0.0443960166987331	-0.0259456272840185	-0.0360271570403785	0.9990139480409804
DSC00116.JPG	2693788.0243098699000000	1256217.2357557230000000	583.7876990031289800	2.0189990155192787	-1.4843741735454086	143.8309244680919500	-0.8070080632642214	0.5905404087927734	-0.0001068147702319	-0.5899719926408601	-0.8062391971370378	-0.0437196168692891	-0.0259043186728479	-0.0352190656135016	0.9990438347196821
DSC00117.JPG	2693786.5641574617000000	1256218.3206029786000000	583.7914345223082400	2.1245869767916554	-1.5268821835350002	143.8098090911080600	-0.8067748518303161	0.5908588481767578	0.0003999817579419	-0.5902578511834848	-0.8059233363441933	-0.0456425793760580	-0.0266459672451170	-0.0370593775862281	0.9989577543432422
DSC00118.JPG	2693784.9804084264000000	1256219.6226292572000000	583.8188709008222800	2.0391476358310694	-1.5454593657429736	143.8255892530239600	-0.8069303711288194	0.5906460923473532	-0.0007548143536138	-0.5900304998342015	-0.8061463964530052	-0.0446317908136861	-0.0269700837097253	-0.0355693840350867	0.9990032199668104
DSC00119.JPG	2693782.4550566487000000	1256221.6463563624000000	583.8394219155461500	2.0080789949117990	-1.6354016541866174	143.8342981194035700	-0.8069848716468228	0.5905674428102520	-0.0023478555578451	-0.5898821298547847	-0.8062277995879023	-0.0451199296279698	-0.0285392678803207	-0.0350261425824875	0.9989788183563486
DSC00120.JPG	2693780.6308197509000000	1256223.1807525819000000	583.8586239036210400	1.9916705217684914	-1.6338572408408056	143.8360812975241500	-0.8070038505321674	0.5905408978317563	-0.0024966406066432	-0.5898574680552404	-0.8062596200592475	-0.0448730703359937	-0.0285123237516222	-0.0347400784394691	0.9989895766945230
DSC00121.JPG	2693778.3984721862000000	1256224.9344781148000000	583.8433574596526800	1.9090888145127691	-1.7093147723173725	143.8382247837556100	-0.8069949008680815	0.5905419267198997	-0.0044116616897259	-0.5898046082473780	-0.8063196737431084	-0.0444871647215729	-0.0298287455833083	-0.0332988966897589	0.9990002149229854
DSC00122.JPG	2693777.2809609827000000	1256225.7471017605000000	583.8394449937382000	1.8871065381654162	-1.6923344203610451	143.8250140831408400	-0.8068659885242110	0.5907182177696646	-0.0043890497694509	-0.5899958535724698	-0.8062062579967156	-0.0440041172417565	-0.0295325131023685	-0.0329159043923058	0.9990217084267467
DSC00123.JPG	2693775.9937146548000000	1256226.7656716979000000	583.8256140904012500	1.9080677911430646	-1.7540109329783056	143.8244579334112200	-0.8068341324344409	0.5907565280560532	-0.0050405652382063	-0.5899845789655467	-0.8061632251389835	-0.0449338515638208	-0.0306084844709851	-0.0332803093836217	0.9989772478318612
DSC00124.JPG	2693774.0194616616000000	1256228.3588616536000000	583.8107184113602000	1.8458081865299940	-1.7822180692247094	143.8064785876027800	-0.8066366976027439	0.5910164522050110	-0.0060655835285109	-0.5902287636209349	-0.8060167999208212	-0.0443500263799465	-0.0311005574715779	-0.0321942769510422	0.9989976395650579
