<?xml version="1.0" encoding="UTF-8"?>
<document version="1.5.0">
  <chunk label="SonyA9" enabled="true">
    <sensors next_id="1">
      <sensor id="0" label="SonyA9" type="frame">
        <resolution width="6000" height="4000"/>
        <property name="pixel_width" value="0.006"/>
        <property name="pixel_height" value="0.006"/>
        <property name="focal_length" value="55"/>
        <property name="fixed" value="true"/>
        <property name="layer_index" value="0"/>
        <calibration type="frame" class="initial">
          <resolution width="6000" height="4000"/>
          <f>9227.77018581081</f>
          <cx>-37.8304617831239</cx>
          <cy>31.7622333680372</cy>
          <k1>-0.017282082281574</k1>
        </calibration>
      </sensor>
    </sensors>
    <cameras next_id="619" next_group_id="0">
      <camera id="0" sensor_id="0" label="DSC00008.JPG">
        <transform>9.8998366862173492e-001 -1.4074705355281755e-001 1.1072613894250486e-002 -2.2547461513479320e+001 -1.4086029262768748e-001 -9.8997681865553488e-001 1.0211585846893693e-002 1.0424791795057105e+001 9.5243804571792292e-003 -1.1668994852451126e-002 -9.9988655393301518e-001 6.2741099446311288e-001 0 0 0 1</transform>
        <rotation_covariance>9.3743050236428102e-009 -9.1217774980963457e-010 -7.4412063765966313e-011 -9.1217774980963478e-010 5.4858675462369662e-009 5.4672479587457874e-011 -7.4412063765966287e-011 5.4672479587457887e-011 1.7002408166961873e-010</rotation_covariance>
        <location_covariance>9.7086648226081413e-006 -4.1531646690539373e-006 2.1215416789641595e-006 -4.1531646690539373e-006 5.6769798616419321e-006 -9.7388700046807482e-007 2.1215416789641595e-006 -9.7388700046807482e-007 1.5135705823264618e-006</location_covariance>
      </camera>
      <camera id="1" sensor_id="0" label="DSC00009.JPG">
        <transform>9.9376579526454567e-001 -1.1103048735817307e-001 1.0088361573239845e-002 -2.2162663118829926e+001 -1.1110417449336414e-001 -9.9378367494574538e-001 7.0618568009549187e-003 1.0603254486368328e+001 9.2415676361720794e-003 -8.1386908244306909e-003 -9.9992417469490680e-001 5.5058412150144465e-001 0 0 0 1</transform>
        <rotation_covariance>9.4030225212383888e-009 -7.7474749847035369e-010 -7.5556500355596523e-011 -7.7474749847035390e-010 5.3549753059952705e-009 6.2204681146777290e-011 -7.5556500355596523e-011 6.2204681146777277e-011 1.7003902560677163e-010</rotation_covariance>
        <location_covariance>9.4206370197542504e-006 -4.1187749266692163e-006 2.0908587375247940e-006 -4.1187749266692163e-006 5.6896388062245299e-006 -1.0259874742868868e-006 2.0908587375247940e-006 -1.0259874742868868e-006 1.4783219419194220e-006</location_covariance>
      </camera>
      <camera id="2" sensor_id="0" label="DSC00010.JPG">
        <transform>9.9635864309935496e-001 -8.4530114334996492e-002 1.1140650417512485e-002 -2.0693040417997150e+001 -8.4583781855755075e-002 -9.9640649328703246e-001 4.4366634329057186e-003 1.0803361625446939e+001 1.0725584748200911e-002 -5.3628263025445686e-003 -9.9992809837800734e-001 5.3100944882568402e-001 0 0 0 1</transform>
        <rotation_covariance>9.1037814273941058e-009 -6.2957448055209501e-010 -6.3363690755521257e-011 -6.2957448055209480e-010 5.2116579342746951e-009 8.3994708752846611e-011 -6.3363690755521270e-011 8.3994708752846611e-011 1.6369279859017680e-010</rotation_covariance>
        <location_covariance>8.4986553442198299e-006 -3.8972255386988926e-006 1.8900533384526695e-006 -3.8972255386988926e-006 5.5852851873559633e-006 -1.0341511405410844e-006 1.8900533384526695e-006 -1.0341511405410844e-006 1.3146531414140291e-006</location_covariance>
      </camera>
      <camera id="3" sensor_id="0" label="DSC00011.JPG">
        <transform>9.9794062765169267e-001 -6.3114635386173318e-002 1.1447553547165219e-002 -1.9103567760464546e+001 -6.3133190710826209e-002 -9.9800430674124996e-001 1.2664740768891835e-003 1.0991306652924377e+001 1.1344774692133061e-002 -1.9865865164609671e-003 -9.9993367258093546e-001 4.8410674585897745e-001 0 0 0 1</transform>
        <rotation_covariance>1.0888884547606767e-008 -7.8720417655573453e-010 -1.0621336011899566e-010 -7.8720417655573495e-010 4.9841187910703967e-009 9.6937484410883460e-011 -1.0621336011899566e-010 9.6937484410883447e-011 1.5774031353821322e-010</rotation_covariance>
        <location_covariance>7.4976917394052866e-006 -3.7086396722667500e-006 1.7070325284036510e-006 -3.7086396722667500e-006 6.3391729146178750e-006 -1.0540429281106651e-006 1.7070325284036510e-006 -1.0540429281106651e-006 1.1587639239059451e-006</location_covariance>
      </camera>
      <camera id="4" sensor_id="0" label="DSC00012.JPG">
        <transform>9.9803174164566255e-001 -6.1775289412189821e-002 1.0791491359590960e-002 -1.7336085876472634e+001 -6.1760586557726080e-002 -9.9808956076808131e-001 -1.6907494859198303e-003 1.1201260982021333e+001 1.0875321409942894e-002 1.0209328179181072e-003 -9.9994034076059346e-001 4.6536945143339620e-001 0 0 0 1</transform>
        <rotation_covariance>1.1325776727601543e-008 -6.8222981439463700e-010 -1.0647065517070078e-010 -6.8222981439463700e-010 4.8518826264832180e-009 9.6960067400924065e-011 -1.0647065517070080e-010 9.6960067400924052e-011 1.5218300040048374e-010</rotation_covariance>
        <location_covariance>6.5288989856722116e-006 -3.3779826334207874e-006 1.5219620914446148e-006 -3.3779826334207874e-006 6.5440321558062570e-006 -1.0700878119001214e-006 1.5219620914446148e-006 -1.0700878119001214e-006 1.0052996436976208e-006</location_covariance>
      </camera>
      <camera id="5" sensor_id="0" label="DSC00013.JPG">
        <transform>9.9802906264043822e-001 -6.1882314271898914e-002 1.0419659562700060e-002 -1.6213304113863668e+001 -6.1875406856630774e-002 -9.9808339590444017e-001 -9.8429984607544332e-004 1.1337007704660744e+001 1.0460599952920471e-002 3.3763917798615249e-004 -9.9994522942429720e-001 4.5175515263610949e-001 0 0 0 1</transform>
        <rotation_covariance>1.0857739208227067e-008 -7.9940495521838271e-010 -9.1706096953056222e-011 -7.9940495521838261e-010 4.7153073803569138e-009 9.0156666996046048e-011 -9.1706096953056222e-011 9.0156666996046048e-011 1.4696213996644087e-010</rotation_covariance>
        <location_covariance>5.9253220560276465e-006 -3.2514817111694447e-006 1.4120991135335520e-006 -3.2514817111694447e-006 6.3869147931375645e-006 -1.0729108528408084e-006 1.4120991135335520e-006 -1.0729108528408084e-006 9.1727279220189070e-007</location_covariance>
      </camera>
      <camera id="6" sensor_id="0" label="DSC00014.JPG">
        <transform>9.9802372368089554e-001 -6.2114409598119265e-002 9.5103675216571103e-003 -1.4654215638569246e+001 -6.2090660537716440e-002 -9.9806666215695805e-001 -2.7726818891895349e-003 1.1568284791698451e+001 9.6642042667766607e-003 2.1766973022553844e-003 -9.9995093136850688e-001 4.2949670250792077e-001 0 0 0 1</transform>
        <rotation_covariance>1.0482497038765860e-008 -8.6711812271271690e-010 -8.8963646258629722e-011 -8.6711812271271680e-010 4.6140969288724765e-009 8.8257759779690616e-011 -8.8963646258629696e-011 8.8257759779690616e-011 1.4256393078291937e-010</rotation_covariance>
        <location_covariance>5.1830755484953078e-006 -3.0358206537666441e-006 1.2602411111849221e-006 -3.0358206537666441e-006 6.2933064279427698e-006 -1.0968099490719889e-006 1.2602411111849221e-006 -1.0968099490719889e-006 8.1145917385242442e-007</location_covariance>
      </camera>
      <camera id="7" sensor_id="0" label="DSC00015.JPG">
        <transform>9.9803424729933132e-001 -6.2115446145108985e-002 8.3254169775743587e-003 -1.3108064571871891e+001 -6.2096898982165180e-002 -9.9806707319157739e-001 -2.4683086511410445e-003 1.1770402316263358e+001 8.4626446489965649e-003 1.9464739897031430e-003 -9.9996229673150794e-001 4.3076597301519709e-001 0 0 0 1</transform>
        <rotation_covariance>1.0169366377650408e-008 -9.2432028189762985e-010 -1.0257906450993119e-010 -9.2432028189762985e-010 4.4278080591862527e-009 8.2425442367903427e-011 -1.0257906450993119e-010 8.2425442367903440e-011 1.3814738844267028e-010</rotation_covariance>
        <location_covariance>4.4796661310660607e-006 -2.8039574400871592e-006 1.1048260271606869e-006 -2.8039574400871592e-006 6.2271048938771567e-006 -1.1077641919066908e-006 1.1048260271606869e-006 -1.1077641919066908e-006 7.1757703069874132e-007</location_covariance>
      </camera>
      <camera id="8" sensor_id="0" label="DSC00016.JPG">
        <transform>9.9801491279053700e-001 -6.2506733129539999e-002 7.6903940840705991e-003 -1.1646370614587735e+001 -6.2476811525670480e-002 -9.9803811053519853e-001 -4.0716017630342896e-003 1.1938900632897237e+001 7.9298089057486375e-003 3.5830479767038547e-003 -9.9996213923223864e-001 4.3904572032575534e-001 0 0 0 1</transform>
        <rotation_covariance>1.0112969513794267e-008 -8.8295954280773786e-010 -1.0616148445444666e-010 -8.8295954280773776e-010 4.3880264148699797e-009 8.1736152065360835e-011 -1.0616148445444667e-010 8.1736152065360848e-011 1.3531609774384441e-010</rotation_covariance>
        <location_covariance>3.9319682493328417e-006 -2.5355653413126554e-006 9.6205789258853078e-007 -2.5355653413126554e-006 6.2503366272554398e-006 -1.1211289114635006e-006 9.6205789258853078e-007 -1.1211289114635006e-006 6.4098994827497871e-007</location_covariance>
      </camera>
      <camera id="9" sensor_id="0" label="DSC00017.JPG">
        <transform>9.9800481993037593e-001 -6.2686716325057526e-002 7.5335909180084754e-003 -1.0721423523158260e+001 -6.2642963513485736e-002 -9.9801850256928570e-001 -5.9099620649220828e-003 1.2021662468244999e+001 7.8891392424160107e-003 5.4262441653955829e-003 -9.9995415762737405e-001 4.2256072207479561e-001 0 0 0 1</transform>
        <rotation_covariance>1.0153900555907535e-008 -9.0633374290944084e-010 -1.0576282040396098e-010 -9.0633374290944084e-010 4.4023627921302675e-009 8.1763349753647951e-011 -1.0576282040396096e-010 8.1763349753647938e-011 1.3383542641607897e-010</rotation_covariance>
        <location_covariance>3.6238620332242816e-006 -2.3768205652937436e-006 8.7389240011564188e-007 -2.3768205652937436e-006 6.2771407934833692e-006 -1.1352679531922219e-006 8.7389240011564188e-007 -1.1352679531922219e-006 5.9855623928338519e-007</location_covariance>
      </camera>
      <camera id="10" sensor_id="0" label="DSC00018.JPG">
        <transform>9.9799191338117010e-001 -6.3025850829873470e-002 6.3152951602698541e-003 -9.0626528814704077e+000 -6.2985257718711940e-002 -9.9799372487647431e-001 -6.4329167014364128e-003 1.2122897611448531e+001 6.7080649891178160e-003 6.0222283542488812e-003 -9.9995936648933448e-001 4.0726128871521405e-001 0 0 0 1</transform>
        <rotation_covariance>9.9573579827910974e-009 -8.0214668013092632e-010 -1.0840613910086085e-010 -8.0214668013092621e-010 4.2704152392055961e-009 8.1514542199094473e-011 -1.0840613910086086e-010 8.1514542199094473e-011 1.3139731206456414e-010</rotation_covariance>
        <location_covariance>3.0740103288320789e-006 -2.0282856850267575e-006 7.1840087052358056e-007 -2.0282856850267575e-006 6.2058033780421739e-006 -1.1204947242458050e-006 7.1840087052358056e-007 -1.1204947242458050e-006 5.2807419029599963e-007</location_covariance>
      </camera>
      <camera id="11" sensor_id="0" label="DSC00019.JPG">
        <transform>9.9798395654755434e-001 -6.3205097360253967e-002 5.7565737525730881e-003 -8.3028765226547954e+000 -6.3165627513552078e-002 -9.9797990385082813e-001 -6.7981623039568700e-003 1.2174338660120757e+001 6.1746234303954942e-003 6.4208393199459961e-003 -9.9996032263681356e-001 4.1360984498403058e-001 0 0 0 1</transform>
        <rotation_covariance>9.0512513290300642e-009 -6.8790480637021721e-010 -1.0460685958906735e-010 -6.8790480637021721e-010 4.3261035273596788e-009 8.0452888435843769e-011 -1.0460685958906735e-010 8.0452888435843769e-011 1.3178341440426803e-010</rotation_covariance>
        <location_covariance>2.8983057829361419e-006 -1.8712935213512901e-006 6.4647908684823459e-007 -1.8712935213512901e-006 5.8658269054627522e-006 -1.1123089698276977e-006 6.4647908684823459e-007 -1.1123089698276977e-006 5.0102711284148947e-007</location_covariance>
      </camera>
      <camera id="12" sensor_id="0" label="DSC00020.JPG">
        <transform>9.9796829441925272e-001 -6.3519573370981519e-002 4.9545063020257048e-003 -6.7740480392610261e+000 -6.3482493080288804e-002 -9.9795615554874639e-001 -7.3133217266487709e-003 1.2324743444265035e+001 5.4089191378130690e-003 6.9839387980483421e-003 -9.9996098333516281e-001 4.2282391668858643e-001 0 0 0 1</transform>
        <rotation_covariance>1.0122825209242345e-008 -5.6827417706871898e-010 -1.3939514689986072e-010 -5.6827417706871908e-010 4.3154463788759993e-009 6.8718314808222763e-011 -1.3939514689986072e-010 6.8718314808222763e-011 1.3158293116272671e-010</rotation_covariance>
        <location_covariance>2.5408946116457505e-006 -1.5090318502849372e-006 5.0435904010440460e-007 -1.5090318502849372e-006 6.3117739899149987e-006 -1.1350961465940368e-006 5.0435904010440460e-007 -1.1350961465940368e-006 4.5927400480227898e-007</location_covariance>
      </camera>
      <camera id="13" sensor_id="0" label="DSC00021.JPG">
        <transform>9.9794426224526722e-001 -6.3895706316185394e-002 4.9586455917156073e-003 -6.1159676787424440e+000 -6.3862785573302536e-002 -9.9793728823748595e-001 -6.5355461922645113e-003 1.2371577284629353e+001 5.3660106752442338e-003 6.2054379030515409e-003 -9.9996634866872625e-001 4.2312427727039348e-001 0 0 0 1</transform>
        <rotation_covariance>9.9893781532800192e-009 -5.9128108793997053e-010 -1.2707782422165279e-010 -5.9128108793997042e-010 4.2455643354969419e-009 6.6319946495771920e-011 -1.2707782422165276e-010 6.6319946495771907e-011 1.2899500143844876e-010</rotation_covariance>
        <location_covariance>2.3751215500682179e-006 -1.3937423854752317e-006 4.4656778971885752e-007 -1.3937423854752317e-006 6.2695677744324978e-006 -1.1316573983136977e-006 4.4656778971885752e-007 -1.1316573983136977e-006 4.4279848161983268e-007</location_covariance>
      </camera>
      <camera id="14" sensor_id="0" label="DSC00022.JPG">
        <transform>9.9791812133282420e-001 -6.4315145427810749e-002 4.7942866170228469e-003 -4.9558319259144890e+000 -6.4285063144480542e-002 -9.9791240965619887e-001 -6.1849260843512346e-003 1.2474231863561981e+001 5.1820625311510453e-003 5.8638488007701130e-003 -9.9996938028379900e-001 4.1849453842121243e-001 0 0 0 1</transform>
        <rotation_covariance>1.0104536308574762e-008 -4.7441081583301237e-010 -1.5137535935818822e-010 -4.7441081583301237e-010 4.0107324603642929e-009 6.1035684997198702e-011 -1.5137535935818822e-010 6.1035684997198689e-011 1.2635944416607735e-010</rotation_covariance>
        <location_covariance>2.0772168721239014e-006 -1.1175122186300379e-006 3.5380242134957140e-007 -1.1175122186300379e-006 6.3296838784496871e-006 -1.1422676011664254e-006 3.5380242134957140e-007 -1.1422676011664254e-006 4.2029045158822971e-007</location_covariance>
      </camera>
      <camera id="15" sensor_id="0" label="DSC00023.JPG">
        <transform>9.9789959757015145e-001 -6.4680045274400425e-002 3.5895560493798616e-003 -3.1611182627959251e+000 -6.4653311519946785e-002 -9.9788237355285214e-001 -7.1216474239287203e-003 1.2630679723206889e+001 4.0425831883642016e-003 6.8746124128961084e-003 -9.9996819810698856e-001 4.0993071119099161e-001 0 0 0 1</transform>
        <rotation_covariance>1.0332581731532937e-008 -3.7661212051305918e-010 -1.7111643049331469e-010 -3.7661212051305928e-010 3.9379728271678330e-009 4.7452753945546922e-011 -1.7111643049331467e-010 4.7452753945546928e-011 1.2829949184377394e-010</rotation_covariance>
        <location_covariance>1.7987783672789398e-006 -7.2328782899639389e-007 2.1579781825648641e-007 -7.2328782899639389e-007 6.4452855785142972e-006 -1.1585552564668476e-006 2.1579781825648641e-007 -1.1585552564668476e-006 3.9884251356933214e-007</location_covariance>
      </camera>
      <camera id="16" sensor_id="0" label="DSC00024.JPG">
        <transform>9.9786713678639560e-001 -6.5221849335012169e-002 2.6995723811894762e-003 -2.3627665354246914e+000 -6.5198024422010933e-002 -9.9783921031386802e-001 -8.1319107018645569e-003 1.2690299402616175e+001 3.2241174276340183e-003 7.9385596626344573e-003 -9.9996329149489060e-001 4.0592468231018364e-001 0 0 0 1</transform>
        <rotation_covariance>1.0256491614472238e-008 -5.0447405215330909e-010 -1.6590298817875488e-010 -5.0447405215330899e-010 3.9917069003623154e-009 5.0471549099078870e-011 -1.6590298817875485e-010 5.0471549099078857e-011 1.3124676409807137e-010</rotation_covariance>
        <location_covariance>1.7284403270537789e-006 -6.1640158477692876e-007 1.5097263592380188e-007 -6.1640158477692876e-007 6.4344574011971197e-006 -1.1537017307572354e-006 1.5097263592380188e-007 -1.1537017307572354e-006 3.9410374782536278e-007</location_covariance>
      </camera>
      <camera id="17" sensor_id="0" label="DSC00025.JPG">
        <transform>9.9785139651714971e-001 -6.5496000962745785e-002 1.6924321734097432e-003 -7.8575035587973230e-001 -6.5478516110749910e-002 -9.9781446759288306e-001 -8.8798755771421350e-003 1.2833897538089190e+001 2.2703296473974731e-003 8.7499782982168525e-003 -9.9995914090680371e-001 3.7592550772660760e-001 0 0 0 1</transform>
        <rotation_covariance>1.0143070561577144e-008 -4.1822041322143773e-010 -1.9358853851971062e-010 -4.1822041322143788e-010 3.6108017796929721e-009 5.7063984653134956e-011 -1.9358853851971065e-010 5.7063984653134956e-011 1.2814860709794516e-010</rotation_covariance>
        <location_covariance>1.4678709774361451e-006 -2.5896373749128513e-007 5.8272137784818431e-008 -2.5896373749128513e-007 6.4042547158873331e-006 -1.1563918391857827e-006 5.8272137784818431e-008 -1.1563918391857827e-006 3.9024019519414090e-007</location_covariance>
      </camera>
      <camera id="18" sensor_id="0" label="DSC00026.JPG">
        <transform>9.9781943151318098e-001 -6.5991289882091408e-002 1.2376406628757620e-003 7.2118525959355384e-001 -6.5976622054778694e-002 -9.9777590113158432e-001 -9.5045496103616511e-003 1.2988828635015613e+001 1.8621055162140496e-003 9.4021689387457086e-003 -9.9995406483612725e-001 3.6811743526851021e-001 0 0 0 1</transform>
        <rotation_covariance>9.9832634290447899e-009 -1.2586078066288122e-010 -1.9824453193603488e-010 -1.2586078066288112e-010 3.5086695891821927e-009 4.6699929603473967e-011 -1.9824453193603486e-010 4.6699929603473980e-011 1.2784540715354036e-010</rotation_covariance>
        <location_covariance>1.3974860698233448e-006 1.5796921518682486e-007 -4.9460979483312651e-008 1.5796921518682486e-007 6.3566641626766471e-006 -1.1864718334225248e-006 -4.9460979483312651e-008 -1.1864718334225248e-006 4.0291559321859063e-007</location_covariance>
      </camera>
      <camera id="19" sensor_id="0" label="DSC00027.JPG">
        <transform>9.9781862070499305e-001 -6.5999389080571277e-002 1.4425031630902795e-003 1.4298385787660246e+000 -6.5982365491944403e-002 -9.9777352138715225e-001 -9.7122326356796004e-003 1.3072154289615421e+001 2.0802928812119342e-003 9.5958668015695345e-003 -9.9995179469905193e-001 3.6155671700408237e-001 0 0 0 1</transform>
        <rotation_covariance>9.8697719962066144e-009 -1.8110248027966230e-011 -1.9953551727541625e-010 -1.8110248027966298e-011 3.5029082063749082e-009 4.8157510211760539e-011 -1.9953551727541625e-010 4.8157510211760546e-011 1.2782683272016445e-010</rotation_covariance>
        <location_covariance>1.4010462405295229e-006 3.4077600835248110e-007 -9.6331855926509515e-008 3.4077600835248110e-007 6.3243893522731566e-006 -1.2095872844322825e-006 -9.6331855926509515e-008 -1.2095872844322825e-006 4.1456913045266797e-007</location_covariance>
      </camera>
      <camera id="20" sensor_id="0" label="DSC00028.JPG">
        <transform>9.9777072923672883e-001 -6.6731405710780109e-002 7.0097808117796018e-004 2.7085771307708923e+000 -6.6721073732893391e-002 -9.9772142469298719e-001 -1.0012843178924979e-002 1.3224494780233529e+001 1.3675519503226906e-003 9.9437518301295630e-003 -9.9994962453175806e-001 3.5656568237722230e-001 0 0 0 1</transform>
        <rotation_covariance>9.9620093822288697e-009 5.5002354260950195e-011 -2.2076604952296415e-010 5.5002354260950150e-011 3.5959663013731641e-009 5.8000526759532360e-011 -2.2076604952296418e-010 5.8000526759532360e-011 1.3141224290359251e-010</rotation_covariance>
        <location_covariance>1.4751919505735265e-006 6.3249024492009203e-007 -1.8904974529524486e-007 6.3249024492009203e-007 6.3966947637402744e-006 -1.2493858933749834e-006 -1.8904974529524486e-007 -1.2493858933749834e-006 4.4185954498190918e-007</location_covariance>
      </camera>
      <camera id="21" sensor_id="0" label="DSC00029.JPG">
        <transform>9.9774039807283721e-001 -6.7185036662273948e-002 -5.1855775466582051e-004 3.6148556490089003e+000 -6.7186765694152509e-002 -9.9768467135074190e-001 -1.0546803654246440e-002 1.3318266383954951e+001 1.9123026714020421e-004 1.0557812294745518e-002 -9.9994424646103841e-001 3.4590653230622104e-001 0 0 0 1</transform>
        <rotation_covariance>9.9004212798970193e-009 -2.4567031470642699e-011 -2.1623987999648707e-010 -2.4567031470642624e-011 3.6388168426144466e-009 6.5819780610238229e-011 -2.1623987999648704e-010 6.5819780610238229e-011 1.3198119980311446e-010</rotation_covariance>
        <location_covariance>1.5357955179949697e-006 7.8550292403912779e-007 -2.5371177344108948e-007 7.8550292403912779e-007 6.3962705569345996e-006 -1.2763239231481154e-006 -2.5371177344108948e-007 -1.2763239231481154e-006 4.6523104179344579e-007</location_covariance>
      </camera>
      <camera id="22" sensor_id="0" label="DSC00030.JPG">
        <transform>9.9772062150628038e-001 -6.7465797499131008e-002 -1.3883763634561076e-003 4.4695869871913274e+000 -6.7476636504320869e-002 -9.9766639862313411e-001 -1.0424038776284410e-002 1.3414744082109870e+001 -6.8187035725884491e-004 1.0493961413688172e-002 -9.9994470438452943e-001 3.5783060200372480e-001 0 0 0 1</transform>
        <rotation_covariance>9.8586481951663051e-009 1.5536174191930514e-011 -2.1626328613391952e-010 1.5536174191930469e-011 3.6033583358877244e-009 7.0519297232804665e-011 -2.1626328613391952e-010 7.0519297232804665e-011 1.3302861561892105e-010</rotation_covariance>
        <location_covariance>1.5934396403206512e-006 9.7788679823216406e-007 -3.1697652350861720e-007 9.7788679823216406e-007 6.4126002084352633e-006 -1.2965044361318629e-006 -3.1697652350861720e-007 -1.2965044361318629e-006 4.8968761542971847e-007</location_covariance>
      </camera>
      <camera id="23" sensor_id="0" label="DSC00031.JPG">
        <transform>9.9789693379161148e-001 -6.4797026524286747e-002 -1.7478223343019676e-003 5.3583769750236092e+000 -6.4812056595008813e-002 -9.9784034424179180e-001 -1.0679172409313096e-002 1.3485586962786746e+001 -1.0520690218696759e-003 1.0769993362734308e-002 -9.9994144848272981e-001 3.7159906760565065e-001 0 0 0 1</transform>
        <rotation_covariance>9.9178702470755500e-009 3.7114295487168907e-011 -2.1342361211371533e-010 3.7114295487168758e-011 3.6584920372060629e-009 7.9804726478195852e-011 -2.1342361211371535e-010 7.9804726478195865e-011 1.3581289079938033e-010</rotation_covariance>
        <location_covariance>1.7080190080937446e-006 1.1626616644810681e-006 -3.8185705538367190e-007 1.1626616644810681e-006 6.4617677176127489e-006 -1.3087259581276955e-006 -3.8185705538367190e-007 -1.3087259581276955e-006 5.1582370403751394e-007</location_covariance>
      </camera>
      <camera id="24" sensor_id="0" label="DSC00032.JPG">
        <transform>9.9786437912618220e-001 -6.5287016263262734e-002 -2.0703571090279695e-003 6.2422350442459136e+000 -6.5305784478138965e-002 -9.9780586155699913e-001 -1.0891150361166191e-002 1.3554907450122426e+001 -1.3547637481492140e-003 1.1003097288269962e-002 -9.9993854634434987e-001 3.7299480589690193e-001 0 0 0 1</transform>
        <rotation_covariance>1.0026937170670559e-008 2.4607687677793967e-011 -2.0282666624071727e-010 2.4607687677793935e-011 3.7663053045000438e-009 8.9586904271470112e-011 -2.0282666624071727e-010 8.9586904271470099e-011 1.4001607469191119e-010</rotation_covariance>
        <location_covariance>1.8619072709614068e-006 1.3411648682125280e-006 -4.4577059587519519e-007 1.3411648682125280e-006 6.5258819319886207e-006 -1.3219190076410193e-006 -4.4577059587519519e-007 -1.3219190076410193e-006 5.4632158487324916e-007</location_covariance>
      </camera>
      <camera id="25" sensor_id="0" label="DSC00033.JPG">
        <transform>9.9781432426180605e-001 -6.6050458442341711e-002 -1.9776848868491999e-003 7.1204342634401341e+000 -6.6067424273771228e-002 -9.9776188085647266e-001 -1.0311380100814171e-002 1.3592152594931612e+001 -1.2921872096120623e-003 1.0419503313999819e-002 -9.9994488058237729e-001 3.6649142442457300e-001 0 0 0 1</transform>
        <rotation_covariance>9.9165110089355723e-009 5.9487416306146551e-011 -1.8525852902072430e-010 5.9487416306146512e-011 3.6762876799844237e-009 8.0763900492220276e-011 -1.8525852902072427e-010 8.0763900492220289e-011 1.4237946683335796e-010</rotation_covariance>
        <location_covariance>1.9629468075145153e-006 1.5354773425015298e-006 -5.1400879659166015e-007 1.5354773425015298e-006 6.4864825564669416e-006 -1.3320745063427140e-006 -5.1400879659166015e-007 -1.3320745063427140e-006 5.7691992236476361e-007</location_covariance>
      </camera>
      <camera id="26" sensor_id="0" label="DSC00034.JPG">
        <transform>9.9771790243673564e-001 -6.7419748584244446e-002 -3.6830229535940880e-003 7.4980651666814921e+000 -6.7451709053805917e-002 -9.9767844372662773e-001 -9.3802915165135115e-003 1.3649501547758819e+001 -3.0420557128609358e-003 9.6073109688052903e-003 -9.9994922144726350e-001 3.5325367554059756e-001 0 0 0 1</transform>
        <rotation_covariance>1.0211109762728239e-008 8.9915161990197080e-011 -1.9631537669591348e-010 8.9915161990197028e-011 3.7602567940446712e-009 7.6097577503167134e-011 -1.9631537669591351e-010 7.6097577503167121e-011 1.4757043461983587e-010</rotation_covariance>
        <location_covariance>2.0608294210026043e-006 1.6362339918656569e-006 -5.4758980722038012e-007 1.6362339918656569e-006 6.6113184537754905e-006 -1.3532304699110531e-006 -5.4758980722038012e-007 -1.3532304699110531e-006 5.9745492736114761e-007</location_covariance>
      </camera>
      <camera id="27" sensor_id="0" label="DSC00035.JPG">
        <transform>9.9761770928826676e-001 -6.8841300527494445e-002 -4.4476348898678693e-003 7.4591400155019345e+000 -6.8872893597208620e-002 -9.9759806844355781e-001 -7.3904238870382433e-003 1.1764271304163083e+001 -3.9281855834411884e-003 7.6791392333854860e-003 -9.9996279939738575e-001 2.8632065569889115e-001 0 0 0 1</transform>
        <rotation_covariance>9.4191896445891799e-009 8.9524358757773232e-011 -1.9437102906296379e-010 8.9524358757773128e-011 3.6224085888767771e-009 8.3156865836917724e-011 -1.9437102906296379e-010 8.3156865836917711e-011 1.2942752707726439e-010</rotation_covariance>
        <location_covariance>1.9866460494934753e-006 1.4399589197925174e-006 -4.6873949690042829e-007 1.4399589197925174e-006 5.5532973947029132e-006 -9.5617003170139418e-007 -4.6873949690042829e-007 -9.5617003170139418e-007 4.1753755670232938e-007</location_covariance>
      </camera>
      <camera id="28" sensor_id="0" label="DSC00036.JPG">
        <transform>9.9751800618135111e-001 -7.0316366395298271e-002 -3.6655096432902071e-003 7.0657080148639304e+000 -7.0337501462827676e-002 -9.9750522519709595e-001 -5.9967985173442137e-003 1.1753002122775769e+001 -3.2346919404479678e-003 6.2397372903894143e-003 -9.9997530091827636e-001 2.9844773074788938e-001 0 0 0 1</transform>
        <rotation_covariance>9.5031792686510443e-009 2.1670210239639251e-011 -1.9446877958007597e-010 2.1670210239639374e-011 3.6387644871530357e-009 8.0388964181124704e-011 -1.9446877958007592e-010 8.0388964181124691e-011 1.2827153752122154e-010</rotation_covariance>
        <location_covariance>1.9260296971573126e-006 1.3486885245550274e-006 -4.4021586107469393e-007 1.3486885245550274e-006 5.5905974293325775e-006 -9.4865281545410173e-007 -4.4021586107469393e-007 -9.4865281545410173e-007 4.0405684240141459e-007</location_covariance>
      </camera>
      <camera id="29" sensor_id="0" label="DSC00037.JPG">
        <transform>9.9742797295045738e-001 -7.1507640465262270e-002 -4.9087810128584375e-003 5.5800551955405675e+000 -7.1526703404134293e-002 -9.9743135415273365e-001 -3.8241931411716660e-003 1.1688916738527825e+001 -4.6227130646859932e-003 4.1654661365524686e-003 -9.9998063952047933e-001 3.0417224780477953e-001 0 0 0 1</transform>
        <rotation_covariance>9.8608551057514396e-009 -4.8476156326927977e-011 -2.1558175545587382e-010 -4.8476156326927952e-011 3.7598472053489357e-009 6.9514385081192190e-011 -2.1558175545587382e-010 6.9514385081192190e-011 1.2551638333608463e-010</rotation_covariance>
        <location_covariance>1.7618100735808402e-006 1.0633723221723052e-006 -3.4127901429431395e-007 1.0633723221723052e-006 5.7133029858783758e-006 -9.4351191959537468e-007 -3.4127901429431395e-007 -9.4351191959537468e-007 3.5920761486946510e-007</location_covariance>
      </camera>
      <camera id="30" sensor_id="0" label="DSC00038.JPG">
        <transform>9.9739656537671073e-001 -7.1999151917305687e-002 -4.0265988040647490e-003 4.2525714034018929e+000 -7.2007479508969074e-002 -9.9740216095372214e-001 -1.9627072147465016e-003 1.1604341255026764e+001 -3.8748250935441283e-003 2.2475426657027832e-003 -9.9998996709090049e-001 3.1789163724197017e-001 0 0 0 1</transform>
        <rotation_covariance>1.0194811215328452e-008 -7.7864992692496884e-011 -2.1990892085225865e-010 -7.7864992692496922e-011 3.8346775571191844e-009 6.1131762911127524e-011 -2.1990892085225868e-010 6.1131762911127537e-011 1.2397411988585863e-010</rotation_covariance>
        <location_covariance>1.6554579446858455e-006 8.2224180174652100e-007 -2.4490497800664188e-007 8.2224180174652100e-007 5.8243844826897312e-006 -9.2328701178043648e-007 -2.4490497800664188e-007 -9.2328701178043648e-007 3.2614727281280122e-007</location_covariance>
      </camera>
      <camera id="31" sensor_id="0" label="DSC00039.JPG">
        <transform>9.9739734585776874e-001 -7.2045236439828547e-002 -2.8316748060732786e-003 2.5947539658645433e+000 -7.2058642724997846e-002 -9.9738807416511266e-001 -4.9579755786858049e-003 1.1449432126529164e+001 -2.4670801586619820e-003 5.1491183261730697e-003 -9.9998369991513048e-001 3.3806429463379795e-001 0 0 0 1</transform>
        <rotation_covariance>1.0367703340728283e-008 -6.8024893695947273e-011 -2.0691190284889200e-010 -6.8024893695947169e-011 3.6671141587196072e-009 7.0259808978547973e-011 -2.0691190284889205e-010 7.0259808978547973e-011 1.2018477580080163e-010</rotation_covariance>
        <location_covariance>1.4889767055269679e-006 5.3612663229626553e-007 -1.4076870942290114e-007 5.3612663229626553e-007 5.8600370115227238e-006 -8.7982914521512041e-007 -1.4076870942290114e-007 -8.7982914521512041e-007 2.9040848816771039e-007</location_covariance>
      </camera>
      <camera id="32" sensor_id="0" label="DSC00040.JPG">
        <transform>9.9738504257189409e-001 -7.2243865453505071e-002 -1.9750337206635828e-003 7.1227344545411864e-001 -7.2257551702224185e-002 -9.9735335288365701e-001 -8.0706699677207117e-003 1.1253590530736659e+001 -1.3867501080944496e-003 8.1922766105233108e-003 -9.9996548116826234e-001 3.5911413211197690e-001 0 0 0 1</transform>
        <rotation_covariance>1.0871017020326338e-008 -3.3052518220763745e-010 -1.9772531702069394e-010 -3.3052518220763745e-010 3.5412877085723171e-009 9.0259487132298519e-011 -1.9772531702069394e-010 9.0259487132298506e-011 1.2026598247496929e-010</rotation_covariance>
        <location_covariance>1.3974303828886270e-006 1.1756314639360745e-007 -4.4455757239064762e-008 1.1756314639360745e-007 6.0423311253191661e-006 -8.1495797737016468e-007 -4.4455757239064762e-008 -8.1495797737016468e-007 2.6497317750865028e-007</location_covariance>
      </camera>
      <camera id="33" sensor_id="0" label="DSC00041.JPG">
        <transform>9.9738055522491531e-001 -7.2326233250239944e-002 -9.7161878846085926e-004 -5.1519416125989803e-001 -7.2331944794565575e-002 -9.9734308441036990e-001 -8.6522679712200869e-003 1.1099197750206848e+001 -3.4325132792457555e-004 8.6998829096585611e-003 -9.9996209638960021e-001 3.6752858100458413e-001 0 0 0 1</transform>
        <rotation_covariance>1.0574568337450961e-008 -5.7014225356053944e-010 -1.9149176501909022e-010 -5.7014225356053955e-010 3.5431030318866988e-009 9.9719830658352750e-011 -1.9149176501909028e-010 9.9719830658352750e-011 1.1808492689585305e-010</rotation_covariance>
        <location_covariance>1.4154783803490807e-006 -2.0049923480179686e-007 3.0693195263695129e-008 -2.0049923480179686e-007 5.9133128020623275e-006 -7.9301284119838651e-007 3.0693195263695129e-008 -7.9301284119838651e-007 2.5480542013159213e-007</location_covariance>
      </camera>
      <camera id="34" sensor_id="0" label="DSC00042.JPG">
        <transform>9.9733202241553465e-001 -7.2996641246063407e-002 5.7221616064882829e-004 -2.1306166601875498e+000 -7.2987614920367830e-002 -9.9728515454608380e-001 -9.7533886536822836e-003 1.0967658785164662e+001 1.2826272946927040e-003 9.6856021385970242e-003 -9.9995227085018201e-001 3.8878952453180710e-001 0 0 0 1</transform>
        <rotation_covariance>1.0634792442720784e-008 -6.1875055253754892e-010 -1.8610955665775579e-010 -6.1875055253754882e-010 3.8428264311999567e-009 1.1472123911617512e-010 -1.8610955665775579e-010 1.1472123911617512e-010 1.1982701908624475e-010</rotation_covariance>
        <location_covariance>1.6371671304727799e-006 -5.0946248045590797e-007 1.1749178986907519e-007 -5.0946248045590797e-007 5.9254896796621678e-006 -7.7379058896008279e-007 1.1749178986907519e-007 -7.7379058896008279e-007 2.5916981428872529e-007</location_covariance>
      </camera>
      <camera id="35" sensor_id="0" label="DSC00043.JPG">
        <transform>9.9732935801190570e-001 -7.3030730894310100e-002 8.1485741230447582e-004 -2.8103217187732610e+000 -7.3018596250495574e-002 -9.9727795616788928e-001 -1.0245132659205684e-002 1.0896468785545540e+001 1.5608488609222208e-003 1.0158271833361630e-002 -9.9994718523739690e-001 3.9095967335351783e-001 0 0 0 1</transform>
        <rotation_covariance>1.0447668119452148e-008 -5.4511563901744363e-010 -1.7597691912020786e-010 -5.4511563901744374e-010 3.9192919970282451e-009 1.1872759329405432e-010 -1.7597691912020783e-010 1.1872759329405432e-010 1.1949059016274973e-010</rotation_covariance>
        <location_covariance>1.7375131827862338e-006 -6.0626234378499001e-007 1.5929997560079694e-007 -6.0626234378499001e-007 5.8350284673215185e-006 -7.6365411703974585e-007 1.5929997560079694e-007 -7.6365411703974585e-007 2.6315679787420403e-007</location_covariance>
      </camera>
      <camera id="36" sensor_id="0" label="DSC00044.JPG">
        <transform>9.9727425692838478e-001 -7.3773049841391602e-002 1.2623727803029398e-003 -4.1967738383449573e+000 -7.3755516168737850e-002 -9.9721948023973583e-001 -1.0650449055051857e-002 1.0753358074614441e+001 2.0445788368140304e-003 1.0528311711321856e-002 -9.9994248552098697e-001 3.8361569643752869e-001 0 0 0 1</transform>
        <rotation_covariance>1.0229972200747749e-008 -6.7929167509155086e-010 -1.7088911879618738e-010 -6.7929167509155086e-010 3.9626757777220902e-009 1.3073186382279218e-010 -1.7088911879618738e-010 1.3073186382279218e-010 1.1977032938933057e-010</rotation_covariance>
        <location_covariance>1.9203644192024968e-006 -8.9838101002270672e-007 2.5700323912154339e-007 -8.9838101002270672e-007 5.7245693373677633e-006 -7.4795383250416100e-007 2.5700323912154339e-007 -7.4795383250416100e-007 2.7742684896721895e-007</location_covariance>
      </camera>
      <camera id="37" sensor_id="0" label="DSC00045.JPG">
        <transform>9.9725991124704405e-001 -7.3929009294453535e-002 2.6778730885456199e-003 -5.6252367182207683e+000 -7.3895673855128241e-002 -9.9720609433463547e-001 -1.0928623305732488e-002 1.0643560217609773e+001 3.4783336576974838e-003 1.0700794671550566e-002 -9.9993669509042571e-001 3.7704201586006775e-001 0 0 0 1</transform>
        <rotation_covariance>1.0172943480889299e-008 -8.6584794597247231e-010 -1.4759664690611745e-010 -8.6584794597247242e-010 4.0756882807419361e-009 1.3897067995322329e-010 -1.4759664690611745e-010 1.3897067995322329e-010 1.2010869027415681e-010</rotation_covariance>
        <location_covariance>2.1881992366788133e-006 -1.2145304264214063e-006 3.6126664192980029e-007 -1.2145304264214063e-006 5.6903986179239445e-006 -7.4025080455837469e-007 3.6126664192980029e-007 -7.4025080455837469e-007 3.0367146721684879e-007</location_covariance>
      </camera>
      <camera id="38" sensor_id="0" label="DSC00046.JPG">
        <transform>9.9722814669182602e-001 -7.4338788458364502e-002 3.1253761578568470e-003 -6.4561276236260348e+000 -7.4298098155418241e-002 -9.9716890761583310e-001 -1.1574208168763402e-002 1.0600019323609825e+001 3.9769405418494585e-003 1.1309916657012271e-002 -9.9992813228208455e-001 3.8287465068941273e-001 0 0 0 1</transform>
        <rotation_covariance>1.0002043767277762e-008 -8.8351090732833980e-010 -1.3946685592915261e-010 -8.8351090732833970e-010 4.1790373981075680e-009 1.4841984440296998e-010 -1.3946685592915258e-010 1.4841984440297001e-010 1.2138456783288193e-010</rotation_covariance>
        <location_covariance>2.3916302592226958e-006 -1.3686710549645098e-006 4.2635558957264112e-007 -1.3686710549645098e-006 5.6250383349482168e-006 -7.3530446422559904e-007 4.2635558957264112e-007 -7.3530446422559904e-007 3.2414114801905911e-007</location_covariance>
      </camera>
      <camera id="39" sensor_id="0" label="DSC00047.JPG">
        <transform>9.9719975279795814e-001 -7.4673022093432101e-002 4.0734249871678058e-003 -7.9175016799329718e+000 -7.4629629866006214e-002 -9.9716189274323819e-001 -9.9286457679569583e-003 1.0459974531771300e+001 4.8032661549403605e-003 9.5968449063458909e-003 -9.9994241294290964e-001 3.8023502981549923e-001 0 0 0 1</transform>
        <rotation_covariance>1.0409044390188227e-008 -1.0385038358662441e-009 -1.3452377398290162e-010 -1.0385038358662441e-009 4.3593869247642163e-009 1.5100006665942587e-010 -1.3452377398290162e-010 1.5100006665942587e-010 1.2420153349059133e-010</rotation_covariance>
        <location_covariance>2.7871710074519350e-006 -1.6591223558127425e-006 5.4375945656281769e-007 -1.6591223558127425e-006 5.7614542346085860e-006 -7.2250952328875437e-007 5.4375945656281769e-007 -7.2250952328875437e-007 3.6492726481653717e-007</location_covariance>
      </camera>
      <camera id="40" sensor_id="0" label="DSC00048.JPG">
        <transform>9.9715736503852059e-001 -7.5174045604238349e-002 5.1041372362719802e-003 -9.3825885311021349e+000 -7.5112947001808567e-002 -9.9711145460398432e-001 -1.1260208267608977e-002 1.0380217017310796e+001 5.9358691139799738e-003 1.0844812816195877e-002 -9.9992357482601812e-001 4.1033496430234639e-001 0 0 0 1</transform>
        <rotation_covariance>9.8022146280732705e-009 -9.2941763007083517e-010 -1.1210065184994891e-010 -9.2941763007083527e-010 4.1761392004396037e-009 1.4680195079236412e-010 -1.1210065184994891e-010 1.4680195079236412e-010 1.2210547327999267e-010</rotation_covariance>
        <location_covariance>3.1163346585885641e-006 -1.8724155039463515e-006 6.6948370261281793e-007 -1.8724155039463515e-006 5.5251791415384780e-006 -7.3671470969314450e-007 6.6948370261281793e-007 -7.3671470969314450e-007 4.1525971093306670e-007</location_covariance>
      </camera>
      <camera id="41" sensor_id="0" label="DSC00049.JPG">
