# Cameras (584)
# PhotoID, X, Y, Z, Omega, Phi, Kappa, r11, r12, r13, r21, r22, r23, r31, r32, r33
_DSC8608.JPG	2693751.7735036369000000	1256229.8697347606000000	569.1087203535546500	-1.4060858393840467	-3.3124589379472984	57.7294075044562480	0.5330264113237205	0.8460384006107296	0.0100930433168218	-0.8441233248979947	0.5325588264993870	-0.0619427855423921	-0.0577811145142726	0.0244973674021210	0.9980286678226503
_DSC8609.JPG	2693751.4077117071000000	1256229.9013997214000000	569.0691375828549800	-1.4119490751094688	-3.3239813723609251	57.7445577367352530	0.5327969760624681	0.8461828579531656	0.0100971879700434	-0.8442543951231595	0.5323245717608983	-0.0621696599218996	-0.0579818817728318	0.0245992114871263	0.9980145190227910
_DSC8610.JPG	2693751.6446878314000000	1256230.1195206607000000	573.8045946305109100	-1.6449137600129722	-3.5161438797135287	57.9938564703896230	0.5290124792932706	0.8485749055805032	0.0081502374828677	-0.8463949760007772	0.5282989110506013	-0.0671997409473651	-0.0613297754164472	0.0286511815077187	0.9977062535864852
_DSC8611.JPG	2693751.3519440871000000	1256230.3372221445000000	579.4395990188128300	-1.6232301882490960	-3.5136395124453164	58.0239175032598670	0.5285697526243846	0.8488481818435496	0.0084131320860402	-0.8466746864359293	0.5278800655028056	-0.0669672441823219	-0.0612861481838994	0.0282736737204946	0.9977197038322579
_DSC8612.JPG	2693751.4641892295000000	1256230.7543494301000000	584.2002802889849100	-1.8215878447039733	-3.6014666776638036	58.2957450772768270	0.5244969650799232	0.8513915154420653	0.0059515590573891	-0.8490919121653230	0.5235704717189200	-0.0701205094067612	-0.0628160673505320	0.0317245737133011	0.9975207732700722
_DSC8613.JPG	2693751.4376666993000000	1256230.6819982883000000	584.2457332712759800	-1.8682077961273793	-3.7060152395392771	58.3289207358443060	0.5239441787300643	0.8517302300761067	0.0061735524117486	-0.8492965007203991	0.5229696515037838	-0.0720985261298482	-0.0646370748020361	0.0325324266004394	0.9973784085193157
_DSC8614.JPG	2693726.5912673883000000	1256250.8150487107000000	583.7525926831117400	-1.4945852412442224	-1.9618385222198671	123.9589089056349800	-0.5582707724112160	0.8286574444894070	-0.0407502682649972	-0.8289522230477161	-0.5591487650492909	-0.0138155871428800	-0.0342338513117400	0.0260671869624902	0.9990738437113786
_DSC8615.JPG	2693728.1837867107000000	1256249.8048387608000000	583.6544112361840500	-0.7466470244596810	-1.8883241944269593	141.3493550787601700	-0.7805446033284775	0.6241817807981311	-0.0338707356646309	-0.6242309831330170	-0.7811705830675522	-0.0104019155297413	-0.0329515084871321	0.0130240035923528	0.9993720895736727
_DSC8616.JPG	2693729.6985604502000000	1256248.9277718395000000	583.5589020877390600	-0.3667785608540354	-1.8115709560044602	144.1372583013300600	-0.8100177232783560	0.5856694727665029	-0.0293693146728884	-0.5855526712942284	-0.8105247257562152	-0.0133318445087555	-0.0316126100653386	0.0063982503247075	0.9994797172917714
_DSC8617.JPG	2693731.1591275930000000	1256247.8201149525000000	583.4787247072890800	-0.0950731060437082	-1.7019186574722520	145.7572994747066300	-0.8262967753291025	0.5626581016146907	-0.0254852853246638	-0.5624513898437794	-0.8266880365129029	-0.0153402851747393	-0.0296997162196640	0.0016586059789065	0.9995574900338040
_DSC8618.JPG	2693732.6084597185000000	1256246.6850164402000000	583.4310258016448600	0.1955436739357762	-1.6738102180039782	146.7718852804460100	-0.8361386073153477	0.5480539502247808	-0.0225631779624335	-0.5477399415457110	-0.8364360285578188	-0.0188607148837209	-0.0292093442626274	-0.0034114180976172	0.9995674946867325
_DSC8619.JPG	2693733.9890500121000000	1256245.5357899615000000	583.3977878090361200	0.4277889291310902	-1.5869108799609499	147.7265672143381900	-0.8451852334204104	0.5341202952738312	-0.0194275933836878	-0.5337555653255794	-0.8453755425552193	-0.0210994913076048	-0.0276932788246226	-0.0074633923964439	0.9995886054181883
_DSC8620.JPG	2693735.4398370106000000	1256244.3342798373000000	583.3730952966817500	0.6260984839179975	-1.5460971073957792	148.6773375197782300	-0.8539422766604740	0.5200778619578332	-0.0173667968634295	-0.5196677808176431	-0.8540490029035390	-0.0233601844927793	-0.0269812103507852	-0.0109232843430433	0.9995762582950679
_DSC8621.JPG	2693736.9072410874000000	1256243.1349929094000000	583.3246018335731800	0.8718232038664349	-1.4888560831822586	149.6157176689150100	-0.8623612208174635	0.5060796235179448	-0.0147152808382948	-0.5056263775462224	-0.8623526288726587	-0.0262661342016615	-0.0259825164235514	-0.0152104614114576	0.9995466725991090
_DSC8622.JPG	2693738.2774152476000000	1256242.0489473604000000	583.3107551233380300	1.0545823469877496	-1.4383538985426756	150.5566993076844500	-0.8705681738920270	0.4918810801916357	-0.0128084954546445	-0.4914071383269613	-0.8704679639277000	-0.0283645584642291	-0.0251013746159252	-0.0183990957678167	0.9995155798021947
_DSC8623.JPG	2693739.6404026393000000	1256241.0271508186000000	583.2983223606917100	1.1861540800498229	-1.4041407716477809	150.5529500692599900	-0.8705489132615504	0.4919553902564068	-0.0111572226293240	-0.4914713854289396	-0.8703744180262365	-0.0300707457514651	-0.0245044266142500	-0.0206945993717290	0.9994855009619452
_DSC8624.JPG	2693740.9775089566000000	1256239.9480384733000000	583.3088127156539700	1.3235714464018462	-1.3833017743746534	150.3689908943582100	-0.8689741545472089	0.4947651593554773	-0.0095580236928596	-0.4942682867557263	-0.8687198636766356	-0.0320102977369247	-0.0241408251003046	-0.0230918934173083	0.9994418367378265
_DSC8625.JPG	2693742.3285417911000000	1256238.8514214465000000	583.3087997688006700	1.4277098795349665	-1.3575471555233058	150.1373078929800900	-0.8669777400138767	0.4982804916101669	-0.0081332650984334	-0.4977834001655617	-0.8666580121538149	-0.0334002468435541	-0.0236914507796351	-0.0249086661691839	0.9994089620919098
_DSC8626.JPG	2693743.6458222400000000	1256237.7473585084000000	583.3339252763235000	1.4795787198559889	-1.3022506090496242	149.8768786022578800	-0.8647255669371680	0.5022000646897279	-0.0066924517799463	-0.5017302017584729	-0.8643660876046058	-0.0337353115075124	-0.0227266039829152	-0.0258139811873243	0.9994083949250497
_DSC8627.JPG	2693745.0467735454000000	1256236.5932528819000000	583.3614633943036600	1.5950662256574484	-1.2971769564864459	149.7597168289240100	-0.8636995276230151	0.5039767178036348	-0.0055311748893541	-0.5034984047165284	-0.8632688147407499	-0.0354444628117283	-0.0226380748230241	-0.0278284280543435	0.9993563409316678
_DSC8628.JPG	2693746.4355320632000000	1256235.4177059729000000	583.3381974201705600	1.6989848336681301	-1.2471771622162533	149.4157934664563100	-0.8606783680749288	0.5091360006749268	-0.0036441109503577	-0.5086835992300534	-0.8601755133063656	-0.0365934718561791	-0.0217656289189346	-0.0296415101651502	0.9993235903714536
_DSC8629.JPG	2693747.8348948397000000	1256234.2907817962000000	583.3270209548819600	1.8152184933017639	-1.2592549982470873	149.3397534920302100	-0.8599985460645313	0.5102891186922117	-0.0027415527021734	-0.5098230473828878	-0.8594196389291847	-0.0384492468073882	-0.0219763765011284	-0.0316685895984472	0.9992567934763947
_DSC8630.JPG	2693749.2467696313000000	1256233.0742014146000000	583.2992423285726300	1.8592338793643757	-1.2438596052274553	149.0947751485971100	-0.8578158878588488	0.5139533952773729	-0.0019519272004713	-0.5134984679117391	-0.8572046351897285	-0.0389812373013132	-0.0217077403069195	-0.0324364130585451	0.9992380362649649
_DSC8631.JPG	2693750.5955411047000000	1256231.9087892326000000	583.3180031593622100	1.9192943636583846	-1.2312480304650311	148.8529744102446800	-0.8556452479777372	0.5175616805305763	-0.0010566264631537	-0.5171165142411962	-0.8549904841607725	-0.0397716317689199	-0.0214876781470740	-0.0334840087339156	0.9992082369791367
_DSC8632.JPG	2693751.9486262705000000	1256230.7540594267000000	583.3059721082624900	1.9751919920958121	-1.2087067169776151	148.7844699408728100	-0.8550335208990404	0.5185727048967751	-0.0001669581766677	-0.5181435193607518	-0.8543388787305907	-0.0404026438963045	-0.0210943471917368	-0.0344591065670426	0.9991834658815946
_DSC8633.JPG	2693753.3340101782000000	1256229.6096860648000000	583.2936992790390600	1.9996519165523294	-1.1919510662041033	148.5864936222872100	-0.8532432870755602	0.5215128908654587	0.0004446590221689	-0.5210980436547759	-0.8525299293280197	-0.0406146340513764	-0.0208019700908312	-0.0348858748079129	0.9991747864008717
_DSC8634.JPG	2693754.7958623767000000	1256228.4942665899000000	583.2449804219824000	1.9787140506221184	-1.1333572004693111	148.2965703789077700	-0.8506132127498564	0.5257902627294233	0.0013273711960084	-0.5254197680845939	-0.8499134477737169	-0.0397642879896701	-0.0197795247996619	-0.0345214558255726	0.9992082062745397
_DSC8635.JPG	2693756.2405646108000000	1256227.4442621311000000	583.2027546534740200	2.0442059616717860	-1.1443942477582805	148.2138125712538100	-0.8498501568746280	0.5270212380178019	0.0018236058658429	-0.5266458252947782	-0.8491034881940216	-0.0408343119977146	-0.0199721195608622	-0.0356634408733544	0.9991642674882441
_DSC8636.JPG	2693757.5990828350000000	1256226.3824642831000000	583.1579400159452000	2.0160310735969955	-1.1387915361114196	148.2536851665335900	-0.8502181048679434	0.5264281068450201	0.0016194067836958	-0.5260553053049194	-0.8494918284916316	-0.0403664351471891	-0.0198743532048633	-0.0351721715211277	0.9991836309884069
_DSC8637.JPG	2693758.9853591155000000	1256225.2207464857000000	583.0766126022792800	2.0457638670743576	-1.1013412817543111	147.9936240270768600	-0.8478324651368585	0.5302576597583942	0.0026316017002800	-0.5299157197775722	-0.8470849763719596	-0.0404521042411223	-0.0192208478630977	-0.0356911343678955	0.9991780131362764
_DSC8638.JPG	2693760.4048724752000000	1256224.0019351265000000	583.0036539153543300	2.1093828513503161	-1.1290502179212978	147.5951340635503800	-0.8441184991437101	0.5361476923171454	0.0031002300511645	-0.5357944543091125	-0.8433216446244478	-0.0416281928447134	-0.0197043684235638	-0.0368002137346406	0.9991283611899491
_DSC8639.JPG	2693762.1124025136000000	1256226.9373169220000000	583.0205380834831900	2.2056749759000600	-0.9938576284276695	148.0554203019521300	-0.8484326155603872	0.5292731897129478	0.0056557496800057	-0.5290191303383188	-0.8475783762172401	-0.0418288884030586	-0.0173452180571630	-0.0384809929709182	0.9991087811597502
_DSC8640.JPG	2693760.8104471099000000	1256227.9689990659000000	583.0296035212238600	2.1991317934226995	-0.8726816899394888	147.0480823016958100	-0.8390299985808110	0.5440248442384028	0.0081012550179661	-0.5438719434914133	-0.8381914153890754	-0.0404778983018054	-0.0152305799088005	-0.0383682162660587	0.9991475914078976
_DSC8641.JPG	2693759.2488786057000000	1256229.3443042659000000	583.0483747649047900	2.1810032108674275	-0.8699802724937128	147.2593512727427800	-0.8410303335101440	0.5409314366909049	0.0078204165700738	-0.5407748527481899	-0.8402054617085170	-0.0402161752327522	-0.0151834367318538	-0.0380521078876150	0.9991603977011494
_DSC8642.JPG	2693757.6533579212000000	1256230.6598039018000000	583.0315990447070400	2.2290197633853621	-0.8674044789026084	147.0915115216366800	-0.8394431772878954	0.5433820622367956	0.0084312836561394	-0.5432365767802154	-0.8385842497983469	-0.0408714770745687	-0.0151384858198221	-0.0388894642471493	0.9991288384476013
_DSC8643.JPG	2693756.0853442419000000	1256231.9262462114000000	583.0347937178376000	2.2305103589215514	-0.9277102385958274	146.8846219870677000	-0.8374623245016289	0.5464406432154919	0.0077122294161837	-0.5462551694025021	-0.8365932467832640	-0.0414370527146961	-0.0161908906911500	-0.0389148156731542	0.9991113512415678
_DSC8644.JPG	2693754.6666496135000000	1256233.1226718309000000	583.0595338465479900	2.2887591167253611	-0.9541926945343058	146.8853667090218700	-0.8374630670705693	0.5464371053342190	0.0078804318863405	-0.5462401374283401	-0.8365477077426872	-0.0425399216351408	-0.0166530344089101	-0.0399302214420958	0.9990636885907530
_DSC8645.JPG	2693753.1630228255000000	1256233.9895735604000000	583.0947178388739800	2.1947500990538842	-0.9036290345376503	146.5995600591389800	-0.8347398115875270	0.5505875386791226	0.0079252256804578	-0.5504186893723233	-0.8338987494731283	-0.0406465498758129	-0.0157706480676957	-0.0382914857170365	0.9991421564427692
_DSC8646.JPG	2693751.7164882403000000	1256234.9935070488000000	583.1080032837653600	2.2517875003620906	-0.9591795306848859	146.5431330736609800	-0.8341841855968961	0.5514321008521866	0.0077060138714627	-0.5512318159587480	-0.8332942390961169	-0.0420023352213228	-0.0167400589863069	-0.0392854838199365	0.9990877945336780
_DSC8647.JPG	2693750.2878422327000000	1256235.9512893902000000	583.0975703798434300	2.2483226911325844	-0.9403443038830338	146.4948630768163000	-0.8337240367557485	0.5521236458033497	0.0079818719932582	-0.5519374036562652	-0.8328390343434715	-0.0417641630948711	-0.0164113674287474	-0.0392252803514568	0.9990956132425305
_DSC8648.JPG	2693748.9397243112000000	1256236.9416377668000000	583.1194618999012400	2.2753278916914983	-0.9663566339299606	146.1613957640321900	-0.8304913277498158	0.5569725066587462	0.0081105707950131	-0.5567761812493760	-0.8295817403840433	-0.0423605950706961	-0.0168653053844466	-0.0396958794795347	0.9990694663668965
_DSC8649.JPG	2693747.6224986166000000	1256238.1204381536000000	583.1347211858751500	2.2895529175920624	-0.9523532670839910	146.2787288079878200	-0.8316331820967227	0.5552623535476429	0.0083647575226133	-0.5550765667567765	-0.8307154680555501	-0.0424478052525425	-0.0166209347868896	-0.0399440842425990	0.9990636689725184
_DSC8650.JPG	2693746.2784749307000000	1256239.2508549986000000	583.1401226354570300	2.3502393188965849	-0.9915972660054845	146.1383406670109100	-0.8302609707421714	0.5573101709374559	0.0084908086735591	-0.5571061215565668	-0.8292914012268379	-0.0436868535766511	-0.0173057732120780	-0.0410017709482267	0.9990091916457233
_DSC8651.JPG	2693744.8981745057000000	1256240.3225019143000000	583.1439432412748800	2.3265508827105972	-0.9836045104493880	145.8672478958951000	-0.8276177512905770	0.5612265395488197	0.0085807374267062	-0.5610295679354663	-0.8266663885155513	-0.0432262189047277	-0.0171662940343444	-0.0405888334977976	0.9990284605277343
_DSC8652.JPG	2693743.5229574982000000	1256241.5883566823000000	583.1254616598571400	2.3676159516543915	-0.9965232285054965	145.9064407986977000	-0.8279981008687580	0.5606623707597629	0.0087664686032850	-0.5604611249029812	-0.8270136812019199	-0.0439510930163713	-0.0173917345372975	-0.0413046864034854	0.9989952204344592
_DSC8653.JPG	2693742.0708078519000000	1256242.8069674443000000	583.1236218958391600	2.3224408509371495	-0.9895516862040575	145.8714400089980100	-0.8276573180457172	0.5611701491902758	0.0084514817123476	-0.5609680100905526	-0.8267081882395715	-0.0432257232755038	-0.0172700764450170	-0.0405170970752820	0.9990295837982854
_DSC8654.JPG	2693740.6802128423000000	1256243.8261827074000000	583.1515773294777300	2.4334133709908659	-1.0471479024394708	145.7840444680325600	-0.8267859149568357	0.5624482434767719	0.0087763454171945	-0.5622197695836367	-0.8257420102739596	-0.0453769011507200	-0.0182751612389885	-0.0424512176340452	0.9989313853328846
_DSC8655.JPG	2693739.2804380395000000	1256244.9110907239000000	583.1460351343828300	2.3938119079148898	-0.9977963884301703	145.6483534804108600	-0.8254648077394335	0.5643785399356414	0.0092040666997719	-0.5641849036080966	-0.8244591245840560	-0.0443006369120658	-0.0174139520047432	-0.0417614122151661	0.9989758449158678
_DSC8656.JPG	2693737.9662244953000000	1256245.9352929613000000	583.1626296134032800	2.3806031158507062	-1.0003666697369866	145.6726680641457700	-0.8257035103343217	0.5640322549257478	0.0090182273732168	-0.5638341095992525	-0.8247076966897025	-0.0441396859207672	-0.0174588050564147	-0.0415310778109731	0.9989846643977379
_DSC8657.JPG	2693736.5050846711000000	1256246.9989807277000000	583.1556359152845100	2.3362292643830140	-1.0139188191762742	145.4830522789833700	-0.8238296027361283	0.5667733358654994	0.0085306158937925	-0.5665612606587712	-0.8228650165011786	-0.0436062213366289	-0.0176952981432395	-0.0407572124955613	0.9990123753253579
_DSC8658.JPG	2693735.1779387537000000	1256248.0767227160000000	583.1820344997099700	2.4036954180828807	-0.9829427084651329	145.4485098800213600	-0.8234956443327424	0.5672401793759072	0.0096696776880308	-0.5670631697484498	-0.8224841184076502	-0.0442632633459298	-0.0171547451115818	-0.0419339226495468	0.9989731031671368
_DSC8659.JPG	2693733.8209533487000000	1256249.1787206260000000	583.1681368838483200	2.3449819481670380	-0.9916904277539175	145.1391678726025700	-0.8204199035096018	0.5716874908765807	0.0091975377431051	-0.5714994627004986	-0.8194508992737615	-0.0434578855038435	-0.0173073989478019	-0.0409101021101467	0.9990129215815975
_DSC8660.JPG	2693732.4643112011000000	1256250.2600662494000000	583.1169729380768600	2.3921654564908619	-0.9447879724176804	145.1511431606146800	-0.8205506857798389	0.5714804097659785	0.0103302139351375	-0.5713358800173077	-0.8195538224535770	-0.0436674284401957	-0.0164889135811243	-0.0417333602222433	0.9989927138740679
_DSC8661.JPG	2693730.9559776671000000	1256251.4474448992000000	583.1058873606990600	2.2603801587540979	-1.0192042098586265	145.0982527929676800	-0.8200046741831645	0.5723010508774389	0.0079900865040090	-0.5720803597881562	-0.8190948780313782	-0.0425163818711788	-0.0177875310939205	-0.0394346034256748	0.9990638196783240
_DSC8662.JPG	2693729.5547549985000000	1256252.6850447182000000	583.1065600663391700	2.3441921807156327	-0.9704465530116728	145.3706897507478600	-0.8227277489419723	0.5683592269160316	0.0093188143175988	-0.5681832451488790	-0.8217635049066588	-0.0432728775980188	-0.0169366777428374	-0.0408965913363724	0.9990198285139796
_DSC8663.JPG	2693728.0125755612000000	1256253.8803107727000000	583.1088295468051700	2.3248460173786825	-0.8890447810572227	145.3634009087934700	-0.8226744289244985	0.5684194665436829	0.0103001965003472	-0.5683010060858629	-0.8217385108162637	-0.0421875138312900	-0.0155161359734757	-0.0405602008829301	0.9990566148266018
_DSC8664.JPG	2693730.4065605253000000	1256256.4548773323000000	583.0944780770952300	2.3707373060811485	-1.0007521306050717	144.5476386649233400	-0.8144738093463627	0.5801179268754735	0.0097777710408810	-0.5799373837709014	-0.8134817879825715	-0.0438179361179961	-0.0174655315919136	-0.0413590563042790	0.9989916834828163
_DSC8665.JPG	2693731.9155603796000000	1256255.2933468041000000	583.0628027829773100	2.1623645799695890	-1.1074780511065296	144.9579733791429400	-0.8185781633895746	0.5743653466705520	0.0058514071613326	-0.5740698749788648	-0.8177293684932108	-0.0419816453399036	-0.0193279347966205	-0.0377243747159672	0.9991012473662452
_DSC8666.JPG	2693733.6071233898000000	1256253.9477317543000000	583.1339120227726200	2.2038016820756470	-1.0760380363232571	145.1009266467076500	-0.8200164964323417	0.5723017132399697	0.0066101892123644	-0.5720317153541823	-0.8191413503075988	-0.0422748725036011	-0.0187793026436071	-0.0384473307114912	0.9990841508868916
_DSC8667.JPG	2693735.1105971839000000	1256252.4036289398000000	583.1887203189355700	2.2507553187142615	-1.0575018309012418	144.9884441010210900	-0.8188968426995208	0.5738926578838653	0.0074282059576649	-0.5736439165138465	-0.8179886154269688	-0.0427467200908469	-0.0184558409023369	-0.0392662992763809	0.9990583264643388
_DSC8668.JPG	2693736.6316911634000000	1256251.0522622624000000	583.2588856517657000	2.3022263385153106	-1.0447939674793172	144.6002955066130100	-0.8149952640462547	0.5794064586031401	0.0084187475994737	-0.5791806607239934	-0.8140485327585272	-0.0432983666782891	-0.0182340841693515	-0.0401639395808755	0.9990267144235178
_DSC8669.JPG	2693737.8920931276000000	1256250.0052163361000000	583.3344086172069200	2.3078331706445376	-1.0130757952698994	144.5312524364469200	-0.8143048392762234	0.5803680055459458	0.0089781328763338	-0.5801681011380383	-0.8133584334538746	-0.0430468715627748	-0.0176805869022443	-0.0402621021318970	0.9990327121664802
_DSC8670.JPG	2693739.2602900267000000	1256248.8797795605000000	583.3430084669661300	2.2812297146419303	-1.0158889576206478	144.5851361766183600	-0.8148493889542479	0.5796085070797726	0.0086285480612926	-0.5794015290224340	-0.8139226512638722	-0.0427058067018380	-0.0177296781514845	-0.0397981944357473	0.9990504302748180
_DSC8671.JPG	2693740.6105335131000000	1256247.8131579161000000	583.3359881436860000	2.3358242561020650	-1.0601658075710096	144.6027709987512300	-0.8150162699877761	0.5793751633275383	0.0085381364712022	-0.5791425934164104	-0.8140417027757674	-0.0439313399846147	-0.0185023281272342	-0.0407495553487006	0.9989980668613705
_DSC8672.JPG	2693742.0067221802000000	1256246.7192437560000000	583.3302100797398000	2.3035459773259950	-1.0100625425979053	144.7348372155661300	-0.8163619201852919	0.5774732357413364	0.0088248101290833	-0.5772715727880969	-0.8154199139110996	-0.0429871521267908	-0.0176280039182238	-0.0401873860762963	0.9990366497172234
_DSC8673.JPG	2693743.2671374418000000	1256245.6366337598000000	583.3122028297656200	2.2883252404468402	-0.9759259678138439	144.5422140763462300	-0.8144249868388200	0.5801943218263983	0.0092999856448330	-0.5800188286987017	-0.8134990785667984	-0.0423958432627031	-0.0170322977773060	-0.0399224008718785	0.9990576073185423
_DSC8674.JPG	2693744.6415208131000000	1256244.6509433226000000	583.3346036722620100	2.3612896082408481	-1.0059974654113712	144.4920891721563400	-0.8139098598488762	0.5809110235703002	0.0096500121911453	-0.5807258298691101	-0.8129239911760814	-0.0437275095698782	-0.0175570659170942	-0.0411942625235097	0.9989968879688900
_DSC8675.JPG	2693746.0740384385000000	1256243.6310959614000000	583.3314617583644100	2.3370237979985231	-1.0522237330448492	144.5359660514768300	-0.8143425364822460	0.5803191315485224	0.0087142890949675	-0.5800939634780887	-0.8133679768794297	-0.0438580405780495	-0.0183637363285572	-0.0407705745094635	0.9989997664875722
_DSC8676.JPG	2693747.4904351626000000	1256242.5628535089000000	583.3658267431466100	2.3097663532472454	-1.0206598479527176	144.5664171050648300	-0.8146588438209856	0.5798727498449604	0.0088635304195809	-0.5796668591624289	-0.8137099294734538	-0.0431564950508231	-0.0178129327461880	-0.0402957152008788	0.9990290059670088
_DSC8677.JPG	2693748.8847078029000000	1256241.5046273698000000	583.3953656527589800	2.3439319780373098	-1.0631053483813104	144.5237352195457000	-0.8142158313982317	0.5804980148570403	0.0086391346512347	-0.5802657519942673	-0.8132342778194053	-0.0440643443395860	-0.0185536239860251	-0.0408908807264523	0.9989913407584673
_DSC8678.JPG	2693750.3032970652000000	1256240.3598682827000000	583.4069869140618000	2.3004852052616060	-1.0211052211585039	144.3965289888350900	-0.8129363782993128	0.5822846367374184	0.0088908187007471	-0.5820797774533366	-0.8119937644532047	-0.0430030134872864	-0.0178207047411680	-0.0401338798110197	0.9990353818428267
_DSC8679.JPG	2693751.6900277194000000	1256239.2022762925000000	583.4266419782533100	2.3424244406585824	-1.0288702694811018	144.3379199341427700	-0.8123385617677549	0.5831127407890626	0.0092516265901490	-0.5829096290452506	-0.8113627917934279	-0.0436667431749111	-0.0179562087152406	-0.0408650415715180	0.9990033147822549
_DSC8680.JPG	2693753.0896441415000000	1256238.0826479550000000	583.4543405682181900	2.3457887586470849	-1.0275560576192950	144.2904406074411300	-0.8118555770667375	0.5837835844077434	0.0093406938544132	-0.5835828301367145	-0.8108772877942845	-0.0436933005048598	-0.0179332750845482	-0.0409237182503223	0.9990013247885662
_DSC8681.JPG	2693754.4531126581000000	1256236.9704201645000000	583.4779152581759300	2.3812238869741766	-1.0592474320982115	144.2219183151196100	-0.8111488953909328	0.5847656471709112	0.0093063094110931	-0.5845474541363622	-0.8101379339848047	-0.0445061993606484	-0.0184863021929206	-0.0415411339230981	0.9989657605862250
_DSC8682.JPG	2693755.8100147657000000	1256235.8519945017000000	583.4942715993124700	2.3370883383095364	-1.0815315076739629	144.4219878205787200	-0.8131792014547380	0.5819529636370870	0.0083865627909128	-0.5817072412088146	-0.8121997588508265	-0.0441388405816123	-0.0188751648116073	-0.0407713114416197	0.9989902043146696
_DSC8683.JPG	2693757.1714263484000000	1256234.8408036057000000	583.5020271728792500	2.2978092754587482	-1.0767271423342655	144.0243422940361000	-0.8091237494812650	0.5875788520530967	0.0083576698513721	-0.5873377597507448	-0.8081733504976258	-0.0434763328308370	-0.0187913276900849	-0.0400865085210235	0.9990194982272559
_DSC8684.JPG	2693758.4432010408000000	1256233.7714406459000000	583.4939056519824600	2.2783271877442233	-1.0819008424744367	144.0067304844118300	-0.8089417968185561	0.5878329601496782	0.0080981677948074	-0.5875854441461407	-0.8080053262142949	-0.0432520362169681	-0.0188816097711398	-0.0397467454138971	0.9990313714000445
_DSC8685.JPG	2693759.9158480316000000	1256232.6786465079000000	583.4755890364577900	2.2950063234602829	-1.1133095957102899	143.9893287085128300	-0.8087548048399229	0.5880937067019910	0.0078395016328176	-0.5878249336217637	-0.8078012249254010	-0.0438067166264650	-0.0194296953375066	-0.0400371470828530	0.9990092661194679
_DSC8686.JPG	2693761.4177445285000000	1256231.6091963677000000	583.4594882322782000	2.2920165308659199	-1.1224452703805612	143.9390482473443700	-0.8082361273939509	0.5888079380651220	0.0077184484664276	-0.5885326066099178	-0.8072833582055290	-0.0438514597401264	-0.0195891125926153	-0.0399848925958623	0.9990082457276973
_DSC8687.JPG	2693762.9075512588000000	1256230.5550896041000000	583.3832643266986200	2.2225159328013739	-1.0615315761180142	143.9730486179569500	-0.8086016170603544	0.5883043380751091	0.0078377732416923	-0.5880647976529405	-0.8077094745590466	-0.0422516090694167	-0.0185261611994311	-0.0387738379523574	0.9990762587719003
_DSC8688.JPG	2693764.3502195682000000	1256229.3990294654000000	583.4013031373217500	2.0807114285045580	-1.0628302606262541	143.3060666215468200	-0.8017009660480607	0.5976862796649383	0.0068317009515608	-0.5974374462483317	-0.8009078260318142	-0.0401889539707650	-0.0185488236251977	-0.0363010371928561	0.9991687424258450
_DSC8689.JPG	2693765.9078313150000000	1256232.1049334116000000	583.2785836782894600	2.1328750383775734	-1.0079587643961128	144.3190869523105000	-0.8121521861465483	0.5833983575630175	0.0074285213977097	-0.5831803948966041	-0.8113332686781559	-0.0404839986199496	-0.0175912917554124	-0.0372113360253599	0.9991525723960200
_DSC8690.JPG	2693764.3885622676000000	1256233.1817360916000000	583.2850679388520800	2.1212176715379298	-0.8146884305586185	143.6725153739645900	-0.8055627613257708	0.5924177687525469	0.0104797343216932	-0.5923398275969773	-0.8047803704402501	-0.0382372069643835	-0.0142185163636415	-0.0370100340489875	0.9992137364808942
_DSC8691.JPG	2693762.7815757114000000	1256234.4682019488000000	583.2653263988675000	2.1400778808850558	-0.8822356877310016	143.6352901930341100	-0.8051636892674349	0.5929724680980681	0.0097511826431049	-0.5928527273771845	-0.8043565775661383	-0.0391936189643493	-0.0153973090729550	-0.0373382940661952	0.9991840544511997
_DSC8692.JPG	2693761.1745782327000000	1256235.7230445333000000	583.2306764056315800	2.1618521560538415	-0.8246191765130759	143.6169979241060400	-0.8049864321757633	0.5931949478023977	0.0107980514281920	-0.5931186385945170	-0.8041747712371696	-0.0389001009951492	-0.0143918228422518	-0.0377185790739246	0.9991847598056736
_DSC8693.JPG	2693759.5736517515000000	1256237.0292514556000000	583.2028128694273600	2.1564972435626459	-0.8579009576455221	143.7135513585664300	-0.8059779229914266	0.5918575481830977	0.0102093246161768	-0.5917562063850197	-0.8051639656404694	-0.0391864854117215	-0.0149726368832222	-0.0376248733260948	0.9991797581276147
_DSC8694.JPG	2693758.0582600571000000	1256238.1631400406000000	583.2194060625562300	2.1370046357911048	-0.8319348522167065	143.6242016377168800	-0.8050595116579774	0.5931022933498942	0.0104332311445250	-0.5930163294862466	-0.8042633177559635	-0.0386283403064391	-0.0145194921288384	-0.0372851892212676	0.9991991788492697
_DSC8695.JPG	2693756.6390374787000000	1256239.2264336501000000	583.2234564298415800	2.1607118023055478	-0.8914466773505760	143.7781328407004400	-0.8066372042100796	0.5909666808458884	0.0097366788044165	-0.5908420836440600	-0.8058146439313698	-0.0396029269234634	-0.0155580519118862	-0.0376980338446528	0.9991680565675398
_DSC8696.JPG	2693755.1650242712000000	1256240.1838122474000000	583.1786364547704100	2.1584161396335078	-0.8521669135702069	143.7633497993735100	-0.8064931460576320	0.5911541381376096	0.0102757152959288	-0.5910563526613455	-0.8056789871836567	-0.0391632173012411	-0.0148725700781994	-0.0376583931348145	0.9991799898345507
_DSC8697.JPG	2693753.7034681756000000	1256241.2273081264000000	583.1804785010990600	2.1703280572127790	-0.8760753655779237	143.9913528773961400	-0.8088337157796268	0.5879540084873450	0.0099047524848068	-0.5878386191099597	-0.8080075857341726	-0.0396169064785421	-0.0152898038253836	-0.0378658856980276	0.9991658503968623
_DSC8698.JPG	2693752.2671675496000000	1256242.2230406527000000	583.1202610322197900	2.0686969212697566	-0.8553344906926952	143.2025771812240300	-0.8006690886704123	0.5990286971427301	0.0096762827146980	-0.5989208376606540	-0.7999136605755436	-0.0378413245076671	-0.0149278485909049	-0.0360937061565633	0.9992369107035282
_DSC8699.JPG	2693750.8297127988000000	1256243.3107699438000000	583.1375090451863300	2.1622526568581000	-0.9416052410299456	143.1824170402672700	-0.8004394010487601	0.5993389708744775	0.0094637857025794	-0.5991883756670663	-0.7996059463499248	-0.0400452372611747	-0.0164333719657726	-0.0377243761109797	0.9991530492036106
_DSC8700.JPG	2693749.5345236510000000	1256244.5501678523000000	583.1747081244927800	2.1542063758329575	-0.9645621819130409	143.4815230198328500	-0.8035511172412403	0.5951699690388533	0.0088492900644737	-0.5949976627990223	-0.8027204776105855	-0.0402195983114498	-0.0168339907347115	-0.0375838100639517	0.9991516771626922
_DSC8701.JPG	2693748.1933781113000000	1256245.6797534614000000	583.2085633445530000	2.1098307155445326	-0.9269750108796777	143.4414358748155400	-0.8031433266983906	0.5957187487495265	0.0089425481905850	-0.5955661736088773	-0.8023491573426309	-0.0392015632909023	-0.0161780602274697	-0.0368103531614125	0.9991913071416346
_DSC8702.JPG	2693746.8386111762000000	1256246.8421588007000000	583.2731332641403700	2.1916327806577551	-0.9402283007498021	143.6346055978488900	-0.8051436436081098	0.5930042291809405	0.0094708674880207	-0.5928528034998575	-0.8042909526493074	-0.0405168714096808	-0.0164093430647653	-0.0382367318162401	0.9991339678942938
_DSC8703.JPG	2693745.5300454497000000	1256247.9559219384000000	583.3268514964868200	2.1233718822891805	-0.9251895488364047	143.4866442746792100	-0.8036134042499654	0.5950824308400398	0.0090772801703479	-0.5949325794257214	-0.8028103487364520	-0.0393798158897945	-0.0161469021065965	-0.0370465176118496	0.9991830828657955
_DSC8704.JPG	2693744.1486045439000000	1256249.1159671447000000	583.3759663208916200	2.2586881235837959	-0.9171835451549203	143.6612510077563900	-0.8054245141050271	0.5926058943965016	0.0104692886674978	-0.5924821701770078	-0.8045280595535155	-0.0412247427329502	-0.0160071890419578	-0.0394062852547197	0.9990950478214766
_DSC8705.JPG	2693742.7286397275000000	1256250.1942208584000000	583.3962932484497500	2.2289326313773934	-0.9785745593354077	143.2585231953693200	-0.8012259346275849	0.5982850731445222	0.0095902519574173	-0.5981181538069714	-0.8003391740636987	-0.0413748781941016	-0.0170785176960414	-0.0388867292464856	0.9990976661577270
_DSC8706.JPG	2693741.2479742635000000	1256251.3417941888000000	583.3956532216898300	2.1980377916902376	-0.9413739150606915	143.5768014094569800	-0.8045448563647990	0.5938149049787982	0.0095620459090176	-0.5936645947374288	-0.8036872887021895	-0.0406090006497119	-0.0164293351110281	-0.0383484107042781	0.9991293591644006
_DSC8707.JPG	2693739.8304706644000000	1256252.5647084035000000	583.4083182535176800	2.2181981575988834	-0.9719582125532045	143.5905826318881100	-0.8046804532282630	0.5936348062236881	0.0093319361400104	-0.5934657722871498	-0.8038034934693732	-0.0412106904825493	-0.0169630573887790	-0.0386996217836130	0.9991068981634701
_DSC8708.JPG	2693738.4313064720000000	1256253.7196809170000000	583.4079599798290000	2.3014917065127247	-0.9702712220289216	143.7117306028910900	-0.8059338981500600	0.5919188754911792	0.0101290004396591	-0.5917633009839428	-0.8049968060921489	-0.0423832253377134	-0.0169336180787567	-0.0401520487484362	0.9990500816075570
_DSC8709.JPG	2693736.9507830516000000	1256254.6303220778000000	583.3570934611844900	2.2920851553006947	-0.9116799128030489	143.5549613957054800	-0.8043252461493257	0.5940880189555197	0.0109692360870389	-0.5939762064922607	-0.8034054577637748	-0.0416165418606907	-0.0159111447699706	-0.0399887005150810	0.9990734403952617
_DSC8710.JPG	2693735.4512677770000000	1256255.5934193227000000	583.3339599275184400	2.2418553254239550	-0.8635702498530351	143.4198318907373600	-0.8029325899357376	0.5959642608153707	0.0112185493660181	-0.5958792693913071	-0.8020578203660664	-0.0403874869150968	-0.0150715735333683	-0.0391133304695874	0.9991211113027319
_DSC8711.JPG	2693734.0491980761000000	1256256.7206371927000000	583.2997862921657800	2.2685882330569691	-0.8908655603993543	143.5420481492806200	-0.8041959520541759	0.5942619623296164	0.0110268231069310	-0.5941608647255976	-0.8032970849475066	-0.0410689681312880	-0.0155479107345220	-0.0395792046786139	0.9990954654229995
_DSC8712.JPG	2693732.6599090397000000	1256257.9356500849000000	583.2726290530612200	2.3109253882791712	-0.9172062992076353	143.6553069749787400	-0.8053630388066065	0.5926795730083413	0.0110136035355751	-0.5925657203303829	-0.8044286486040466	-0.0419573163393743	-0.0160075861242126	-0.0403171556997399	0.9990586990476380
_DSC8713.JPG	2693731.2647230309000000	1256259.1540276972000000	583.2360536699694600	2.3109120632633382	-0.9162327350964915	143.6725455933068400	-0.8055415070028127	0.5924369678599902	0.0110145180783533	-0.5923235444606396	-0.8046073476673568	-0.0419503844712490	-0.0159905963998493	-0.0403169343150132	0.9990589800578423
_DSC8714.JPG	2693730.6056059189000000	1256259.8610058571000000	583.2587380440190800	2.2992465034627472	-0.8040318208820632	144.0393782230599700	-0.8093410797618726	0.5872120047681686	0.0122097529063876	-0.5871712734586558	-0.8084385394939082	-0.0407065533532069	-0.0140325419945173	-0.0401147020069277	0.9990965411050464
_DSC8715.JPG	2693730.9511847813000000	1256263.8050399900000000	583.3064124736780500	2.2974657223537052	-1.0151396396384038	142.8717675674429000	-0.7971614667565036	0.6036819758105727	0.0100830550957180	-0.6035061871491002	-0.7962170313953677	-0.0426464651372533	-0.0177166021396850	-0.0400813048364239	0.9990393440757145
_DSC8716.JPG	2693732.4596295431000000	1256262.6562708842000000	583.3032064466871100	2.1556456018716821	-1.0910051141772372	143.7425674553171900	-0.8062217078691123	0.5915732488074338	0.0069028295669367	-0.5913070419456358	-0.8053736855209306	-0.0415837566356787	-0.0190404807217392	-0.0376074190267105	0.9991111760600191
_DSC8717.JPG	2693734.0839382801000000	1256261.2747408478000000	583.3572631986476200	2.2439192592548665	-1.1549438754534762	143.6565932501345300	-0.8053159085229026	0.5928048248378621	0.0069804819950854	-0.5925031769953583	-0.8043942098817395	-0.0434734442980960	-0.0201562082332007	-0.0391458140505880	0.9990301959960856
_DSC8718.JPG	2693735.6869741958000000	1256259.8147091526000000	583.3691715677039200	2.2198457224017667	-1.0638281670314620	143.7559534208985800	-0.8063670256231923	0.5913621639129755	0.0079379518623498	-0.5911239420098109	-0.8054756305058567	-0.0422077462555654	-0.0185662373783294	-0.0387272482027149	0.9990773218706631
_DSC8719.JPG	2693737.2322478183000000	1256258.4065188572000000	583.4009408737896400	2.2912941660373276	-1.0754068623422453	143.6478369276162500	-0.8052471081624000	0.5928770805987160	0.0085943060706433	-0.5926422581474308	-0.8043002750292525	-0.0433153719340320	-0.0187682885209923	-0.0399729269457740	0.9990244824114075
_DSC8720.JPG	2693738.6773183104000000	1256257.1061904621000000	583.4004459980119500	2.3371004273194202	-1.0547468620392126	143.6679985367037500	-0.8054610006596098	0.5925751298019182	0.0093430164647374	-0.5923628369292930	-0.8044826719936887	-0.0437481415259546	-0.0184077657933020	-0.0407718775890224	0.9989989029805614
_DSC8721.JPG	2693740.0491658449000000	1256255.9754622485000000	583.3924357987631300	2.3452529380477185	-0.9916415589162229	143.7117604024698500	-0.8059290588994700	0.5919228486581170	0.0102807226338769	-0.5917591025760860	-0.8049554758555598	-0.0432185886916116	-0.0173065461534305	-0.0409148277108503	0.9990127428284542
_DSC8722.JPG	2693741.3761750329000000	1256254.9065474935000000	583.3850806550067300	2.3313720848422572	-0.9792071368213188	143.6374256057540300	-0.8051636458921966	0.5929620676550401	0.0103677218252342	-0.5928064189828544	-0.8042025226179292	-0.0428818403019688	-0.0170895566446541	-0.0406729509283275	0.9990263550660068
_DSC8723.JPG	2693742.7777155992000000	1256253.8879722874000000	583.3736492088853500	2.3767909946169334	-0.9800203029314146	143.8809046584429700	-0.8076753098292927	0.5895314725041492	0.0106412790230201	-0.5893793818338436	-0.8066804248518885	-0.0435733454067202	-0.0171037469962981	-0.0414648657041804	0.9989935569115656
_DSC8724.JPG	2693744.1790677793000000	1256252.7663870926000000	583.3454207324765500	2.3657962854310903	-0.9374112321200354	143.5209156410782300	-0.8039663305702068	0.5945655744876272	0.0113981114082616	-0.5944497318837544	-0.8029870865413405	-0.0429098486501894	-0.0163601825420832	-0.0412736778352379	0.9990139278033829
_DSC8725.JPG	2693745.5437949579000000	1256251.8058018447000000	583.3498473951965500	2.3760300370419127	-0.9701481226685900	143.6905728093651900	-0.8057153502171910	0.5922023283575209	0.0109168087058506	-0.5920608919287740	-0.8047224100555633	-0.0434251425198621	-0.0169314698976317	-0.0414517194130238	0.9989970371751908
_DSC8726.JPG	2693746.8949523326000000	1256250.7097496574000000	583.3158035646872600	2.3190090117512452	-0.9251429560858641	143.6745433094774000	-0.8055601456738126	0.5924124202524577	0.0109716011872157	-0.5922939772709861	-0.8046183400169817	-0.0421565107288705	-0.0161460890157029	-0.0404580182280555	0.9990507757719601
_DSC8727.JPG	2693748.2396898586000000	1256249.6029142139000000	583.3130212207215700	2.3569345359565390	-0.9800200286369668	143.4806057918684700	-0.8035379128665060	0.5951566956541963	0.0107391901052961	-0.5950078021241114	-0.8025570161191167	-0.0432198020520050	-0.0171037422096571	-0.0411186514365168	0.9990078670893778
_DSC8728.JPG	2693749.5947926715000000	1256248.4991875279000000	583.2957696271366800	2.3610901623568683	-0.9758190824601843	143.5113869057691700	-0.8038584600630094	0.5947222437396776	0.0108179936388535	-0.5945767743129607	-0.8028752961173920	-0.0432402397311204	-0.0170304325465427	-0.0411911602853413	0.9990061324544634
_DSC8729.JPG	2693750.9860321153000000	1256247.4199966332000000	583.2896913890392600	2.3885637763374667	-0.9725385877182164	143.5584371736340200	-0.8043472278696684	0.5940555786052807	0.0111133499146423	-0.5939170379743001	-0.8033439872889010	-0.0436003450743682	-0.0169731853879780	-0.0416702245580051	0.9989872388389509
_DSC8730.JPG	2693752.4359633364000000	1256246.2560754193000000	583.2715296091311100	2.3938690029279717	-0.9464353533284554	143.5399123005631200	-0.8041612963445038	0.5942989492950541	0.0115485206118113	-0.5941816021279490	-0.8031591418343370	-0.0434006518452743	-0.0165176618863282	-0.0417630429294259	0.9989909985035320
