<?xml version="1.0" encoding="UTF-8"?>
<document version="1.4.0">
  <chunk label="SONY-A-9" enabled="1">
    <sensors next_id="1">
      <sensor id="0" label="SONY-A-9" type="frame">
        <resolution width="6000" height="4000"/>
        <property name="pixel_width" value="0.006"/>
        <property name="pixel_height" value="0.006"/>
        <property name="focal_length" value="55"/>
        <property name="fixed" value="1"/>
        <property name="layer_index" value="0"/>
        <calibration type="frame" class="initial">
          <resolution width="6000" height="4000"/>
          <f>9227.77018581081</f>
          <cx>-37.8304617831239</cx>
          <cy>31.7622333680372</cy>
          <k1>-0.017282082281574</k1>
        </calibration>
      </sensor>
    </sensors>
    <cameras next_id="587" next_group_id="0">
      <camera id="0" sensor_id="0" label="_DSC8605.JPG" enabled="1"/>
      <camera id="1" sensor_id="0" label="_DSC8606.JPG" enabled="1"/>
      <camera id="2" sensor_id="0" label="_DSC8607.JPG" enabled="1"/>
      <camera id="3" sensor_id="0" label="_DSC8608.JPG" enabled="1">
        <transform>8.9974506814759714e-002 -9.9279830176175177e-001 -7.9095639212426502e-002 -8.1357748572191255e+000 -9.9531788200033644e-001 -9.2449704119863640e-002 2.8202233573138783e-002 2.3340103623509769e+001 -3.5311498039660758e-002 7.6187822039557290e-002 -9.9646801949639296e-001 -9.5692792734923469e+000 0.0000000000000000e+000 0.0000000000000000e+000 0.0000000000000000e+000 1.0000000000000000e+000</transform>
      </camera>
      <camera id="4" sensor_id="0" label="_DSC8609.JPG" enabled="1">
        <transform>9.0244559632124632e-002 -9.9275614834865678e-001 -7.9316766025499544e-002 -7.8845092231616301e+000 -9.9529344314170609e-001 -9.2725108713428872e-002 2.8160544263388862e-002 2.3501530221349935e+001 -3.5311209210835845e-002 7.6402121240334048e-002 -9.9645162169271717e-001 -9.5990024073125255e+000 0.0000000000000000e+000 0.0000000000000000e+000 0.0000000000000000e+000 1.0000000000000000e+000</transform>
      </camera>
      <camera id="5" sensor_id="0" label="_DSC8610.JPG" enabled="1">
        <transform>9.4667655758258418e-002 -9.9192216330121941e-001 -8.4430189535881217e-002 -7.8593680663946426e+000 -9.9480913940476867e-001 -9.7439727372696461e-002 2.9330456632619163e-002 2.3074947103619724e+001 -3.7320384644041540e-002 8.1215278620242193e-002 -9.9599762419829962e-001 -5.7654430556688228e+000 0.0000000000000000e+000 0.0000000000000000e+000 0.0000000000000000e+000 1.0000000000000000e+000</transform>
      </camera>
      <camera id="6" sensor_id="0" label="_DSC8611.JPG" enabled="1">
        <transform>9.5190114819199922e-002 -9.9189455016969608e-001 -8.4166759379005585e-002 -7.4789071442115587e+000 -9.9476883049546205e-001 -9.7931653686678999e-002 2.9057960714457352e-002 2.2877824152728426e+001 -3.7065022803150174e-002 8.0960438177225355e-002 -9.9602790700600030e-001 -1.1964489796874012e+000 0.0000000000000000e+000 0.0000000000000000e+000 0.0000000000000000e+000 1.0000000000000000e+000</transform>
      </camera>
      <camera id="7" sensor_id="0" label="_DSC8612.JPG" enabled="1">
        <transform>9.9924656292373459e-002 -9.9114255542477103e-001 -8.7472840875929200e-002 -7.2746948346870868e+000 -9.9420699938979507e-001 -1.0295706411631256e-001 3.0859120416650541e-002 2.2383522998215614e+001 -3.9591734354418803e-002 8.3882523654239816e-002 -9.9568881524108976e-001 2.6513654439629821e+000 0.0000000000000000e+000 0.0000000000000000e+000 0.0000000000000000e+000 1.0000000000000000e+000</transform>
      </camera>
      <camera id="8" sensor_id="0" label="_DSC8613.JPG" enabled="1">
        <transform>1.0057353139285508e-001 -9.9090426657502151e-001 -8.9407489991551931e-002 -7.2925675010539948e+000 -9.9415002265881502e-001 -1.0364487959076707e-001 3.0388671936976249e-002 2.2441644435261100e+001 -3.9378893212585503e-002 8.5828162149928458e-002 -9.9553143061950455e-001 2.6912299777173514e+000 0.0000000000000000e+000 0.0000000000000000e+000 0.0000000000000000e+000 1.0000000000000000e+000</transform>
      </camera>
      <camera id="9" sensor_id="0" label="_DSC8614.JPG" enabled="1">
        <transform>9.4570016650384603e-001 -3.1919599403726456e-001 -6.1360512262862502e-002 1.8675280868914061e+001 -3.1694030011264901e-001 -9.4743424438564716e-001 4.3785827957248183e-002 2.1731072827767477e+001 -7.2111311450439849e-002 -2.1960645618020833e-002 -9.9715479681187780e-001 1.7816180414486580e+000 0.0000000000000000e+000 0.0000000000000000e+000 0.0000000000000000e+000 1.0000000000000000e+000</transform>
      </camera>
      <camera id="10" sensor_id="0" label="_DSC8615.JPG" enabled="1">
        <transform>9.9838526545672590e-001 -2.1856728443497630e-002 -5.2432291010880663e-002 1.7147131010670687e+001 -2.0077330269569888e-002 -9.9921239437298404e-001 3.4227061525273800e-002 2.1600535701227724e+001 -5.3139086632619945e-002 -3.3119093483298528e-002 -9.9803775635929493e-001 1.7240805435192519e+000 0.0000000000000000e+000 0.0000000000000000e+000 0.0000000000000000e+000 1.0000000000000000e+000</transform>
      </camera>
      <camera id="11" sensor_id="0" label="_DSC8616.JPG" enabled="1">
        <transform>9.9852027479386707e-001 2.6744581309019202e-002 -4.7349637761916079e-002 1.5734890820857725e+001 2.8174172137837517e-002 -9.9915913070915319e-001 2.9786700805507403e-002 2.1422386178285329e+001 -4.6513190063969041e-002 -3.1076661518486440e-002 -9.9843415619606013e-001 1.6644932882234367e+000 0.0000000000000000e+000 0.0000000000000000e+000 0.0000000000000000e+000 1.0000000000000000e+000</transform>
      </camera>
      <camera id="12" sensor_id="0" label="_DSC8617.JPG" enabled="1">
        <transform>9.9756491380164780e-001 5.4946629559535484e-002 -4.2954751215180227e-002 1.4244173274756882e+001 5.6144272162230599e-002 -9.9805236387625895e-001 2.7190065545800560e-002 2.1419140764351624e+001 -4.1377088530782639e-002 -2.9535518635343674e-002 -9.9870695886413896e-001 1.6265121062546943e+000 0.0000000000000000e+000 0.0000000000000000e+000 0.0000000000000000e+000 1.0000000000000000e+000</transform>
      </camera>
      <camera id="13" sensor_id="0" label="_DSC8618.JPG" enabled="1">
        <transform>9.9657787888434912e-001 7.2616695737103554e-002 -3.9488565669029682e-002 1.2747663459848230e+001 7.3578204672813230e-002 -9.9701336321742173e-001 2.3464896398897848e-002 2.1437975791521126e+001 -3.7666684424009875e-002 -2.6290094448486300e-002 -9.9894446883617694e-001 1.6160323492371109e+000 0.0000000000000000e+000 0.0000000000000000e+000 0.0000000000000000e+000 1.0000000000000000e+000</transform>
      </camera>
      <camera id="14" sensor_id="0" label="_DSC8619.JPG" enabled="1">
        <transform>9.9536969125486308e-001 8.9194893117683804e-002 -3.5825253284860956e-002 1.1288798053525859e+001 8.9988058057647147e-002 -9.9571780902665674e-001 2.1170597397519419e-002 2.1499314687522173e+001 -3.3783533536517529e-002 -2.4296415967777887e-002 -9.9913380336815139e-001 1.6184947054134511e+000 0.0000000000000000e+000 0.0000000000000000e+000 0.0000000000000000e+000 1.0000000000000000e+000</transform>
      </camera>
      <camera id="15" sensor_id="0" label="_DSC8620.JPG" enabled="1">
        <transform>9.9384565148309778e-001 1.0569422863210466e-001 -3.3159479217884737e-002 9.7589411826581625e+000 1.0635567470671121e-001 -9.9414933273667050e-001 1.8856687856384023e-002 2.1559441274314278e+001 -3.0972431060818716e-002 -2.2267336012582697e-002 -9.9927217226393605e-001 1.6291604634097543e+000 0.0000000000000000e+000 0.0000000000000000e+000 0.0000000000000000e+000 1.0000000000000000e+000</transform>
      </camera>
      <camera id="16" sensor_id="0" label="_DSC8621.JPG" enabled="1">
        <transform>9.9209059704588087e-001 1.2194413981867264e-001 -2.9763635816752433e-002 8.2190937720361532e+000 1.2245707143555581e-001 -9.9234387074850205e-001 1.6059509435451386e-002 2.1610786826569047e+001 -2.7577398509928887e-002 -1.9577255981474837e-002 -9.9942794544662417e-001 1.6202587469453207e+000 0.0000000000000000e+000 0.0000000000000000e+000 0.0000000000000000e+000 1.0000000000000000e+000</transform>
      </camera>
      <camera id="17" sensor_id="0" label="_DSC8622.JPG" enabled="1">
        <transform>9.9003187001195547e-001 1.3820629514659194e-001 -2.7127778060213808e-002 6.7984021615167105e+000 1.3862145981557961e-001 -9.9024559210551466e-001 1.4062652459487646e-002 2.1635824865961482e+001 -2.4919615551383518e-002 -1.7682966308054666e-002 -9.9953305371224188e-001 1.6361990628791336e+000 0.0000000000000000e+000 0.0000000000000000e+000 0.0000000000000000e+000 1.0000000000000000e+000</transform>
      </camera>
      <camera id="18" sensor_id="0" label="_DSC8623.JPG" enabled="1">
        <transform>9.9009196952781553e-001 1.3812978856891855e-001 -2.5259718653146523e-002 5.4140572636924027e+000 1.3847826987112033e-001 -9.9028529029067724e-001 1.2602087422731991e-002 2.1622921874845336e+001 -2.3273604147863045e-002 -1.5975147693053433e-002 -9.9960148759700918e-001 1.6509532932348063e+000 0.0000000000000000e+000 0.0000000000000000e+000 0.0000000000000000e+000 1.0000000000000000e+000</transform>
      </camera>
      <camera id="19" sensor_id="0" label="_DSC8624.JPG" enabled="1">
        <transform>9.9057485715065408e-001 1.3493885178308121e-001 -2.3515073047403554e-002 4.0185040818463875e+000 1.3522259533091799e-001 -9.9075508363568165e-001 1.0918514643682079e-002 2.1658931421233465e+001 -2.1824346334584254e-002 -1.3995375290328729e-002 -9.9966385719278206e-001 1.6867140341279259e+000 0.0000000000000000e+000 0.0000000000000000e+000 0.0000000000000000e+000 1.0000000000000000e+000</transform>
      </camera>
      <camera id="20" sensor_id="0" label="_DSC8625.JPG" enabled="1">
        <transform>9.9114759502817606e-001 1.3091995462540496e-001 -2.2054712665174857e-002 2.6051676357443205e+000 1.3115877440884072e-001 -9.9131344676014532e-001 9.7481366471436799e-003 2.1699735441657491e+001 -2.0586907621892817e-002 -1.2554511276925966e-002 -9.9970923946973966e-001 1.7144664487282701e+000 0.0000000000000000e+000 0.0000000000000000e+000 0.0000000000000000e+000 1.0000000000000000e+000</transform>
      </camera>
      <camera id="21" sensor_id="0" label="_DSC8626.JPG" enabled="1">
        <transform>9.9176267320010703e-001 1.2639904877904745e-001 -2.0738382644968686e-002 1.2103326508261572e+000 1.2661823988954141e-001 -9.9190491843411022e-001 9.6153062091496981e-003 2.1761093433383177e+001 -1.9355138187357238e-002 -1.2161959298285643e-002 -9.9973869854666286e-001 1.7632349752501795e+000 0.0000000000000000e+000 0.0000000000000000e+000 0.0000000000000000e+000 1.0000000000000000e+000</transform>
      </camera>
      <camera id="22" sensor_id="0" label="_DSC8627.JPG" enabled="1">
        <transform>9.9204668745233360e-001 1.2435949040589424e-001 -1.9444460929500886e-002 -2.6318226488237656e-001 1.2453464956236431e-001 -9.9218245551372941e-001 8.0682110238625981e-003 2.1813366326854339e+001 -1.8289094379758192e-002 -1.0425551147673767e-002 -9.9977838389816942e-001 1.8150121873689156e+000 0.0000000000000000e+000 0.0000000000000000e+000 0.0000000000000000e+000 1.0000000000000000e+000</transform>
      </camera>
      <camera id="23" sensor_id="0" label="_DSC8628.JPG" enabled="1">
        <transform>9.9281110963356900e-001 1.1838316334974651e-001 -1.7650133808805105e-002 -1.7401540910825497e+000 1.1852403602334195e-001 -9.9292538617319681e-001 7.1575399087629946e-003 2.1887294894883617e+001 -1.6677933711914984e-002 -9.1980502344371651e-003 -9.9981860474737405e-001 1.8264703578721571e+000 0.0000000000000000e+000 0.0000000000000000e+000 0.0000000000000000e+000 1.0000000000000000e+000</transform>
      </camera>
      <camera id="24" sensor_id="0" label="_DSC8629.JPG" enabled="1">
        <transform>9.9298714735842153e-001 1.1705309236737042e-001 -1.6586101055381375e-002 -3.1998160847691999e+000 1.1715673747440401e-001 -9.9309865708265666e-001 5.4181329789429414e-003 2.1924203284767643e+001 -1.5837425464293575e-002 -7.3233098978383922e-003 -9.9984776095503813e-001 1.8458183838170110e+000 0.0000000000000000e+000 0.0000000000000000e+000 0.0000000000000000e+000 1.0000000000000000e+000</transform>
      </camera>
      <camera id="25" sensor_id="0" label="_DSC8630.JPG" enabled="1">
        <transform>9.9349060333544870e-001 1.1279812669960501e-001 -1.5906089941432104e-002 -4.7120200086258395e+000 1.1288957941112596e-001 -9.9359510444519239e-001 4.9710444502514238e-003 2.2013353700337763e+001 -1.5243488594943027e-002 -6.7343177536514365e-003 -9.9986113286788414e-001 1.8549208065457301e+000 0.0000000000000000e+000 0.0000000000000000e+000 0.0000000000000000e+000 1.0000000000000000e+000</transform>
      </camera>
      <camera id="26" sensor_id="0" label="_DSC8631.JPG" enabled="1">
        <transform>9.9397157377710443e-001 1.0859401329920043e-001 -1.5094727511237898e-002 -6.1575421377161650e+000 1.0866950603756018e-001 -9.9406875448002296e-001 4.2719812837344103e-003 2.2098970737932643e+001 -1.4541285383971803e-002 -5.8865645421576213e-003 -9.9987694211701517e-001 1.9005069290315677e+000 0.0000000000000000e+000 0.0000000000000000e+000 0.0000000000000000e+000 1.0000000000000000e+000</transform>
      </camera>
      <camera id="27" sensor_id="0" label="_DSC8632.JPG" enabled="1">
        <transform>9.9411526543758433e-001 1.0739408622317639e-001 -1.4189759273817928e-002 -7.6010414588735724e+000 1.0745685931057569e-001 -9.9420272929226983e-001 3.7358338973850821e-003 2.2176669685167820e+001 -1.3706290930338842e-002 -5.2386364724672889e-003 -9.9989234134322791e-001 1.9206549944588049e+000 0.0000000000000000e+000 0.0000000000000000e+000 0.0000000000000000e+000 1.0000000000000000e+000</transform>
      </camera>
      <camera id="28" sensor_id="0" label="_DSC8633.JPG" enabled="1">
        <transform>9.9448792963698240e-001 1.0395249850918636e-001 -1.3698023946740169e-002 -9.0602967897266602e+000 1.0401028761718459e-001 -9.9456979888870478e-001 3.5742423353534820e-003 2.2231766050210833e+001 -1.3252089500844728e-002 -4.9792762705940649e-003 -9.9989978944476365e-001 1.9399015977873217e+000 0.0000000000000000e+000 0.0000000000000000e+000 0.0000000000000000e+000 1.0000000000000000e+000</transform>
      </camera>
      <camera id="29" sensor_id="0" label="_DSC8634.JPG" enabled="1">
        <transform>9.9500956610301405e-001 9.8914965618736153e-002 -1.3106980588034309e-002 -1.0555203010752637e+001 9.8980975236009475e-002 -9.9507921657815468e-001 4.4854515418760923e-003 2.2231770447182694e+001 -1.2598805690197081e-002 -5.7604089134613099e-003 -9.9990403928793603e-001 1.9277278479099218e+000 0.0000000000000000e+000 0.0000000000000000e+000 0.0000000000000000e+000 1.0000000000000000e+000</transform>
      </camera>
      <camera id="30" sensor_id="0" label="_DSC8635.JPG" enabled="1">
        <transform>9.9515924498754771e-001 9.7468829159798473e-002 -1.2566004059845433e-002 -1.2006677173884587e+001 9.7519221876664910e-002 -9.9522762560982547e-001 3.4604317070042810e-003 2.2197815129387443e+001 -1.2168750157014248e-002 -4.6691075428884898e-003 -9.9991505686951687e-001 1.9185453863314614e+000 0.0000000000000000e+000 0.0000000000000000e+000 0.0000000000000000e+000 1.0000000000000000e+000</transform>
      </camera>
      <camera id="31" sensor_id="0" label="_DSC8636.JPG" enabled="1">
        <transform>9.9508799219227162e-001 9.8165133317732453e-002 -1.2786492696007212e-002 -1.3408345190922999e+001 9.8222171828995161e-002 -9.9515682849367904e-001 3.9104556764751426e-003 2.2214070367845334e+001 -1.2340695116101861e-002 -5.1471645703379332e-003 -9.9991060297455459e-001 1.9085489314022479e+000 0.0000000000000000e+000 0.0000000000000000e+000 0.0000000000000000e+000 1.0000000000000000e+000</transform>
      </camera>
      <camera id="32" sensor_id="0" label="_DSC8637.JPG" enabled="1">
        <transform>9.9553451591270425e-001 9.3638559276225233e-002 -1.1951897051493547e-002 -1.4877759965490531e+001 9.3690889187611495e-002 -9.9559371537839436e-001 3.8950201898508259e-003 2.2282377130885973e+001 -1.1534509512387098e-002 -4.9974109014065760e-003 -9.9992098736579738e-001 1.8723784308978111e+000 0.0000000000000000e+000 0.0000000000000000e+000 0.0000000000000000e+000 1.0000000000000000e+000</transform>
      </camera>
      <camera id="33" sensor_id="0" label="_DSC8638.JPG" enabled="1">
        <transform>9.9616576716237559e-001 8.6705035232436084e-002 -1.1661955202145918e-002 -1.6396671048952204e+001 8.6742205828234470e-002 -9.9622708020599948e-001 2.7192631871841341e-003 2.2370811145420770e+001 -1.1382181770075927e-002 -3.7204206174818819e-003 -9.9992829963381968e-001 1.8448105634303049e+000 0.0000000000000000e+000 0.0000000000000000e+000 0.0000000000000000e+000 1.0000000000000000e+000</transform>
      </camera>
      <camera id="34" sensor_id="0" label="_DSC8639.JPG" enabled="1">
        <transform>9.9546956494681904e-001 9.4675675452155814e-002 -8.7670828825348202e-003 -1.6051628278100679e+001 9.4703525654833295e-002 -9.9550153516280016e-001 2.8170404776081091e-003 1.9634835213520240e+001 -8.4609392584693108e-003 -3.6345517173663093e-003 -9.9995760037147485e-001 1.7319103074721884e+000 0.0000000000000000e+000 0.0000000000000000e+000 0.0000000000000000e+000 1.0000000000000000e+000</transform>
      </camera>
      <camera id="35" sensor_id="0" label="_DSC8640.JPG" enabled="1">
        <transform>9.9699364731807494e-001 7.7152172814195882e-002 -7.1560769594939174e-003 -1.4701875080895881e+001 7.7183377984019572e-002 -9.9700810217816405e-001 4.1917006180776130e-003 1.9611377249464759e+001 -6.8112678979546214e-003 -4.7314290805299808e-003 -9.9996560951288627e-001 1.7134588551024501e+000 0.0000000000000000e+000 0.0000000000000000e+000 0.0000000000000000e+000 1.0000000000000000e+000</transform>
      </camera>
      <camera id="36" sensor_id="0" label="_DSC8641.JPG" enabled="1">
        <transform>9.9670104104390655e-001 8.0830590120702372e-002 -7.3109837048452838e-003 -1.3014853594754173e+001 8.0864528912777789e-002 -9.9671507036325802e-001 4.4717417725162918e-003 1.9494023026956715e+001 -6.9255141114596122e-003 -5.0481889331278184e-003 -9.9996327584706202e-001 1.6925792037385243e+000 0.0000000000000000e+000 0.0000000000000000e+000 0.0000000000000000e+000 1.0000000000000000e+000</transform>
      </camera>
      <camera id="37" sensor_id="0" label="_DSC8642.JPG" enabled="1">
        <transform>9.9693800286158529e-001 7.7902678539732081e-002 -6.7669141187035311e-003 -1.1335927633227310e+001 7.7929750426675257e-002 -9.9695148363614927e-001 3.8331806788799417e-003 1.9433255254445214e+001 -6.4476700280683948e-003 -4.3487874190394939e-003 -9.9996975734228744e-001 1.6454147223472364e+000 0.0000000000000000e+000 0.0000000000000000e+000 0.0000000000000000e+000 1.0000000000000000e+000</transform>
      </camera>
      <camera id="38" sensor_id="0" label="_DSC8643.JPG" enabled="1">
        <transform>9.9720660383729087e-001 7.4306218906930815e-002 -7.5878254494074950e-003 -9.6986612800749068e+000 7.4331998391990894e-002 -9.9722850066897806e-001 3.1735577125920388e-003 1.9389844387821103e+001 -7.3309807221449072e-003 -3.7287109377596153e-003 -9.9996617614617056e-001 1.6160261767702842e+000 0.0000000000000000e+000 0.0000000000000000e+000 0.0000000000000000e+000 1.0000000000000000e+000</transform>
      </camera>
      <camera id="39" sensor_id="0" label="_DSC8644.JPG" enabled="1">
        <transform>9.9720813098489858e-001 7.4310780104245980e-002 -7.3383552587701403e-003 -8.1920374882714260e+000 7.4327879723633708e-002 -9.9723167725633477e-001 2.0852271594427457e-003 1.9317164673222607e+001 -7.1630854660934395e-003 -2.6248498653900117e-003 -9.9997089976148290e-001 1.6052797595710608e+000 0.0000000000000000e+000 0.0000000000000000e+000 0.0000000000000000e+000 1.0000000000000000e+000</transform>
      </camera>
      <camera id="40" sensor_id="0" label="_DSC8645.JPG" enabled="1">
        <transform>9.9756331238886498e-001 6.9348191033223566e-002 -7.6332284241478225e-003 -6.7929093099443154e+000 6.9379563337975292e-002 -9.9758261503530166e-001 3.9245853744014356e-003 1.9498524336934295e+001 -7.3426130762529939e-003 -4.4446124407671881e-003 -9.9996316504832505e-001 1.6161749762229807e+000 0.0000000000000000e+000 0.0000000000000000e+000 0.0000000000000000e+000 1.0000000000000000e+000</transform>
      </camera>
      <camera id="41" sensor_id="0" label="_DSC8646.JPG" enabled="1">
        <transform>9.9763022139692503e-001 6.8360118734774544e-002 -7.7997129491707432e-003 -5.3634031286328616e+000 6.8381781529816416e-002 -9.9765598014648105e-001 2.5450408194453780e-003 1.9564128699701993e+001 -7.6074509745640050e-003 -3.0723679030529782e-003 -9.9996634305617405e-001 1.6036052837409933e+000 0.0000000000000000e+000 0.0000000000000000e+000 0.0000000000000000e+000 1.0000000000000000e+000</transform>
      </camera>
      <camera id="42" sensor_id="0" label="_DSC8647.JPG" enabled="1">
        <transform>9.9768923902726070e-001 6.7518847359486309e-002 -7.5754590918207625e-003 -3.9685630193616870e+000 6.7541629344321077e-002 -9.9771254852365665e-001 2.7926374530868733e-003 1.9651519584747032e+001 -7.3695749348118410e-003 -3.2978431855420947e-003 -9.9996740626662617e-001 1.5733327518690656e+000 0.0000000000000000e+000 0.0000000000000000e+000 0.0000000000000000e+000 1.0000000000000000e+000</transform>
      </camera>
      <camera id="43" sensor_id="0" label="_DSC8648.JPG" enabled="1">
        <transform>9.9806491421244903e-001 6.1708169510220436e-002 -7.6504139621418679e-003 -2.6091888166812498e+000 6.1726194317680512e-002 -9.9809082075592170e-001 2.1425353734443858e-003 1.9677031775640586e+001 -7.5035960145905904e-003 -2.6106203225317766e-003 -9.9996843985616934e-001 1.5672899019401121e+000 0.0000000000000000e+000 0.0000000000000000e+000 0.0000000000000000e+000 1.0000000000000000e+000</transform>
      </camera>
      <camera id="44" sensor_id="0" label="_DSC8649.JPG" enabled="1">
        <transform>9.9793926565117097e-001 6.3748314114537394e-002 -7.3057866896914792e-003 -1.1769303837888181e+000 6.3765140865120987e-002 -9.9796273647307965e-001 2.0936622492306687e-003 1.9566005462709448e+001 -7.1574354382194054e-003 -2.5552022849175361e-003 -9.9997112061260596e-001 1.5485080490169059e+000 0.0000000000000000e+000 0.0000000000000000e+000 0.0000000000000000e+000 1.0000000000000000e+000</transform>
      </camera>
      <camera id="45" sensor_id="0" label="_DSC8650.JPG" enabled="1">
        <transform>9.9809372169558208e-001 6.1294166580287773e-002 -7.2074860450878440e-003 2.4862791919117397e-001 6.1301753824890462e-002 -9.9811892856055306e-001 8.3631759877018843e-004 1.9499753392007637e+001 -7.1426668587251715e-003 -1.2765548799083580e-003 -9.9997367601241571e-001 1.5237972479031363e+000 0.0000000000000000e+000 0.0000000000000000e+000 0.0000000000000000e+000 1.0000000000000000e+000</transform>
      </camera>
      <camera id="46" sensor_id="0" label="_DSC8651.JPG" enabled="1">
        <transform>9.9837130618386793e-001 5.6575120443573927e-002 -7.3478388327623623e-003 1.6686092347661905e+000 5.6585770280633878e-002 -9.9839695980504573e-001 1.2495014162963798e-003 1.9489354167377964e+001 -7.2653692586460141e-003 -1.6632494813162220e-003 -9.9997222361958560e-001 1.5003581698418920e+000 0.0000000000000000e+000 0.0000000000000000e+000 0.0000000000000000e+000 1.0000000000000000e+000</transform>
      </camera>
      <camera id="47" sensor_id="0" label="_DSC8652.JPG" enabled="1">
        <transform>9.9833463116968946e-001 5.7250881922937404e-002 -7.0923004960018890e-003 3.1807477310754257e+000 5.7256159633523061e-002 -9.9835937273710007e-001 5.4318689665366091e-004 1.9351994488999086e+001 -7.0495667455690641e-003 -9.4836017949493994e-004 -9.9997470179083514e-001 1.4514978986373881e+000 0.0000000000000000e+000 0.0000000000000000e+000 0.0000000000000000e+000 1.0000000000000000e+000</transform>
      </camera>
      <camera id="48" sensor_id="0" label="_DSC8653.JPG" enabled="1">
        <transform>9.9836615364250825e-001 5.6649412169403703e-002 -7.4744472654958670e-003 4.7195219766611842e+000 5.6660230871312424e-002 -9.9839274430307889e-001 1.2435274731819597e-003 1.9282458412405926e+001 -7.3919888171748004e-003 -1.6649996480479060e-003 -9.9997129272669560e-001 1.4186697571942668e+000 0.0000000000000000e+000 0.0000000000000000e+000 0.0000000000000000e+000 1.0000000000000000e+000</transform>
      </camera>
      <camera id="49" sensor_id="0" label="_DSC8654.JPG" enabled="1">
        <transform>9.9845517405613959e-001 5.5107926074251641e-002 -7.0980197463509738e-003 6.1206553736277556e+000 5.5102873350501187e-002 -9.9848027182692378e-001 -9.0560529534233476e-004 1.9310090189827893e+001 -7.1371387154375689e-003 5.1308500966465800e-004 -9.9997439866965065e-001 1.4168841300430819e+000 0.0000000000000000e+000 0.0000000000000000e+000 0.0000000000000000e+000 1.0000000000000000e+000</transform>
      </camera>
      <camera id="50" sensor_id="0" label="_DSC8655.JPG" enabled="1">
        <transform>9.9858446769190878e-001 5.2748144538494982e-002 -6.8333104872644870e-003 7.5596138870128149e+000 5.2750511114282223e-002 -9.9860770870066506e-001 1.6643554185430675e-004 1.9301079031580354e+001 -6.8150173625093407e-003 -5.2666056777338341e-004 -9.9997663881062493e-001 1.3855381715846664e+000 0.0000000000000000e+000 0.0000000000000000e+000 0.0000000000000000e+000 1.0000000000000000e+000</transform>
      </camera>
      <camera id="51" sensor_id="0" label="_DSC8656.JPG" enabled="1">
        <transform>9.9856062095590592e-001 5.3174789579304507e-002 -7.0091389879827007e-003 8.9137073430862710e+000 5.3178349519164045e-002 -9.9858497846361005e-001 3.2238059677792855e-004 1.9288223144248452e+001 -6.9820783849650382e-003 -6.9465101183404764e-004 -9.9997538371771832e-001 1.3735926238734604e+000 0.0000000000000000e+000 0.0000000000000000e+000 0.0000000000000000e+000 1.0000000000000000e+000</transform>
      </camera>
      <camera id="52" sensor_id="0" label="_DSC8657.JPG" enabled="1">
        <transform>9.9872579846468179e-001 4.9879755490344437e-002 -7.6674293806210884e-003 1.0381811146155648e+001 4.9887287653858227e-002 -9.9875453834714756e-001 7.9414200079447100e-004 1.9323218999611296e+001 -7.6182682825273289e-003 -1.1756373589144864e-003 -9.9997028949123068e-001 1.3424643532984357e+000 0.0000000000000000e+000 0.0000000000000000e+000 0.0000000000000000e+000 1.0000000000000000e+000</transform>
      </camera>
      <camera id="53" sensor_id="0" label="_DSC8658.JPG" enabled="1">
        <transform>9.9876459410939866e-001 4.9261857559915599e-002 -6.5234149979116682e-003 1.1770805941415460e+001 4.9264121699876741e-002 -9.9878576853967427e-001 1.8675050744673108e-004 1.9281863429768133e+001 -6.5062943852953609e-003 -5.0789010512568018e-004 -9.9997870486376506e-001 1.3366002520760945e+000 0.0000000000000000e+000 0.0000000000000000e+000 0.0000000000000000e+000 1.0000000000000000e+000</transform>
      </camera>
      <camera id="54" sensor_id="0" label="_DSC8659.JPG" enabled="1">
        <transform>9.9901032367355336e-001 4.3881253788405933e-002 -7.2669635763497236e-003 1.3190432730066210e+001 4.3888988726168116e-002 -9.9903600119074787e-001 9.0829146993292957e-004 1.9241022009474896e+001 -7.2201012636092720e-003 -1.2263322378435106e-003 -9.9997318276391078e-001 1.2974104157582838e+000 0.0000000000000000e+000 0.0000000000000000e+000 0.0000000000000000e+000 1.0000000000000000e+000</transform>
      </camera>
      <camera id="55" sensor_id="0" label="_DSC8660.JPG" enabled="1">
        <transform>9.9900938567440534e-001 4.4077553589320223e-002 -6.1169113144104231e-003 1.4599097312795202e+001 4.4082954606391847e-002 -9.9902759184302303e-001 7.5089912829004219e-004 1.9214660537348003e+001 -6.0778653833854076e-003 -1.0198068006609605e-003 -9.9998100959291758e-001 1.2287383450345817e+000 0.0000000000000000e+000 0.0000000000000000e+000 0.0000000000000000e+000 1.0000000000000000e+000</transform>
      </camera>
      <camera id="56" sensor_id="0" label="_DSC8661.JPG" enabled="1">
        <transform>9.9903048833218855e-001 4.3186351280754216e-002 -8.5453171856742071e-003 1.6158617038584648e+001 4.3203141219434048e-002 -9.9906470488633781e-001 1.7899830022609193e-003 1.9193310926329453e+001 -8.4600219575435339e-003 -2.1574321379925830e-003 -9.9996188603118663e-001 1.1901219014431159e+000 0.0000000000000000e+000 0.0000000000000000e+000 0.0000000000000000e+000 1.0000000000000000e+000</transform>
      </camera>
      <camera id="57" sensor_id="0" label="_DSC8662.JPG" enabled="1">
        <transform>9.9882695075670502e-001 4.7916388670492950e-002 -6.9815570498855013e-003 1.7673902647737300e+001 4.7925505497392794e-002 -9.9885025723457987e-001 1.1443536310693618e-003 1.9086317901589837e+001 -6.9186967618132186e-003 -1.4776058986830231e-003 -9.9997497384480893e-001 1.1581187356904279e+000 0.0000000000000000e+000 0.0000000000000000e+000 0.0000000000000000e+000 1.0000000000000000e+000</transform>
      </camera>
      <camera id="58" sensor_id="0" label="_DSC8663.JPG" enabled="1">
        <transform>9.9883914405724661e-001 4.7787730730019032e-002 -6.0578123660164126e-003 1.9259370066571101e+001 4.7802250497728557e-002 -9.9885422800350909e-001 2.2750927159581828e-003 1.9076100187662664e+001 -5.9421499761513983e-003 -2.5620287252471020e-003 -9.9997906321206143e-001 1.1303796879459833e+000 0.0000000000000000e+000 0.0000000000000000e+000 0.0000000000000000e+000 1.0000000000000000e+000</transform>
      </camera>
      <camera id="59" sensor_id="0" label="_DSC8664.JPG" enabled="1">
        <transform>9.9941131260239702e-001 3.3560699224310625e-002 -7.1209346247771404e-003 1.8982675844909121e+001 3.3564789962977098e-002 -9.9943643980389352e-001 4.5570479429682897e-004 1.6235326809458680e+001 -7.1016277779270675e-003 -6.9444920164813480e-004 -9.9997454198754987e-001 9.9887972999515762e-001 0.0000000000000000e+000 0.0000000000000000e+000 0.0000000000000000e+000 1.0000000000000000e+000</transform>
      </camera>
      <camera id="60" sensor_id="0" label="_DSC8665.JPG" enabled="1">
        <transform>9.9911022313983633e-001 4.0766989533952608e-002 -1.0808079468871289e-002 1.7434834836814268e+001 4.0793185639294641e-002 -9.9916515776566217e-001 2.2143876168295709e-003 1.6241203941422302e+001 -1.0708782510859190e-002 -2.6533132981465977e-003 -9.9993913910081400e-001 1.0018117542006657e+000 0.0000000000000000e+000 0.0000000000000000e+000 0.0000000000000000e+000 1.0000000000000000e+000</transform>
      </camera>
      <camera id="61" sensor_id="0" label="_DSC8666.JPG" enabled="1">
        <transform>9.9901495712161781e-001 4.3248761872143902e-002 -9.9327762392526116e-003 1.5679840936298797e+001 4.3270390580584538e-002 -9.9906144999061297e-001 1.9729271800202055e-003 1.6272078941344578e+001 -9.8381271742202479e-003 -2.4007788695739694e-003 -9.9994872244256772e-001 1.0932749502603840e+000 0.0000000000000000e+000 0.0000000000000000e+000 0.0000000000000000e+000 1.0000000000000000e+000</transform>
      </camera>
      <camera id="62" sensor_id="0" label="_DSC8667.JPG" enabled="1">
        <transform>9.9910559484340067e-001 4.1276807366154619e-002 -9.1779914072149388e-003 1.3948194820894708e+001 4.1292421001625057e-002 -9.9914595083859392e-001 1.5181866376299999e-003 1.6524324479955208e+001 -9.1074870539628906e-003 -1.8958102488086407e-003 -9.9995672885533526e-001 1.1807797120798849e+000 0.0000000000000000e+000 0.0000000000000000e+000 0.0000000000000000e+000 1.0000000000000000e+000</transform>
      </camera>
      <camera id="63" sensor_id="0" label="_DSC8668.JPG" enabled="1">
        <transform>9.9936904847581642e-001 3.4496342195018882e-002 -8.4562003113912432e-003 1.2300445122136072e+001 3.4505496857740646e-002 -9.9940406685819183e-001 9.3906011913087555e-004 1.6643030499972291e+001 -8.4187668421606826e-003 -1.2302530109905454e-003 -9.9996380476614566e-001 1.2733649905652615e+000 0.0000000000000000e+000 0.0000000000000000e+000 0.0000000000000000e+000 1.0000000000000000e+000</transform>
      </camera>
      <camera id="64" sensor_id="0" label="_DSC8669.JPG" enabled="1">
        <transform>9.9941411871680841e-001 3.3288301482158472e-002 -7.9566509247865347e-003 1.0971213828670226e+001 3.3298853355324315e-002 -9.9944472218370395e-001 1.1973572396828387e-003 1.6693874657475458e+001 -7.9123747842595807e-003 -1.4616030828307866e-003 -9.9996762849689369e-001 1.3614718705948274e+000 0.0000000000000000e+000 0.0000000000000000e+000 0.0000000000000000e+000 1.0000000000000000e+000</transform>
      </camera>
      <camera id="65" sensor_id="0" label="_DSC8670.JPG" enabled="1">
        <transform>9.9937958353218437e-001 3.4233550300900549e-002 -8.2772007848801871e-003 9.5327084067462220e+000 3.4247393187708856e-002 -9.9941220493036975e-001 1.5364556820878948e-003 1.6744491094651060e+001 -8.2197371541906337e-003 -1.8189749894540626e-003 -9.9996456299766134e-001 1.3971275566029053e+000 0.0000000000000000e+000 0.0000000000000000e+000 0.0000000000000000e+000 1.0000000000000000e+000</transform>
      </camera>
      <camera id="66" sensor_id="0" label="_DSC8671.JPG" enabled="1">
        <transform>9.9936895058984643e-001 3.4534037700604724e-002 -8.3126913236069994e-003 8.1345693742785219e+000 3.4537806932901517e-002 -9.9940334381540763e-001 3.1026254631682555e-004 1.6766589838376419e+001 -8.2970168864465697e-003 -5.9716888334752373e-004 -9.9996540085150487e-001 1.4180785763074337e+000 0.0000000000000000e+000 0.0000000000000000e+000 0.0000000000000000e+000 1.0000000000000000e+000</transform>
      </camera>
      <camera id="67" sensor_id="0" label="_DSC8672.JPG" enabled="1">
        <transform>9.9928948609374368e-001 3.6839790187021187e-002 -7.9594498225878507e-003 6.6933166805448172e+000 3.6851177430115026e-002 -9.9931993372183880e-001 1.2887157149267939e-003 1.6783582249082784e+001 -7.9065608526221725e-003 -1.5811151621484096e-003 -9.9996749265680018e-001 1.4406076034980073e+000 0.0000000000000000e+000 0.0000000000000000e+000 0.0000000000000000e+000 1.0000000000000000e+000</transform>
      </camera>
      <camera id="68" sensor_id="0" label="_DSC8673.JPG" enabled="1">
        <transform>9.9941012341744395e-001 3.3480275951802869e-002 -7.6469819486005538e-003 5.3451433269655046e+000 3.3495423822736549e-002 -9.9943713737990003e-001 1.8614534122627997e-003 1.6860694343097631e+001 -7.5803557743911237e-003 -2.1164942858185767e-003 -9.9996902884952976e-001 1.4541197108155390e+000 0.0000000000000000e+000 0.0000000000000000e+000 0.0000000000000000e+000 1.0000000000000000e+000</transform>
      </camera>
      <camera id="69" sensor_id="0" label="_DSC8674.JPG" enabled="1">
        <transform>9.9944208379262856e-001 3.2593931592314898e-002 -7.2908687824696904e-003 3.9717636637729643e+000 3.2598663020096480e-002 -9.9946838128048432e-001 5.3102718436563137e-004 1.6817641082313926e+001 -7.2696845564225246e-003 -7.6840349025638971e-004 -9.9997328026429100e-001 1.4956870536305809e+000 0.0000000000000000e+000 0.0000000000000000e+000 0.0000000000000000e+000 1.0000000000000000e+000</transform>
      </camera>
      <camera id="70" sensor_id="0" label="_DSC8675.JPG" enabled="1">
        <transform>9.9940959157678710e-001 3.3367836341004167e-002 -8.1887582843856044e-003 2.5436135392429575e+000 3.3372044635903958e-002 -9.9944292679717495e-001 3.7777230702187490e-004 1.6768851984220344e+001 -8.1715911020660923e-003 -6.5082487404889721e-004 -9.9996640019844862e-001 1.5172265368297295e+000 0.0000000000000000e+000 0.0000000000000000e+000 0.0000000000000000e+000 1.0000000000000000e+000</transform>
      </camera>
      <camera id="71" sensor_id="0" label="_DSC8676.JPG" enabled="1">
        <transform>9.9939283178874527e-001 3.3901842734431524e-002 -8.0394544891710367e-003 1.1025683963435899e+000 3.3911677916498233e-002 -9.9942423905473954e-001 1.0901792249888643e-003 1.6757887260485347e+001 -7.9978666006170571e-003 -1.3621486940799943e-003 -9.9996708879881335e-001 1.5711813865752779e+000 0.0000000000000000e+000 0.0000000000000000e+000 0.0000000000000000e+000 1.0000000000000000e+000</transform>
      </camera>
      <camera id="72" sensor_id="0" label="_DSC8677.JPG" enabled="1">
        <transform>9.9941607392543252e-001 3.3153963485750504e-002 -8.2659472935366005e-003 -3.1932074819250217e-001 3.3156472833281672e-002 -9.9945015909988921e-001 1.6668671834664352e-004 1.6751548296967506e+001 -8.2558760122628284e-003 -4.4065904250500118e-004 -9.9996582258139122e-001 1.6210607654684344e+000 0.0000000000000000e+000 0.0000000000000000e+000 0.0000000000000000e+000 1.0000000000000000e+000</transform>
      </camera>
      <camera id="73" sensor_id="0" label="_DSC8678.JPG" enabled="1">
        <transform>9.9948806275068236e-001 3.0940227312958413e-002 -8.1433870539913827e-003 -1.7998550673900469e+000 3.0951113391838866e-002 -9.9952016207982974e-001 1.2141563805324559e-003 1.6789661161126773e+001 -8.1019132736771006e-003 -1.4655817047564842e-003 -9.9996610496134941e-001 1.6593939604309731e+000 0.0000000000000000e+000 0.0000000000000000e+000 0.0000000000000000e+000 1.0000000000000000e+000</transform>
      </camera>
      <camera id="74" sensor_id="0" label="_DSC8679.JPG" enabled="1">
        <transform>9.9952210809127751e-001 2.9910088514762630e-002 -7.8065384011067173e-003 -3.2660226914675716e+000 2.9915289499166393e-002 -9.9955228609281843e-001 5.5029156040508405e-004 1.6851478533697367e+001 -7.7865840360169525e-003 -7.8356343677639503e-004 -9.9996937709981426e-001 1.7050413804491162e+000 0.0000000000000000e+000 0.0000000000000000e+000 0.0000000000000000e+000 1.0000000000000000e+000</transform>
      </camera>
      <camera id="75" sensor_id="0" label="_DSC8680.JPG" enabled="1">
        <transform>9.9954699510512501e-001 2.9081007209652076e-002 -7.7523929200578774e-003 -4.7216708139484318e+000 2.9085887945145817e-002 -9.9957678207294176e-001 5.1755496815225426e-004 1.6882169005002993e+001 -7.7340609486362833e-003 -7.4280574499785965e-004 -9.9996981581489153e-001 1.7556706954007988e+000 0.0000000000000000e+000 0.0000000000000000e+000 0.0000000000000000e+000 1.0000000000000000e+000</transform>
      </camera>
      <camera id="76" sensor_id="0" label="_DSC8681.JPG" enabled="1">
        <transform>9.9958069692575524e-001 2.7880744022797024e-002 -7.8162936329938554e-003 -6.1503853409063032e+000 2.7879175266921217e-002 -9.9961125230157510e-001 -3.0961025993045708e-004 1.6926064725940034e+001 -7.8218872312377698e-003 9.1568619264694403e-005 -9.9996940437961890e-001 1.8030301893414127e+000 0.0000000000000000e+000 0.0000000000000000e+000 0.0000000000000000e+000 1.0000000000000000e+000</transform>
      </camera>
      <camera id="77" sensor_id="0" label="_DSC8682.JPG" enabled="1">
        <transform>9.9947052651975032e-001 3.1382064063030270e-002 -8.5925941064010358e-003 -7.5780231843872983e+000 3.1383792136237106e-002 -9.9950740527188264e-001 6.6316047151260808e-005 1.6977454289075620e+001 -8.5862803054032634e-003 -3.3594912190932529e-004 -9.9996308078283802e-001 1.8448261465186897e+000 0.0000000000000000e+000 0.0000000000000000e+000 0.0000000000000000e+000 1.0000000000000000e+000</transform>
      </camera>
      <camera id="78" sensor_id="0" label="_DSC8683.JPG" enabled="1">
        <transform>9.9966100455447249e-001 2.4452417045057965e-002 -8.9417712897173606e-003 -8.9558192530110610e+000 2.4459306355320874e-002 -9.9970060729000421e-001 6.6190377957478410e-004 1.6957768348314119e+001 -8.9229090413169062e-003 -8.8038892054254027e-004 -9.9995980249687488e-001 1.8755832379695176e+000 0.0000000000000000e+000 0.0000000000000000e+000 0.0000000000000000e+000 1.0000000000000000e+000</transform>
      </camera>
      <camera id="79" sensor_id="0" label="_DSC8684.JPG" enabled="1">
