# Cameras (603)
# PhotoID, X, Y, Z, Omega, Phi, Kappa, r11, r12, r13, r21, r22, r23, r31, r32, r33
DSC00621.JPG	2693784.9365374408662319	1256202.9099875274114311	584.3072091190559831	2.2727147097372127	-0.3106427649421750	126.7975589259604163	-0.5989806792860973	0.8002557953978036	0.0285097838328261	-0.8007451222927997	-0.5983461485722991	-0.0280915576817178	-0.0054217124835458	-0.0396553706441580	0.9991987072713918
DSC00622.JPG	2693784.8263638634234667	1256203.0409813816659153	584.1417536196848914	2.3845543785775285	-0.5395515179204513	128.5559671605569747	-0.6232511643064306	0.7815667569504764	0.0266719069545890	-0.7819650310952385	-0.6224327054073359	-0.0332898991216162	-0.0094168112915725	-0.0416044669383061	0.9990897817493075
DSC00623.JPG	2693783.4604423455893993	1256204.1795755154453218	584.0938130064115512	2.5811183649394027	-0.5588004989633326	130.1186512805542748	-0.6443419517599519	0.7642188649073811	0.0281598246061686	-0.7646753121374306	-0.6433829949872286	-0.0364690110749761	-0.0097527539545810	-0.0450316364452631	0.9989379537835987
DSC00624.JPG	2693780.3084805775433779	1256206.6502543271053582	583.9996603783828277	2.8163948386216866	-0.5493149360836564	131.2231595647751590	-0.6589632541840499	0.7515505256720534	0.0306469737042289	-0.7521140306426921	-0.6578432374234073	-0.0395823178539911	-0.0095872073916652	-0.0491333119009021	0.9987462155703412
DSC00625.JPG	2693778.3128106556832790	1256208.1524592575151473	583.9906058933972872	2.9693997042347111	-0.6098180103454497	131.2051982192047319	-0.6587204091771715	0.7517081918850603	0.0319721251460317	-0.7523125323243676	-0.6574584309021402	-0.0421220291936839	-0.0106431311725968	-0.0517996707382391	0.9986007800268600
DSC00626.JPG	2693776.3063241150230169	1256209.6821139575913548	584.0065299391017106	3.0006313959465993	-0.5795461962606719	131.2076927863944604	-0.6587567756256985	0.7516438086522613	0.0327275951141582	-0.7522879774714750	-0.6574889055564920	-0.0420848906616639	-0.0101148168105430	-0.0523442832107737	0.9985778720240300
DSC00627.JPG	2693774.3539897371083498	1256211.1160941717680544	583.9648834849361947	3.1585168083228252	-0.6749978543785462	131.2146306623279770	-0.6588358475191463	0.7515316404180081	0.0336974698508031	-0.7521944841694842	-0.6573923934302168	-0.0451519550528535	-0.0117806624911891	-0.0550947775266353	0.9984116292795069
DSC00628.JPG	2693773.2706445138901472	1256211.9781595489475876	583.9716672860206472	3.1808936127200433	-0.6950749481272565	131.2181748034554687	-0.6588796141433794	0.7514905691369634	0.0337576445338608	-0.7521505778236501	-0.6574065699024948	-0.0456739545976224	-0.0121310488343098	-0.0554844694237929	0.9983858529180689
DSC00629.JPG	2693771.0117698870599270	1256213.7192276751156896	583.9798204439296114	3.3001597859409162	-0.7001329780105738	131.2244720840830894	-0.6589615694249369	0.7513497720512889	0.0352586168120744	-0.7520773485496605	-0.6573888325073368	-0.0471124685529531	-0.0122193215661217	-0.0575625132626908	0.9982671211891867
DSC00630.JPG	2693769.8836014904081821	1256214.6456244194414467	583.9873761670685326	3.3624254085243828	-0.7351262540926807	131.2207524198147723	-0.6589077022080457	0.7513772875321872	0.0356764873787525	-0.7521143732959231	-0.6572615266282984	-0.0482830725608851	-0.0128300215352235	-0.0586468873429080	0.9981963399814660
DSC00631.JPG	2693768.8580340091139078	1256215.4548625026363879	583.9912527812884946	3.4206347290593584	-0.7514376852595531	131.2255893667014846	-0.6589687600125842	0.7512963628746048	0.0362484269847341	-0.7520559675615389	-0.6572627862794853	-0.0491675851268379	-0.0131146857588859	-0.0596607484324341	0.9981325563841348
DSC00632.JPG	2693767.1360849849879742	1256216.8109929491765797	583.9660436120161648	3.3925934667466411	-0.6840560218788174	131.2205585861121904	-0.6589124318576527	0.7513258663272994	0.0366585560404046	-0.7521249055058215	-0.6572731434381661	-0.0479597897490322	-0.0119387462194856	-0.0591731146927861	0.9981763415530653
DSC00633.JPG	2693765.7688498627394438	1256217.9610801311209798	583.9556246500395673	3.4495995594854674	-0.7496564037504404	131.2363993894257703	-0.6591109074909690	0.7511526944215422	0.0366393407376357	-0.7519319324635909	-0.6573809854064442	-0.0494834211390245	-0.0130835991990245	-0.0601653528977430	0.9981026749501726
DSC00634.JPG	2693763.8458694145083427	1256219.4439238184131682	583.9284346109532180	3.4637368170958589	-0.7550723640383278	131.2362411273637406	-0.6591080123427374	0.7511492110343156	0.0367626281450530	-0.7519328196638944	-0.6573623866904736	-0.0497164688700850	-0.0131781173887297	-0.0604115496170266	0.9980865603217781
DSC00635.JPG	2693761.5662645120173693	1256221.2370892183389515	583.8905921781456527	3.5082472408044985	-0.8102194501422744	131.2311039184209562	-0.6590319252790120	0.7512181741324682	0.0367175205606213	-0.7519820257118029	-0.6572119268388863	-0.0509462091532975	-0.0141405257827184	-0.0611860937942559	0.9980262057966158
DSC00636.JPG	2693760.1767992265522480	1256222.3241035402752459	583.8660151335182036	3.5162844491905543	-0.8624692796157626	131.2408629295750302	-0.6591512235399299	0.7511379327283918	0.0362142309366276	-0.7518597548476054	-0.6572906636944881	-0.0517290291863144	-0.0150523601575332	-0.0613252756746997	0.9980043271535001
DSC00637.JPG	2693758.2297207377851009	1256223.8102423460222781	583.8480173636936570	3.6196889697696153	-0.9818379655718572	131.2427266786227733	-0.6591535756408629	0.7511366743235887	0.0361975165717854	-0.7518131014462008	-0.6571217780206509	-0.0544796232074248	-0.0171354665448435	-0.0631242056352257	0.9978585623469954
DSC00638.JPG	2693756.8395396042615175	1256224.8906381330452859	583.8345102495841275	3.6319884111708394	-0.9550454393849317	131.2376842560717591	-0.6590926182492075	0.7511671900396247	0.0366711491145107	-0.7518770518912463	-0.6570662333230433	-0.0542665999118815	-0.0166679155485132	-0.0633389109050872	0.9978528764084538
DSC00639.JPG	2693755.3613165374845266	1256226.0571188302710652	583.7962344940093544	3.6346550379639955	-0.9323094177786061	131.2154164173793447	-0.6588046597736746	0.7514042188507801	0.0369881082747159	-0.7521380657217747	-0.6567906397642003	-0.0539850498790186	-0.0162711509365460	-0.0633857666308645	0.9978564497139947
DSC00640.JPG	2693754.0030057765543461	1256227.1185808877926320	583.7932610537092160	3.5875103919937934	-0.9337554851570936	131.2160750751909859	-0.6588130353243768	0.7514278889558885	0.0363526090670044	-0.7521301830684749	-0.6568422883505275	-0.0534639687249790	-0.0162963862271312	-0.0625646540287742	0.9979078574007704
DSC00641.JPG	2693753.3203398399055004	1256227.6939969160594046	583.7801728756794546	3.6064205209583533	-0.9436309966104309	131.2060401248066626	-0.6586794347750734	0.7515380180479061	0.0364967071530469	-0.7522434335756771	-0.6566848361393891	-0.0538037417551925	-0.0164687232858327	-0.0628938265111086	0.9978843358526708
DSC00642.JPG	2693751.8194718714803457	1256228.9001901526935399	583.8033570422643379	3.5546922603914815	-0.9994654676673256	131.2053375494694762	-0.6586593255471734	0.7516185115007000	0.0351782040362365	-0.7522390789382700	-0.6566784774097971	-0.0539420561793270	-0.0174430785082657	-0.0619918581446248	0.9979242198363217
DSC00643.JPG	2693750.5098180100321770	1256230.0207938202656806	583.7702457404614051	3.5372291831895213	-0.9011071367355924	131.1858577384695366	-0.6584222842562972	0.7517826875345335	0.0360955165924201	-0.7524843974785068	-0.6565190033065963	-0.0524407270041338	-0.0157266381063400	-0.0616894563168457	0.9979714844789925
DSC00644.JPG	2693749.7445349842309952	1256230.5758158189710230	583.7167662062405498	3.4391780920434587	-0.9672804391792033	131.1372452769719530	-0.6577712160941590	0.7524457572986664	0.0340941285450688	-0.7530285816064664	-0.6559174754699801	-0.0521557346496227	-0.0168814265322729	-0.0599803942661685	0.9980567968517174
DSC00645.JPG	2693751.8919750917702913	1256232.8223663507960737	583.7726603365605342	3.3623583733636520	-1.0022640890005905	131.4260027034123368	-0.6615509925469476	0.7491989201597719	0.0324231752236023	-0.7496961498682996	-0.6597439987402767	-0.0518993159765913	-0.0174919162128169	-0.0586415736284621	0.9981258431227905
DSC00646.JPG	2693752.3939981497824192	1256232.4843199097085744	583.7677513736483661	3.2987197355388744	-0.9324697509568723	131.3729805351378275	-0.6608705251288531	0.7497984147162181	0.0324420453264029	-0.7503234686472612	-0.6591601965739283	-0.0502247712763608	-0.0162739489078877	-0.0575340989472039	0.9982108925699401
DSC00647.JPG	2693754.1604749206453562	1256230.8940478940494359	583.7654481104475508	3.1011071333328006	-0.9081538435310151	131.3507772467396251	-0.6605842132366428	0.7501461283599371	0.0301543252141799	-0.7505846301739024	-0.6590560795788509	-0.0476213913788925	-0.0158496110119862	-0.0540913123962892	0.9984101961388495
DSC00648.JPG	2693755.8670399785041809	1256229.3959561155643314	583.7856697600423104	3.0589599012989055	-0.8810327858553612	131.3256512463592287	-0.6602598749515790	0.7504403891822229	0.0299352603623146	-0.7508797949110554	-0.6587808632319152	-0.0467686629458687	-0.0153763169600719	-0.0533572537097560	0.9984570959001176
DSC00649.JPG	2693758.2109491694718599	1256227.4137444540392607	583.8310733089967925	3.0539138843578257	-0.8938604937211185	131.3305120962285741	-0.6603212855841989	0.7503950061624433	0.0297175794925835	-0.7508211733283248	-0.6588396876166426	-0.0468810377773675	-0.0156001758422328	-0.0532691350377725	0.9984583285075141
DSC00650.JPG	2693759.7788509037345648	1256226.1296669361181557	583.8519395133198486	3.0934564775567397	-0.9309769810536436	131.3209731924300741	-0.6601894645659057	0.7505070686599695	0.0298162835981051	-0.7509233493953781	-0.6586559890333334	-0.0478164348665626	-0.0162478986028657	-0.0539576500780184	0.9984110264760947
DSC00651.JPG	2693761.3393437005579472	1256224.9278200995177031	583.8549183515293635	3.1542619564784817	-1.0252263025220856	131.3273208846991906	-0.6602541110590364	0.7504617956034696	0.0295229092275485	-0.7508291170362932	-0.6586200515200318	-0.0497520325841173	-0.0178926197115294	-0.0550156439148697	0.9983251640044396
DSC00652.JPG	2693762.7839022241532803	1256223.8268798079807311	583.8206012205919251	3.2111810924453144	-1.0389488876988811	131.3065709979684925	-0.6599793044744908	0.7506794054119235	0.0301288558655794	-0.7510649407032329	-0.6582884100794026	-0.0505749345188039	-0.0181320851480589	-0.0560071374517014	0.9982657101406670
DSC00653.JPG	2693764.2341493722051382	1256222.6516579007729888	583.8096567078539465	3.2200851677709790	-1.0531624545402285	131.3145123474839409	-0.6600804078465596	0.7505926655111484	0.0300750005484465	-0.7509700569686739	-0.6583741171870783	-0.0508674292116499	-0.0183801173441873	-0.0561620182953320	0.9982524725676410
DSC00654.JPG	2693765.6328197084367275	1256221.4548565649893135	583.8099146404417752	3.3108602742708291	-1.1013492963366127	131.2992619627646320	-0.6598700636531839	0.7507513169414659	0.0307239191021887	-0.7511338447477143	-0.6580564211619397	-0.0525327882570147	-0.0192209877181056	-0.0577425898119808	0.9981464556631687
DSC00655.JPG	2693767.1690422631800175	1256220.2092259852215648	583.8370442166664134	3.3090549002161489	-1.0876093873599888	131.3199714714054096	-0.6601445415888233	0.7505052433800773	0.0308393234279425	-0.7508987264037998	-0.6583397858540222	-0.0523433763415360	-0.0189812248191046	-0.0577114028653919	0.9981528475557616
DSC00656.JPG	2693768.6895523816347122	1256218.9492213099729270	583.8652997810373790	3.3688741693123085	-1.0563651990151692	131.2918616841159860	-0.6597827972726393	0.7507743638901613	0.0320080450576857	-0.7512301738445238	-0.6579405839209912	-0.0526062157471136	-0.0184360063087844	-0.0587540854326675	0.9981022348018030
DSC00657.JPG	2693770.2002429924905300	1256217.8119150851853192	583.8885270077605583	3.3380775345077232	-1.0066194664365904	131.3007951673415334	-0.6599102359306954	0.7506554998039803	0.0321683249164599	-0.7511390341963583	-0.6581237925768023	-0.0516064429203170	-0.0175679202085925	-0.0582185044325551	0.9981492743679080
DSC00658.JPG	2693771.7563451007008553	1256216.6109716494102031	583.8902427820636376	3.3538653274740722	-1.0135814394891194	131.3087941351169547	-0.6600136807593076	0.7505594142560333	0.0322878751575793	-0.7510452888876923	-0.6582089986981176	-0.0518834084503369	-0.0176894106785310	-0.0584934159069396	0.9981310560469422
DSC00659.JPG	2693773.6286557018756866	1256215.1269974128808826	583.8714786362214682	3.3745284645627223	-0.9578459816678038	131.2980338257035555	-0.6598836651326040	0.7506335335474386	0.0332091373758443	-0.7511818005712373	-0.6580922900945703	-0.0513852139105935	-0.0167167874220651	-0.0588543628983502	0.9981266016824293
DSC00660.JPG	2693774.4782544989138842	1256214.4216545706149191	583.8581101609947837	3.3756223389760396	-0.9325207330605445	131.2887620975901086	-0.6597669098084084	0.7507222121610810	0.0335229009758504	-0.7512940531846036	-0.6579893845430944	-0.0510608996987925	-0.0162748385956135	-0.0588738481549625	0.9981327565169441
DSC00661.JPG	2693775.8798608928918839	1256213.2912196617107838	583.8546402131299828	3.3774046539382927	-0.8780212143619532	131.2862861889962574	-0.6597443596611622	0.7507126315905449	0.0341749128116256	-0.7513338553761935	-0.6579974570920742	-0.0503664990436011	-0.0153237613146310	-0.0589057826597994	0.9981459267604156
DSC00662.JPG	2693777.7208729274570942	1256211.8132484671659768	583.8740540408051629	3.4014016261918609	-0.8688098487814523	131.2783406957514387	-0.6596417788248000	0.7507831980503085	0.0346022131402816	-0.7514271799157092	-0.6578793626566318	-0.0505167049046962	-0.0151630113360739	-0.0593239725225459	0.9981236142739869
DSC00663.JPG	2693779.1588388457894325	1256210.6494737959001213	583.8616539470199314	3.4587246209943570	-0.8879642711616439	131.2747497074585965	-0.6595913013521474	0.7508027343758971	0.0351364374155562	-0.7514646694953963	-0.6577662825632205	-0.0514234190144586	-0.0154972797856672	-0.0603222311974505	0.9980586469454620
DSC00664.JPG	2693780.8999235089868307	1256209.3092804655898362	583.8508097061974240	3.4772282972618500	-0.9050852018802081	131.2665266407318825	-0.6594803608837062	0.7508976924355769	0.0351896164176658	-0.7515558117019456	-0.6576282599646558	-0.0518549283375124	-0.0157960598164767	-0.0606442675838808	0.9980344469523530
DSC00665.JPG	2693781.7198935188353062	1256208.6402408813592046	583.8458479630226066	3.4908671125749651	-0.9139038952418700	131.2722303414817020	-0.6595535622038153	0.7508300074627978	0.0352618558455589	-0.7514883215983406	-0.6576836013914328	-0.0521304417984730	-0.0159499556603335	-0.0608816914532638	0.9980175442146410
DSC00666.JPG	2693783.2161091994494200	1256207.4749759826809168	583.8250301382605585	3.5446427510720335	-0.8752966824509598	131.2590017777617106	-0.6593869773665358	0.7509209273781946	0.0364221760044058	-0.7516484892155003	-0.6574923345998501	-0.0522338836627589	-0.0152762148282601	-0.0618190162321551	0.9979704637375846
DSC00667.JPG	2693783.8727431688457727	1256206.9692301931791008	583.8206255382492600	3.5854045299091610	-0.9042323312032607	131.2615359075544177	-0.6594150493138671	0.7508865722414300	0.0366216925592825	-0.7516134293730451	-0.6574644805087791	-0.0530821029671194	-0.0157811762705059	-0.0625284934796748	0.9979184044693642
DSC00668.JPG	2693785.2921021338552237	1256205.8404459282755852	583.8272065148925094	3.5924827824790388	-0.8557027529508600	131.2388394959012032	-0.6591258379990537	0.7511074389215959	0.0372926920278838	-0.7518843641840173	-0.6572003257731605	-0.0525131859559860	-0.0149342752633306	-0.0626525897333355	0.9979236546059349
DSC00669.JPG	2693785.9348484277725220	1256205.2985363567713648	583.8295039918176599	3.5978923672189351	-0.8634993660271020	131.2344080524861454	-0.6590663372142117	0.7511603699651445	0.0372781671340031	-0.7519338056692791	-0.6571308489914673	-0.0526744643586253	-0.0150703365177273	-0.0627466803710066	0.9979156973711062
DSC00670.JPG	2693787.0328254606574774	1256204.3860587687231600	583.8283385154296639	3.6205541072985539	-0.8798316555264647	131.2432532800496006	-0.6591795528158847	0.7510559800527991	0.0373795662947009	-0.7518287904829487	-0.6572123830379090	-0.0531540533033863	-0.0153553557560894	-0.0631410992030006	0.9978864738240721
DSC00671.JPG	2693787.3903947640210390	1256204.1891355174593627	583.8558492337914458	3.7117239569272229	-0.8657096888830493	131.2492236890613810	-0.6592603676423584	0.7509165524071604	0.0387311112286597	-0.7517629204135229	-0.6572172192662712	-0.0540188688445190	-0.0151089095368681	-0.0647291126221806	0.9977884860188316
DSC00672.JPG	2693788.7309729754924774	1256206.9092180733568966	583.8951953050583370	3.6486148456274350	-0.8210991557343337	131.1896549036209763	-0.6584859725501755	0.7516090766427429	0.0384710262781402	-0.7524565527554726	-0.6565324973854364	-0.0526708277150903	-0.0143303932255796	-0.0636307770272090	0.9978706148819666
DSC00673.JPG	2693787.0830563269555569	1256208.2924732349347323	583.9620982573601395	3.5297971301655480	-0.7110555233489670	131.2788357624910702	-0.6596733138602285	0.7505862653760140	0.0380969448847616	-0.7514500065426160	-0.6578983738080939	-0.0499261194943936	-0.0124099414892721	-0.0615628781779566	0.9980260544608439
DSC00674.JPG	2693784.6826270613819361	1256210.1540062981657684	583.9118402115628896	3.6302701824376031	-0.7566890060700551	131.2741728121913525	-0.6596054265051624	0.7506051016058392	0.0388929655365934	-0.7514960240450049	-0.6577108324142993	-0.0516738499575832	-0.0132063306596429	-0.0633122608045053	0.9979063836163845
DSC00675.JPG	2693781.8312817625701427	1256212.2472646031528711	583.8349157662993321	3.6891453641380569	-0.8518791576914383	131.2783859881369892	-0.6596452999718865	0.7505868942428502	0.0385667267974964	-0.7514299929009888	-0.6576322491622902	-0.0535984200379780	-0.0148675483459643	-0.0643361411076287	0.9978175268823254
DSC00676.JPG	2693779.7447628583759069	1256213.8971369336359203	583.8096958231035387	3.6871767169653502	-0.8723421553135955	131.2676815611764880	-0.6595013563268154	0.7507262172501891	0.0383158940429812	-0.7515491806232240	-0.6574765869614057	-0.0538364811456156	-0.0152246545987551	-0.0643015111082459	0.9978143743009243
DSC00677.JPG	2693778.2634137105196714	1256215.0648792567662895	583.7935948835603313	3.6667902334175331	-0.8598502939797784	131.2645580784107437	-0.6594625581539402	0.7507664500620020	0.0381951810358410	-0.7515876094553615	-0.6574652531036103	-0.0534369373615335	-0.0150066553980365	-0.0639466842197916	0.9978404791704231
DSC00678.JPG	2693777.4466595947742462	1256215.7244592043571174	583.8092976437291100	3.6448640256883578	-0.8687366435410955	131.2633744566607845	-0.6594454886942577	0.7508010960183331	0.0378068996145103	-0.7515994739677851	-0.6574627340008949	-0.0533008830266168	-0.0151617338104753	-0.0635646727179419	0.9978625427432986
DSC00679.JPG	2693775.8220063541084528	1256216.9839882710948586	583.8073491789341460	3.6192364957978840	-0.8630201986475979	131.2582218551922324	-0.6593788890643301	0.7508729031738801	0.0375414961811518	-0.7516599081918007	-0.6574237193140785	-0.0529285905757687	-0.0150619744185008	-0.0631184328264990	0.9978923791492464
DSC00680.JPG	2693774.0372297614812851	1256218.3424425434786826	583.7967464216859526	3.5874667238846438	-0.8405611101487666	131.2427765975665466	-0.6591800813180725	0.7510546388186577	0.0373971911040796	-0.7518420116847656	-0.6572689643973887	-0.0522599072501004	-0.0146700326960709	-0.0625654693018473	0.9979330399339106
DSC00681.JPG	2693773.2436064016073942	1256218.9894119556993246	583.8057043427066901	3.6102863622348513	-0.8732268560371597	131.2422726330155740	-0.6591678473254011	0.7510691304131467	0.0373217147628060	-0.7518413985641877	-0.6572145005926374	-0.0529491417854585	-0.0152400937478281	-0.0629623820325303	0.9978995330148959
DSC00682.JPG	2693771.9334192760288715	1256220.0770106345880777	583.7972543300614916	3.5112770686498527	-0.8438978102491346	131.2494637933095305	-0.6592672625927407	0.7510293301017548	0.0363541166910153	-0.7517644276953758	-0.6574228546340695	-0.0514337968327779	-0.0147282628072033	-0.0612383501712891	0.9980145002668952
DSC00683.JPG	2693769.9071947559714317	1256221.6598000926896930	583.7980387625193543	3.5191570658227209	-0.8634185467713071	131.2307219784234462	-0.6590179748540995	0.7512531099405627	0.0362501534318758	-0.7519762205581489	-0.6571543484920509	-0.0517680014397905	-0.0150689261157887	-0.0613752968434502	0.9980010022054564
DSC00684.JPG	2693769.0868825726211071	1256222.3052222707774490	583.7970018537549777	3.5161043184923835	-0.8694995219283264	131.2329969571496235	-0.6590467743501380	0.7512332364807257	0.0361382570881943	-0.7519488461103391	-0.6571820400294541	-0.0518140820246253	-0.0151750470183085	-0.0613220243421497	0.9980026689736723
DSC00685.JPG	2693767.7297541014850140	1256223.4283679635263979	583.7840734474551709	3.5338446928765812	-0.9215125684542089	131.2334183855199399	-0.6590429535118640	0.7512540544049303	0.0357733303805055	-0.7519333288666298	-0.6571294161446957	-0.0526991401910946	-0.0160827350257205	-0.0616301563967343	0.9979694732087784
DSC00686.JPG	2693765.6050134599208832	1256225.0717900497838855	583.8155178470937017	3.5537276467446808	-1.0209303956079259	131.2280620628352210	-0.6589532719459275	0.7513738958633580	0.0348977650699390	-0.7519728163967651	-0.6569599771834840	-0.0542261171336595	-0.0178176539441586	-0.0619746479957431	0.9979186711419573
DSC00687.JPG	2693764.0523028690367937	1256226.2890181033872068	583.8203229166555275	3.6005330719653332	-1.1133377272202214	131.2336023528849864	-0.6590061836213124	0.7513483600474088	0.0344454903135803	-0.7518865059381312	-0.6569119539630491	-0.0559764854970150	-0.0194301862322903	-0.0627879494371257	0.9978377329347990
DSC00688.JPG	2693762.1306556314229965	1256227.7779559185728431	583.7952433194137711	3.5901034051740535	-1.1941681764411960	131.2284111148589716	-0.6589193353826239	0.7514723437085955	0.0333860165343499	-0.7519248476082819	-0.6567876287739060	-0.0569125139034631	-0.0208406575755813	-0.0626045312310633	0.9978207953641557
DSC00689.JPG	2693760.9949716143310070	1256228.6415036940015852	583.7871980860463736	3.5728711139719715	-1.1783697379880012	131.2306602125159998	-0.6589526134709759	0.7514452451096937	0.0333391181917483	-0.7519032748425667	-0.6568471344787107	-0.0565093550496762	-0.0205649819059975	-0.0623047793442827	0.9978452765785217
DSC00690.JPG	2693759.0599591825157404	1256230.1695664443541318	583.7475439924240845	3.4967131336758634	-1.1673574782847056	131.2389525345521974	-0.6590640216484056	0.7513860869519865	0.0324586460532769	-0.7518108561952457	-0.6570392348181416	-0.0554966703196034	-0.0203728219842330	-0.0609786212091863	0.9979311378446037
DSC00691.JPG	2693757.9189871214330196	1256231.0740490707103163	583.7501161818075843	3.4876739920413384	-1.1507465497336993	131.2196763230326155	-0.6588149144221231	0.7516005894392462	0.0325493853943286	-0.7520369558840153	-0.6568084150862398	-0.0551645072180025	-0.0200829659082959	-0.0608215408098139	0.9979465990992937
DSC00692.JPG	2693756.3672324623912573	1256232.3468789160251617	583.7476587391964813	3.4602999289920380	-1.2456990736913975	131.2206665572888937	-0.6588050753130011	0.7516706011086957	0.0310995204259396	-0.7519995027969066	-0.6567724654158156	-0.0560952445830869	-0.0217398375117141	-0.0603426557297911	0.9979409518425628
DSC00693.JPG	2693755.2843649890273809	1256233.2466234734747559	583.7296401093261693	3.4356079650926552	-1.2200018931872196	131.2087477358305136	-0.6586549854220841	0.7518028434555172	0.0310820647775092	-0.7521437925834190	-0.6566604128968165	-0.0554690671673239	-0.0212914409297341	-0.0599131597095499	0.9979764966354436
DSC00694.JPG	2693753.5204808693379164	1256234.7549190944992006	583.7517506252346493	3.3646905743231419	-1.1112887871209689	131.1981001185183402	-0.6585406222865225	0.7518894357721976	0.0314089982751213	-0.7522952244945746	-0.6566726104322644	-0.0532257260235412	-0.0193944322200194	-0.0586801421457275	0.9980884213919229
DSC00695.JPG	2693753.1641114838421345	1256234.9685860748868436	583.7492355230020848	3.2413515984515189	-1.1183538363960372	131.1744945166798857	-0.6582290447211316	0.7522304249903565	0.0297306643776116	-0.7525646705757720	-0.6564705614371930	-0.0518923748494554	-0.0195177172508935	-0.0565313159688047	0.9982100325222890
DSC00696.JPG	2693755.1240959763526917	1256236.9950919747352600	583.7974590125451186	3.2049086481054556	-1.1413296255229919	131.1525328450368590	-0.6579353323557890	0.7525155180314679	0.0290085084020074	-0.7528109630715504	-0.6561981695509044	-0.0517650090053858	-0.0199186424527918	-0.0558959515517435	0.9982378926302902
DSC00697.JPG	2693755.2372344285249710	1256236.8818774353712797	583.7977756021128926	3.1917559379737921	-1.1146478287316657	131.1531248911404646	-0.6579491440612607	0.7524983171261725	0.0291411487648095	-0.7528110671159088	-0.6562373302880189	-0.0512646424376541	-0.0194530474954649	-0.0556673069110811	0.9982598508827282
DSC00698.JPG	2693755.8715598993003368	1256236.2880176703911275	583.7874478153520386	3.1705550224287902	-1.0087853826376565	131.1103595194231843	-0.6574095756867402	0.7529314864806367	0.0301135594282631	-0.7533277431063879	-0.6557713832992480	-0.0496105262220320	-0.0176057167311048	-0.0552998147542159	0.9983145642664609
DSC00699.JPG	2693758.3144007232040167	1256234.2446341014001518	583.7735661167565695	3.0924613867489321	-0.9486478537554782	131.0825286304204269	-0.6570553576596718	0.7532531059388525	0.0297995866446571	-0.7536604983859909	-0.6555152406963837	-0.0479126537288642	-0.0165562720230144	-0.0539400371545524	0.9984069121597995
DSC00700.JPG	2693760.3957562427967787	1256232.5814817559439689	583.7726222777067733	3.0913164927417371	-0.8996304199115294	131.0818205313051692	-0.6570551106994277	0.7532314889382106	0.0303464260776950	-0.7536790193820367	-0.6555416600535204	-0.0472553454924037	-0.0157008677178689	-0.0539208309116381	0.9984217679651745
DSC00701.JPG	2693761.4798809662461281	1256231.7925474999938160	583.7776872863115614	3.0795718617508712	-0.8682296475231853	131.0646880881650134	-0.6568352720321735	0.7534143424079229	0.0305655699841803	-0.7538818312295050	-0.6553482683663487	-0.0466993757054256	-0.0151528860772005	-0.0537166250174537	0.9984412422572827
DSC00702.JPG	2693762.9448571559041739	1256230.7503957820590585	583.7841251314183637	3.1015849023307882	-0.8503969417745718	131.0738594119367519	-0.6569590041838386	0.7532865720731388	0.0310516852373528	-0.7537802009256478	-0.6554635603639707	-0.0467218335200714	-0.0148416816523296	-0.0541004747602813	0.9984251915473904
DSC00703.JPG	2693765.0179995018988848	1256229.2062131185084581	583.8253923566697949	3.1195556475868780	-0.8958049251435561	131.0937789337647246	-0.6572130869509747	0.7530772208483235	0.0307515492249804	-0.7535426550593192	-0.6556782199936545	-0.0475346066787625	-0.0156341084338779	-0.0544129696425294	0.9983961154712889
DSC00704.JPG	2693766.4801822304725647	1256228.0616287719458342	583.8330010982093654	3.1403165795072336	-0.8944495164492720	131.0809171769032275	-0.6570441579854743	0.7532123410077534	0.0310506652228159	-0.7536904458413878	-0.6554928648908867	-0.0477474179882874	-0.0156104549763619	-0.0547747517635510	0.9983767025850876
DSC00705.JPG	2693767.5177081432193518	1256227.2081651717890054	583.8479043589952653	3.1598990289498792	-0.8929376525180847	131.0949219656576474	-0.6572286331915663	0.7530404882126392	0.0313136843187735	-0.7535301324024913	-0.6556616888652738	-0.0479592464058903	-0.0155840711827606	-0.0551159946549765	0.9983583343963046
DSC00706.JPG	2693769.5106839314103127	1256225.5624597256537527	583.8704170093520815	3.1683517561627865	-0.9325129944343553	131.0876829234710499	-0.6571261919394167	0.7531437797725148	0.0309776509304838	-0.7536048711968317	-0.6555306889160447	-0.0485717407312393	-0.0162747035489952	-0.0552626716620362	0.9983392064549838
DSC00707.JPG	2693770.3949835002422333	1256224.8498768124263734	583.8669638187921009	3.2144812329276684	-0.9518176435598984	131.0845115239595771	-0.6570808370246337	0.7531672906392388	0.0313656807060747	-0.7536370670088093	-0.6554354451971276	-0.0493512756633769	-0.0166115876834786	-0.0560661171331865	0.9982888588300693
DSC00708.JPG	2693772.0502581577748060	1256223.5801994365174323	583.8756662805268434	3.2244276851079774	-0.9522901479881053	131.1039344696337707	-0.6573361878898971	0.7529399098921773	0.0314742463283542	-0.7534141737659027	-0.6556817984885801	-0.0494819350816399	-0.0166198333030124	-0.0562394098683625	0.9982789739940627
DSC00709.JPG	2693774.0276235416531563	1256222.0373355955816805	583.8924306647470530	3.2761205899613919	-0.9541900724374411	131.0886174427917297	-0.6571343897046135	0.7530876984911491	0.0321451745811018	-0.7535894584165396	-0.6554341593038908	-0.0500898291179797	-0.0166529886510327	-0.0571400139911300	0.9982272771118220
DSC00710.JPG	2693774.8453422375023365	1256221.4240275323390961	583.8746419968572354	3.2483157469320840	-0.9192633113845633	131.0955688305718638	-0.6572323644161521	0.7530009791019778	0.0321736636927935	-0.7535172365728600	-0.6555757824770291	-0.0493170114385652	-0.0160434831490669	-0.0566561461899255	0.9982648384809272
DSC00711.JPG	2693776.8257775530219078	1256219.7844626060687006	583.8798338722490371	3.2613111922509535	-0.8725622122356775	131.1088010400421808	-0.6574147479248214	0.7528117581680417	0.0328680083802753	-0.7533750341993668	-0.6557733969418043	-0.0488601034435004	-0.0152284948713289	-0.0568832895264450	0.9982646865018340
DSC00712.JPG	2693778.3808192871510983	1256218.4657804935704917	583.8555838291492819	3.3369826759854662	-0.8447452579117375	131.1001909388496927	-0.6573063101470936	0.7528476446750885	0.0341882808574049	-0.7534793010162368	-0.6556164586805276	-0.0493558714570746	-0.0147430519532377	-0.0582020877149284	0.9981959524085079
DSC00713.JPG	2693779.4108498357236385	1256217.6181223737075925	583.8536419190559172	3.3224852947056100	-0.7961477042528990	131.0934674226255368	-0.6572258696207527	0.7529008950514010	0.0345600713547410	-0.7535655821630980	-0.6555776188433183	-0.0485479047016049	-0.0138949516169119	-0.0579502191758118	0.9982227719387288
DSC00714.JPG	2693781.2954408563673496	1256216.0473056258633733	583.8368420774252172	3.3055736625574923	-0.7656479263343677	131.1036338400028285	-0.6573643395805958	0.7527745474717333	0.0346786061786561	-0.7534544205483676	-0.6557486308154715	-0.0479600806896556	-0.0133626795176204	-0.0576559958925523	0.9982470760957668
DSC00715.JPG	2693782.1543272957205772	1256215.3484271350316703	583.8436651154326000	3.2698754886258028	-0.7362765961955604	131.0966254900861543	-0.6572765894331232	0.7528569977245848	0.0345517866439167	-0.7535398861286128	-0.6557083323512847	-0.0471616676801667	-0.0128500971373346	-0.0570344094579958	0.9982895126872458
DSC00716.JPG	2693784.6019699703902006	1256213.3504232473205775	583.8759749721155003	3.3916291825575935	-0.8374361243933355	131.1053230312822677	-0.6573750292306935	0.7527510099858437	0.0349855385729198	-0.7534218328293868	-0.6556422012677156	-0.0498883326323104	-0.0146154972529954	-0.0591542127165685	0.9981418568309470
DSC00717.JPG	2693786.6453767903149128	1256211.7351507071871310	583.8844887967510431	3.3960115369828823	-0.8353808311075083	131.1246356029738536	-0.6576292906412176	0.7525258969983459	0.0350498279248872	-0.7532006044183154	-0.6558936741557875	-0.0499233182621718	-0.0145796294401920	-0.0592305879529911	0.9981378521307215
DSC00718.JPG	2693787.9037833735346794	1256210.7570110962260514	583.8938396531575563	3.4383337933684595	-0.7867393128930474	131.1150503664764528	-0.6575111776801305	0.7525760347584551	0.0361713026158698	-0.7533196648561008	-0.6557690762456342	-0.0497634522620740	-0.0137307598762729	-0.0599685796662614	0.9981058238914507
DSC00719.JPG	2693789.0094974599778652	1256209.9140149322338402	583.8486353598109417	3.4457183101471611	-0.7779334809349655	131.1185765876166727	-0.6575589188701825	0.7525249327728042	0.0363661074293574	-0.7532807783419655	-0.6558159304589963	-0.0497346392037133	-0.0135770834422979	-0.0600973452948467	0.9981001812912936
DSC00720.JPG	2693790.5397628676146269	1256208.7591863928828388	583.8138367527350283	3.4150881743934889	-0.7901112129825726	131.1262967729698232	-0.6576584991152887	0.7524642162462817	0.0358176187133473	-0.7531899795759556	-0.6559342824702878	-0.0495486805733549	-0.0137896050631327	-0.0595635824061813	0.9981292633938480
DSC00721.JPG	2693791.1425953265279531	1256208.2783144798595458	583.8263935643929017	3.3700983850902126	-0.7662712897533799	131.1266326986182378	-0.6576666319320582	0.7524721766853670	0.0354996416535256	-0.7531903804363270	-0.6559958215045388	-0.0487209707083758	-0.0133735582895341	-0.0587801453126107	0.9981813675157963
DSC00722.JPG	2693791.9579022973775864	1256207.6415899354033172	583.8655156345803334	3.4107788847182943	-0.7909916199625041	131.1624586506891319	-0.6581335997617864	0.7520533685966175	0.0357196815085622	-0.7527745928755212	-0.6564121032289327	-0.0495334539040260	-0.0138049696010449	-0.0594884990317429	0.9981335287912458
DSC00723.JPG	2693792.1098616812378168	1256207.6890565792564303	583.8756358643025806	3.4700277062648262	-0.7407684370573663	131.1653090451987111	-0.6581787609103101	0.7519484557094069	0.0370707248756632	-0.7527506711279887	-0.6564378783952006	-0.0495554126647197	-0.0129284880373257	-0.0605213331334214	0.9980831741056567
DSC00724.JPG	2693795.7989096548408270	1256208.1414484146516770	584.1401726234306579	3.4137664614309426	-0.6653514326952964	131.3990486804920579	-0.6612548224197372	0.7492482635544474	0.0370013430470765	-0.7500714726159549	-0.6596072812594119	-0.0480730743483285	-0.0116123121889798	-0.0595422041094639	0.9981582440351893
DSC00725.JPG	2693795.4306290205568075	1256208.5019232465419918	584.0161620024657623	3.4219738134657995	-0.7030611696777237	131.4598218318259057	-0.6620448411797233	0.7485689102037180	0.0366226015424033	-0.7493637734467247	-0.6603652938846835	-0.0486992164031524	-0.0122704243203118	-0.0596847158744536	0.9981418593456471
DSC00726.JPG	2693793.6557271964848042	1256210.1039583454839885	583.9543060884278702	3.4798011095736938	-0.6544953469371769	131.4909792596383795	-0.6624588996530515	0.7481382940512782	0.0379117296428385	-0.7490111646438332	-0.6607612954843157	-0.0487522884465676	-0.0114228503166575	-0.0606926961333263	0.9980911356818631
DSC00727.JPG	2693791.9430428389459848	1256211.5081698086578399	583.8943940142206657	3.4298323400138715	-0.6106032979666401	131.4935759147406600	-0.6624984474885897	0.7481107621165700	0.0377636687912213	-0.7489874758074073	-0.6608717948733949	-0.0476049558813532	-0.0106568362498658	-0.0598227243293236	0.9981521294346678
DSC00728.JPG	2693789.4085014835000038	1256213.4571384575683624	583.8653705715659044	3.4005647492233138	-0.6076178659814454	131.4907573002258800	-0.6624619678934253	0.7481604185984173	0.0374182994991983	-0.7490204808418398	-0.6608615366361897	-0.0472265674627452	-0.0106047335765403	-0.0593128775013957	0.9981831105505018
DSC00729.JPG	2693787.5664104670286179	1256214.8150221419055015	583.8401557588854303	3.3934808174354787	-0.6233766317704624	131.4918415584010631	-0.6624741847007599	0.7481633183390649	0.0371430167991603	-0.7490057312372258	-0.6608693344193859	-0.0473512132671056	-0.0108797600549091	-0.0591892888617297	0.9981874868506369
DSC00730.JPG	2693786.4319130796939135	1256215.6259280224330723	583.8217233723133859	3.4306987384443093	-0.6836447649205902	131.4947855558216929	-0.6625047207000280	0.7481467788530870	0.0369309130936198	-0.7489627044871741	-0.6608297329521557	-0.0485688308860759	-0.0119315689427418	-0.0598369562906853	0.9981368525029176
DSC00731.JPG	2693784.2308203652501106	1256217.2568039174657315	583.8700776265114882	3.4019286513442322	-0.7435930096415166	131.4906124169616248	-0.6624415350616746	0.7482544894125753	0.0358668607360374	-0.7490011947918871	-0.6607530396635671	-0.0490166377435493	-0.0129777819929939	-0.0593349782951254	0.9981537644698135
DSC00732.JPG	2693783.3520941324532032	1256217.9504130787681788	583.8870354740714674	3.3577709271019445	-0.7449228952390757	131.4959945136960471	-0.6625116900364378	0.7482207354904797	0.0352702643475923	-0.7489387390169073	-0.6608598894458840	-0.0485280508710038	-0.0130009909171447	-0.0585656683020022	0.9981988963786287
DSC00733.JPG	2693781.7233587130904198	1256219.2196700845379382	583.8925147189316931	3.3856122974484357	-0.8101198504539401	131.4971541406841311	-0.6625166168294506	0.7482346546624706	0.0348802807757128	-0.7489137648018395	-0.6608010464087102	-0.0497006031702731	-0.0141387876140050	-0.0590497978598371	0.9981549058425344
DSC00734.JPG	2693779.7345996145159006	1256220.9274922886397690	583.9230092214730803	3.3540937121415313	-0.8140922901918196	131.4909994080375668	-0.6624355134039164	0.7483273983817342	0.0344281195030352	-0.7489841921642153	-0.6607448672198446	-0.0493852238098346	-0.0142081128024510	-0.0585006433627495	0.9981862572970724
DSC00735.JPG	2693778.8655842598527670	1256221.6484915807377547	583.9355351338640503	3.3588765099355289	-0.8190146185005072	131.4947792305131600	-0.6624841115337452	0.7482842655625845	0.0344305079371137	-0.7489395723975237	-0.6607863384549920	-0.0495068864730901	-0.0142940149138953	-0.0585838955917788	0.9981801482272293
DSC00736.JPG	2693777.2388428896665573	1256222.9700839363504201	583.9605551550307609	3.3519688619095191	-0.8258065085027836	131.5015670438464213	-0.6625717060751440	0.7482147143028604	0.0342560302627479	-0.7488598085738226	-0.6608757567504638	-0.0495199075350456	-0.0144125435454777	-0.0584634538852395	0.9981855053788141
DSC00737.JPG	2693775.2909667007625103	1256224.5843214194756001	583.9830708068858485	3.3166697075709317	-0.8349602139114539	131.4921803755552219	-0.6624474788238846	0.7483500650333021	0.0336974474483155	-0.7489666122006252	-0.6607766261678352	-0.0492266606522500	-0.0145722890651175	-0.0578483402951759	0.9982190230187443
DSC00738.JPG	2693774.4465265460312366	1256225.2934475902002305	583.9716089609049732	3.3246295950161975	-0.8557535173812864	131.5035060620159015	-0.6625919663889029	0.7482286922379002	0.0335516048624927	-0.7488316413171144	-0.6609019335743125	-0.0495964430181365	-0.0149351611709689	-0.0579867080432865	0.9982056314462965
DSC00739.JPG	2693772.8335082381963730	1256226.5741181350313127	583.9330394882197197	3.3280478798453719	-0.8816838480611487	131.4923240864726495	-0.6624412641290220	0.7483730618309327	0.0333066345483689	-0.7489558003784005	-0.6607332579252801	-0.0499676990764531	-0.0153876787948212	-0.0580458628779093	0.9981953201373299
DSC00740.JPG	2693770.8179364260286093	1256228.0946527016349137	583.9021786112492691	3.3388974282010984	-0.9156124357934730	131.4949961164104479	-0.6624700381168085	0.7483587752011138	0.0330543821149810	-0.7489179497780436	-0.6607328546992310	-0.0505371073693043	-0.0159797715179490	-0.0582343395299883	0.9981750390596533
DSC00741.JPG	2693769.9468711689114571	1256228.7344206809066236	583.8820746481650303	3.3408871892762000	-0.9449151889104365	131.4966570078975394	-0.6624862459271756	0.7483582182546625	0.0327406647462278	-0.7488925266478834	-0.6607304720795507	-0.0509433685231291	-0.0164911336258859	-0.0582685201137067	0.9981647269241145
DSC00742.JPG	2693768.3258060924708843	1256229.9483631625771523	583.8617206146516310	3.3723874512317638	-1.0414387713791100	131.4998933169918303	-0.6625091965851603	0.7483684402294459	0.0320350137916633	-0.7488332353602472	-0.6606704221091908	-0.0525678511066290	-0.0181755346548696	-0.0588155678252828	0.9981033908976562
DSC00743.JPG	2693766.9707850031554699	1256231.0498556315433234	583.8798088317589645	3.3907402467572294	-1.0403473472583640	131.4866831408571102	-0.6623367564220023	0.7485096953612066	0.0322994898203554	-0.7489862235080714	-0.6604818338903086	-0.0527577870651545	-0.0181564888538003	-0.0591352944625229	0.9980848455223297
