<?xml version="1.0" encoding="UTF-8"?>
<document version="1.5.0">
  <chunk label="SonyA9" enabled="true">
    <sensors next_id="1">
      <sensor id="0" label="SonyA9" type="frame">
        <resolution width="6000" height="4000"/>
        <property name="pixel_width" value="0.006"/>
        <property name="pixel_height" value="0.006"/>
        <property name="focal_length" value="55"/>
        <property name="fixed" value="true"/>
        <property name="layer_index" value="0"/>
        <calibration type="frame" class="initial">
          <resolution width="6000" height="4000"/>
          <f>9227.77018581081</f>
          <cx>-37.8304617831239</cx>
          <cy>31.7622333680372</cy>
          <k1>-0.017282082281574</k1>
        </calibration>
      </sensor>
    </sensors>
    <cameras next_id="603" next_group_id="0">
      <camera id="0" sensor_id="0" label="DSC00621.JPG">
        <transform>9.8444940971516104e-01 -1.7505359495264036e-01 -1.4683276392821881e-02 -6.6159421562922009e+00 -1.7513583818109346e-01 -9.8453396825781481e-01 -4.5059439772303020e-03 3.5168970961492739e+01 -1.3667402682181853e-02 7.0074418068954772e-03 -9.9988204197457509e-01 1.5489937670466369e+00 0 0 0 1</transform>
        <rotation_covariance>1.3884167887524112e-08 -4.5540113499998639e-10 -5.6415917795018498e-11 -4.5540113499998650e-10 4.7532817416634481e-09 -6.9533423406186041e-11 -5.6415917795018505e-11 -6.9533423406186041e-11 2.3994774809551915e-10</rotation_covariance>
        <location_covariance>2.6372707014804291e-06 -6.1902437463033125e-07 -6.0041581490782808e-07 -6.1902437463033125e-07 6.6883848489793008e-06 1.3239474133375423e-06 -6.0041581490782808e-07 1.3239474133375423e-06 6.7816429963215143e-06</location_covariance>
      </camera>
      <camera id="1" sensor_id="0" label="DSC00622.JPG">
        <transform>9.8934037548180176e-01 -1.4471029532110349e-01 -1.6265050556541625e-02 -6.4991397907876269e+00 -1.4486342233738175e-01 -9.8941375100791407e-01 -8.6613038944092779e-03 3.5157836837820845e+01 -1.4839484837055423e-02 1.0925188535167885e-02 -9.9983020055669536e-01 1.4259777930341158e+00 0 0 0 1</transform>
        <rotation_covariance>1.3800157604658058e-08 -1.9580903568400967e-10 -6.4392827628194491e-11 -1.9580903568400975e-10 4.7145271839228773e-09 -4.6773490997313488e-11 -6.4392827628194516e-11 -4.6773490997313475e-11 2.3753307893666710e-10</rotation_covariance>
        <location_covariance>2.5872554707753721e-06 -6.1661103226375182e-07 -5.8082751779994320e-07 -6.1661103226375182e-07 6.6228833292869338e-06 1.3339381838366481e-06 -5.8082751779994320e-07 1.3339381838366481e-06 6.7301253071327230e-06</location_covariance>
      </camera>
      <camera id="2" sensor_id="0" label="DSC00623.JPG">
        <transform>9.9295151404833715e-01 -1.1767166540688889e-01 -1.4165800700457592e-02 -5.2335295937147635e+00 -1.1783614614694556e-01 -9.9296767075537695e-01 -1.1395064540253345e-02 3.5232400593346163e+01 -1.2725305904047671e-02 1.2983989949550696e-02 -9.9983472763984260e-01 1.3458880448530020e+00 0 0 0 1</transform>
        <rotation_covariance>1.3546985168738984e-08 9.3843626417951456e-11 -1.0872969712040107e-11 9.3843626417951314e-11 4.6302585096142173e-09 -3.7038505684699843e-11 -1.0872969712040076e-11 -3.7038505684699836e-11 2.2977004902291466e-10</rotation_covariance>
        <location_covariance>2.4620241389262221e-06 -4.0040548445975180e-07 -4.2233153835502975e-07 -4.0040548445975180e-07 6.5242092832220972e-06 1.3986771463447551e-06 -4.2233153835502975e-07 1.3986771463447551e-06 6.7978948534967429e-06</location_covariance>
      </camera>
      <camera id="3" sensor_id="0" label="DSC00624.JPG">
        <transform>9.9507197347967868e-01 -9.8516254826821137e-02 -1.1239000407242718e-02 -2.3889744942898723e+00 -9.8672145056735008e-02 -9.9501754326861558e-01 -1.4279228886460715e-02 3.5485759333913293e+01 -9.7762664223005440e-03 1.5317836746294555e-02 -9.9983488061392112e-01 1.1780164392661856e+00 0 0 0 1</transform>
        <rotation_covariance>1.4164453190492253e-08 1.0322953520991009e-10 -1.2116981455465486e-11 1.0322953520991003e-10 4.4649623764980429e-09 -2.3047060229244935e-11 -1.2116981455465439e-11 -2.3047060229244945e-11 2.1943950285904506e-10</rotation_covariance>
        <location_covariance>2.2921412521444350e-06 4.9099220675486348e-08 -4.9845075308183936e-09 4.9099220675486348e-08 6.9885436654097865e-06 1.5424512327662397e-06 -4.9845075308183936e-09 1.5424512327662397e-06 7.0400331996490604e-06</location_covariance>
      </camera>
      <camera id="4" sensor_id="0" label="DSC00625.JPG">
        <transform>9.9505243801818066e-01 -9.8827698223741225e-02 -1.0184873974286296e-02 -6.1684486482841550e-01 -9.8990421565242140e-02 -9.9494401589273007e-01 -1.6949975739856602e-02 3.5677510137757466e+01 -8.4582523260194782e-03 1.7874319652596803e-02 -9.9980446421515146e-01 1.1098476918616464e+00 0 0 0 1</transform>
        <rotation_covariance>1.3721587259704746e-08 2.1297054106400373e-10 1.4386434179785869e-11 2.1297054106400352e-10 4.2631463127330048e-09 -1.3428952731948124e-11 1.4386434179785845e-11 -1.3428952731948128e-11 2.1274072863143976e-10</rotation_covariance>
        <location_covariance>2.2591210496911405e-06 4.2343111513001902e-07 2.8237222841601826e-07 4.2343111513001902e-07 6.8725441106467452e-06 1.6470551881977087e-06 2.8237222841601826e-07 1.6470551881977087e-06 7.2458808341857476e-06</location_covariance>
      </camera>
      <camera id="5" sensor_id="0" label="DSC00626.JPG">
        <transform>9.9506361303119206e-01 -9.8790364519780377e-02 -9.4270832901370161e-03 1.1749758068613476e+00 -9.8939858381098492e-02 -9.9494841694203429e-01 -1.6986819833857560e-02 3.5859739913690632e+01 -7.7013274724839062e-03 1.7835680603461194e-02 -9.9981127121700963e-01 1.0585208615390735e+00 0 0 0 1</transform>
        <rotation_covariance>1.3827305424054975e-08 3.0998964215214004e-10 1.6556134020483186e-11 3.0998964215214020e-10 4.3137470647615048e-09 -1.8208286066378065e-11 1.6556134020483189e-11 -1.8208286066378065e-11 2.1281792667523508e-10</rotation_covariance>
        <location_covariance>2.4264825745640533e-06 8.1894133497581575e-07 5.7590877711319636e-07 8.1894133497581575e-07 7.0207782307026712e-06 1.7359402323234882e-06 5.7590877711319636e-07 1.7359402323234882e-06 7.4793718481339984e-06</location_covariance>
      </camera>
      <camera id="6" sensor_id="0" label="DSC00627.JPG">
        <transform>9.9508145696594363e-01 -9.8671969842262758e-02 -8.7599297932388354e-03 2.8903855846699056e+00 -9.8831286404036517e-02 -9.9490044846375403e-01 -2.0136396756758074e-02 3.6066532206094486e+01 -6.7283601462896428e-03 2.0903110153033880e-02 -9.9975886550491344e-01 9.6962309399560220e-01 0 0 0 1</transform>
        <rotation_covariance>1.3990520287426623e-08 2.0612145151556702e-10 3.7184663297738367e-11 2.0612145151556712e-10 4.4021437117393189e-09 -9.2561728195264673e-12 3.7184663297738393e-11 -9.2561728195264543e-12 2.1416381004134089e-10</rotation_covariance>
        <location_covariance>2.6467375710711707e-06 1.1150418210246276e-06 8.7153890381724896e-07 1.1150418210246276e-06 7.2040437559026046e-06 1.8233133947227002e-06 8.7153890381724896e-07 1.8233133947227002e-06 7.7209617939262187e-06</location_covariance>
      </camera>
      <camera id="7" sensor_id="0" label="DSC00628.JPG">
        <transform>9.9508764750234580e-01 -9.8610493337555186e-02 -8.7489651943404093e-03 3.8754083508457220e+00 -9.8773102981820057e-02 -9.9489547313202054e-01 -2.0660872894349175e-02 3.6146116721681580e+01 -6.6669269975425851e-03 2.1423541843907837e-02 -9.9974826028319341e-01 9.3941764936053906e-01 0 0 0 1</transform>
        <rotation_covariance>1.4253058868263435e-08 1.6187729996530329e-10 3.7411167753577292e-11 1.6187729996530314e-10 4.4557808915316913e-09 -3.9720935245566630e-12 3.7411167753577298e-11 -3.9720935245566735e-12 2.1491662308484546e-10</rotation_covariance>
        <location_covariance>2.8113363079754247e-06 1.3028157100941988e-06 1.0532466714235530e-06 1.3028157100941988e-06 7.3775677079370786e-06 1.8636914226355583e-06 1.0532466714235530e-06 1.8636914226355583e-06 7.8575232627460188e-06</location_covariance>
      </camera>
      <camera id="8" sensor_id="0" label="DSC00629.JPG">
        <transform>9.9510814578495710e-01 -9.8514717796964316e-02 -7.3911142467644603e-03 5.9016132136476882e+00 -9.8656625287391941e-02 -9.9487297502766536e-01 -2.2240365251163685e-02 3.6341565816143465e+01 -5.1622165130281259e-03 2.2860751015364889e-02 -9.9972533107033246e-01 8.7403131628185304e-01 0 0 0 1</transform>
        <rotation_covariance>1.4656558202811152e-08 8.9605887125582585e-11 7.1980470719902919e-11 8.9605887125582585e-11 4.7021015164535916e-09 6.1664688621351647e-13 7.1980470719902958e-11 6.1664688621352132e-13 2.1807755308101036e-10</rotation_covariance>
        <location_covariance>3.2821398788053614e-06 1.6817884320157634e-06 1.4166638507735360e-06 1.6817884320157634e-06 7.6509652969515886e-06 1.9444092946122498e-06 1.4166638507735360e-06 1.9444092946122498e-06 8.1745424922502354e-06</location_covariance>
      </camera>
      <camera id="9" sensor_id="0" label="DSC00630.JPG">
        <transform>9.9510341066029584e-01 -9.8584340556614386e-02 -7.0943561557137991e-03 6.9413742437023265e+00 -9.8725269761262849e-02 -9.9483837066500891e-01 -2.3450743339103391e-02 3.6409502571569163e+01 -4.7458616512196647e-03 2.4036306904516098e-02 -9.9969982132016988e-01 8.4197612677605482e-01 0 0 0 1</transform>
        <rotation_covariance>1.4542407004363720e-08 2.1231673602878620e-10 8.3892860099947436e-11 2.1231673602878627e-10 4.7249680326040425e-09 3.7382309820940323e-12 8.3892860099947423e-11 3.7382309820940290e-12 2.1828703862327913e-10</rotation_covariance>
        <location_covariance>3.5228052302486868e-06 1.9406414232502704e-06 1.5994855872718004e-06 1.9406414232502704e-06 7.6160983700275909e-06 1.9893517234872395e-06 1.5994855872718004e-06 1.9893517234872395e-06 8.3301190226126969e-06</location_covariance>
      </camera>
      <camera id="10" sensor_id="0" label="DSC00631.JPG">
        <transform>9.9511438027902477e-01 -9.8507384108041288e-02 -6.6079829058204569e-03 7.8704552870502988e+00 -9.8640603270066574e-02 -9.9482426715653649e-01 -2.4386653377973737e-02 3.6488462456207245e+01 -4.1715163202520359e-03 2.4919324883530023e-02 -9.9968076189298505e-01 8.1179219866162355e-01 0 0 0 1</transform>
        <rotation_covariance>1.4490835862085137e-08 3.4726318854745403e-10 8.3832748237785468e-11 3.4726318854745388e-10 4.7238065762463037e-09 1.1949040477344202e-11 8.3832748237785481e-11 1.1949040477344185e-11 2.1861736464240242e-10</rotation_covariance>
        <location_covariance>3.7489287121391554e-06 2.1912551506313828e-06 1.7635719707011295e-06 2.1912551506313828e-06 7.6187214642476262e-06 2.0354658261152288e-06 1.7635719707011295e-06 2.0354658261152288e-06 8.4832090158273019e-06</location_covariance>
      </camera>
      <camera id="11" sensor_id="0" label="DSC00632.JPG">
        <transform>9.9510891308593030e-01 -9.8596301362988220e-02 -6.0844436456606726e-03 9.4282791548764475e+00 -9.8712159034937713e-02 -9.9484494343204688e-01 -2.3226023903104617e-02 3.6623028046956996e+01 -3.7630779422683008e-03 2.3713031970315851e-02 -9.9971172412809839e-01 7.3857435385287884e-01 0 0 0 1</transform>
        <rotation_covariance>1.4721221368282768e-08 3.6301865740472024e-10 8.0501816105252046e-11 3.6301865740472034e-10 4.8551507933333283e-09 5.9100914558178536e-12 8.0501816105252033e-11 5.9100914558178641e-12 2.2159206714934303e-10</rotation_covariance>
        <location_covariance>4.2108674297850489e-06 2.5258780403085599e-06 2.0498302694755127e-06 2.5258780403085599e-06 7.7872027094933782e-06 2.0922395100319590e-06 2.0498302694755127e-06 2.0922395100319590e-06 8.7464753966797000e-06</location_covariance>
      </camera>
      <camera id="12" sensor_id="0" label="DSC00633.JPG">
        <transform>9.9513486955358599e-01 -9.8324202702857563e-02 -6.2403975366733516e-03 1.0701188582089124e+01 -9.8449641367943916e-02 -9.9483459906440996e-01 -2.4734361097013310e-02 3.6691492208609297e+01 -3.7761770471705547e-03 2.5228390103246567e-02 -9.9967458146124066e-01 6.8485511386146136e-01 0 0 0 1</transform>
        <rotation_covariance>1.4603616224718345e-08 4.4479404225261560e-10 7.4033677467573145e-11 4.4479404225261575e-10 4.8989459670265781e-09 1.3309112649514607e-11 7.4033677467573197e-11 1.3309112649514610e-11 2.2260210600041051e-10</rotation_covariance>
        <location_covariance>4.6020046899531599e-06 2.8164671685309698e-06 2.2893144988358840e-06 2.8164671685309698e-06 7.7603536391723080e-06 2.1309977651209185e-06 2.2893144988358840e-06 2.1309977651209185e-06 8.9534200215441350e-06</location_covariance>
      </camera>
      <camera id="13" sensor_id="0" label="DSC00634.JPG">
        <transform>9.9513504175438361e-01 -9.8328709851130902e-02 -6.1411311264494778e-03 1.2425502766653635e+01 -9.8452540333133318e-02 -9.9482819882574658e-01 -2.4979033669731521e-02 3.6858214077560405e+01 -3.6532142632058019e-03 2.5462121673830381e-02 -9.9966911244942158e-01 6.0482190849285866e-01 0 0 0 1</transform>
        <rotation_covariance>1.4352555887003894e-08 4.4752698211458223e-10 5.3568769706698036e-11 4.4752698211458176e-10 4.7806874907286698e-09 1.5496827232709101e-11 5.3568769706698024e-11 1.5496827232709111e-11 2.2455733242586937e-10</rotation_covariance>
        <location_covariance>5.0915673983599892e-06 3.1810731286899781e-06 2.6373779694233377e-06 3.1810731286899781e-06 7.7203022838205796e-06 2.2049611513180328e-06 2.6373779694233377e-06 2.2049611513180328e-06 9.2834887881121486e-06</location_covariance>
      </camera>
      <camera id="14" sensor_id="0" label="DSC00635.JPG">
        <transform>9.9512486396871336e-01 -9.8420775550033215e-02 -6.3131649258242840e-03 1.4486661609798579e+01 -9.8553567327538852e-02 -9.9478669539111375e-01 -2.6203531056756421e-02 3.7037568742646897e+01 -3.7012806252644803e-03 2.6697970202921792e-02 -9.9963669345856687e-01 5.0477355876054786e-01 0 0 0 1</transform>
        <rotation_covariance>1.4508915863710682e-08 6.4504907625552976e-10 3.2019339818812449e-11 6.4504907625552955e-10 4.9033489745291060e-09 7.9420168317817799e-12 3.2019339818812442e-11 7.9420168317817573e-12 2.3350926271414390e-10</rotation_covariance>
        <location_covariance>5.8985660299879903e-06 3.7209835439138949e-06 3.0567234641989285e-06 3.7209835439138949e-06 7.8600907200799512e-06 2.2753469856870502e-06 3.0567234641989285e-06 2.2753469856870502e-06 9.6969099656342463e-06</location_covariance>
      </camera>
      <camera id="15" sensor_id="0" label="DSC00636.JPG">
        <transform>9.9513814092324449e-01 -9.8248166416076643e-02 -6.8831879029819512e-03 1.5740035828391671e+01 -9.8399326130179640e-02 -9.9478259237528888e-01 -2.6928916135381335e-02 3.7150021998942471e+01 -4.2015588720610963e-03 2.7475292591322170e-02 -9.9961365296801841e-01 4.4291095950826065e-01 0 0 0 1</transform>
        <rotation_covariance>1.4790842687551667e-08 5.2691986815369443e-10 6.2484705396533230e-12 5.2691986815369463e-10 4.8305080565336679e-09 1.7217952429579914e-11 6.2484705396533481e-12 1.7217952429579918e-11 2.3494415252423785e-10</rotation_covariance>
        <location_covariance>6.3367461933183429e-06 3.9607810917273544e-06 3.3254907499933363e-06 3.9607810917273544e-06 8.0558131512909795e-06 2.3122070718125761e-06 3.3254907499933363e-06 2.3122070718125761e-06 9.9635955467470267e-06</location_covariance>
      </camera>
      <camera id="16" sensor_id="0" label="DSC00637.JPG">
        <transform>9.9513836601965622e-01 -9.8225312248894275e-02 -7.1708095314371228e-03 1.7478765163706839e+01 -9.8396320841699289e-02 -9.9470493821624884e-01 -2.9669006269609638e-02 3.7326604650465256e+01 -4.2185922469818397e-03 3.0230347695916274e-02 -9.9953405622701907e-01 3.6917913019942716e-01 0 0 0 1</transform>
        <rotation_covariance>1.4709873460631594e-08 5.6601065648175925e-10 -5.7336626345107542e-13 5.6601065648175853e-10 4.8504066944970894e-09 3.2054380567283518e-11 -5.7336626345110288e-13 3.2054380567283524e-11 2.3570063499581902e-10</rotation_covariance>
        <location_covariance>7.0698625749777071e-06 4.3695077036787495e-06 3.7062465800465379e-06 4.3695077036787495e-06 8.0926360649862358e-06 2.3489278585306942e-06 3.7062465800465379e-06 2.3489278585306942e-06 1.0376026177181508e-05</location_covariance>
      </camera>
      <camera id="17" sensor_id="0" label="DSC00638.JPG">
        <transform>9.9513261374575568e-01 -9.8317942176865333e-02 -6.6830610985347165e-03 1.8729585757573673e+01 -9.8473567927733832e-02 -9.9470213544084207e-01 -2.9506239492853345e-02 3.7442632371717728e+01 -3.7466623976790086e-03 3.0020726099383149e-02 -9.9954225449719913e-01 3.1542672672050248e-01 0 0 0 1</transform>
        <rotation_covariance>1.4396202245200487e-08 7.1196359422431239e-10 1.0112612179293815e-12 7.1196359422431260e-10 4.7701981019891801e-09 4.6109960626883544e-11 1.0112612179293940e-12 4.6109960626883550e-11 2.3339015825822026e-10</rotation_covariance>
        <location_covariance>7.6034117316735049e-06 4.7098539229739828e-06 3.9662191046848821e-06 4.7098539229739828e-06 7.9932425045458932e-06 2.3959415275837558e-06 3.9662191046848821e-06 2.3959415275837558e-06 1.0676679674159404e-05</location_covariance>
      </camera>
      <camera id="18" sensor_id="0" label="DSC00639.JPG">
        <transform>9.9509618529527177e-01 -9.8707183978513621e-02 -6.3619055187880006e-03 2.0067584516495067e+01 -9.8852191522950328e-02 -9.9467158426364211e-01 -2.9269159358733046e-02 3.7557288856914496e+01 -3.4389303435895706e-03 2.9754517127468752e-02 -9.9955132057768958e-01 2.4062758652814373e-01 0 0 0 1</transform>
        <rotation_covariance>1.4413773049263414e-08 8.0820883600925250e-10 8.2079332427059642e-14 8.0820883600925240e-10 4.9335443077871974e-09 5.0963632369880248e-11 8.2079332427064993e-14 5.0963632369880248e-11 2.3595893656457950e-10</rotation_covariance>
        <location_covariance>8.3213017504708276e-06 5.0575374537650373e-06 4.2527157970501507e-06 5.0575374537650373e-06 8.0505994108308011e-06 2.4363521276170700e-06 4.2527157970501507e-06 2.4363521276170700e-06 1.1001263563160271e-05</location_covariance>
      </camera>
      <camera id="19" sensor_id="0" label="DSC00640.JPG">
        <transform>9.9509441427337197e-01 -9.8685876970026509e-02 -6.9429365970840786e-03 2.1292849433542191e+01 -9.8845838457859866e-02 -9.9468920325674592e-01 -2.8686044412267388e-02 3.7667411855159941e+01 -4.0751566223899286e-03 2.9231602951543693e-02 -9.9956435835187041e-01 1.9520608618079482e-01 0 0 0 1</transform>
        <rotation_covariance>1.4475505412666540e-08 8.5341840324227135e-10 -9.4240697132662436e-12 8.5341840324227135e-10 5.0960431993020046e-09 4.7581565152730393e-11 -9.4240697132662436e-12 4.7581565152730393e-11 2.3990193013743351e-10</rotation_covariance>
        <location_covariance>9.0141835397431102e-06 5.3548705468007831e-06 4.5170474393529781e-06 5.3548705468007831e-06 8.1338278884028348e-06 2.4710395602827672e-06 4.5170474393529781e-06 2.4710395602827672e-06 1.1325487327589731e-05</location_covariance>
      </camera>
      <camera id="20" sensor_id="0" label="DSC00641.JPG">
        <transform>9.9507750879963153e-01 -9.8863139815228970e-02 -6.8433228035386217e-03 2.1928776722192399e+01 -9.9021535653445486e-02 -9.9466132233644322e-01 -2.9044609220157114e-02 3.7701143849192114e+01 -3.9353472467317805e-03 2.9579273719831382e-02 -9.9955469065392055e-01 1.6271844762743243e-01 0 0 0 1</transform>
        <rotation_covariance>1.4480155246716848e-08 8.4536753421566200e-10 -3.8811815600397261e-12 8.4536753421566220e-10 5.1020603377214106e-09 5.2172211174435152e-11 -3.8811815600397261e-12 5.2172211174435139e-11 2.4134854285194324e-10</rotation_covariance>
        <location_covariance>9.3446457269705366e-06 5.4933182223495398e-06 4.6490210083815018e-06 5.4933182223495398e-06 8.1560321358343881e-06 2.4853056532739777e-06 4.6490210083815018e-06 2.4853056532739777e-06 1.1479576970216439e-05</location_covariance>
      </camera>
      <camera id="21" sensor_id="0" label="DSC00642.JPG">
        <transform>9.9506789089521175e-01 -9.8859052908722059e-02 -8.1719133221869571e-03 2.3299594005736086e+01 -9.9056874434365991e-02 -9.9465760104207890e-01 -2.9051545854066652e-02 3.7804931684882376e+01 -5.2562473923029440e-03 2.9717744652096034e-02 -9.9954451002251199e-01 1.3030537938023806e-01 0 0 0 1</transform>
        <rotation_covariance>1.4544829413870802e-08 8.4402668471346913e-10 2.8075723556773901e-12 8.4402668471346934e-10 5.0868853156059196e-09 5.5193525830427650e-11 2.8075723556773970e-12 5.5193525830427624e-11 2.4511582971974186e-10</rotation_covariance>
        <location_covariance>1.0083289542404382e-05 5.8035634446208410e-06 4.9325571934881045e-06 5.8035634446208410e-06 8.2463466358816131e-06 2.5201894485998894e-06 4.9325571934881045e-06 2.5201894485998894e-06 1.1858933350682837e-05</location_covariance>
      </camera>
      <camera id="22" sensor_id="0" label="DSC00643.JPG">
        <transform>9.9504161647385714e-01 -9.9203731390059890e-02 -7.1274934852255771e-03 2.4527506672901147e+01 -9.9364455640895133e-02 -9.9466668962568228e-01 -2.7656491177930308e-02 3.7861105207115571e+01 -4.3458532282709839e-03 2.8227579197926206e-02 -9.9959207546495843e-01 6.1717741110753649e-02 0 0 0 1</transform>
        <rotation_covariance>1.4784966467677776e-08 8.9871973010475861e-10 3.7132843976125828e-11 8.9871973010475861e-10 5.1479499624844713e-09 4.6279018185027193e-11 3.7132843976125822e-11 4.6279018185027200e-11 2.5285489378532751e-10</rotation_covariance>
        <location_covariance>1.0813279719646674e-05 6.1105293458176445e-06 5.1772870333230646e-06 6.1105293458176445e-06 8.3848408920168300e-06 2.5463130975187959e-06 5.1772870333230646e-06 2.5463130975187959e-06 1.2171255293052134e-05</location_covariance>
      </camera>
      <camera id="23" sensor_id="0" label="DSC00644.JPG">
        <transform>9.9494321790154783e-01 -1.0002224877040307e-01 -9.1401806669175259e-03 2.5195467270080318e+01 -1.0023677110709066e-01 -9.9459183903172688e-01 -2.7196754392987271e-02 3.7946596410986707e+01 -6.3704685649488106e-03 2.7975408529624095e-02 -9.9958831208046028e-01 6.0033806634576933e-04 0 0 0 1</transform>
        <rotation_covariance>1.5326720560490819e-08 9.8541080728528494e-10 2.0226804406796253e-11 9.8541080728528536e-10 5.2483308907506208e-09 3.7075605775930330e-11 2.0226804406796243e-11 3.7075605775930304e-11 2.6175826997228018e-10</rotation_covariance>
        <location_covariance>1.1261422674741740e-05 6.3434270054402824e-06 5.3136948970716472e-06 6.3434270054402824e-06 8.6603606428655028e-06 2.5543650856456804e-06 5.3136948970716472e-06 2.5543650856456804e-06 1.2370856225954219e-05</location_covariance>
      </camera>
      <camera id="24" sensor_id="0" label="DSC00645.JPG">
        <transform>9.9542301733100791e-01 -9.4988009625029707e-02 -1.0502123361810486e-02 2.5172542180431421e+01 -9.5238018081149053e-02 -9.9509813380236511e-01 -2.6635014830576231e-02 3.5727123422415822e+01 -7.9206363132102477e-03 2.7513308243930834e-02 -9.9959005666816647e-01 -2.1116400589949472e-02 0 0 0 1</transform>
        <rotation_covariance>1.4597768162027084e-08 8.2827883169717291e-10 1.0917999363771843e-11 8.2827883169717280e-10 5.2235918643495760e-09 6.3744495889134096e-11 1.0917999363771849e-11 6.3744495889134109e-11 2.4109605900277845e-10</rotation_covariance>
        <location_covariance>1.1174916403891800e-05 5.5625936026899450e-06 4.8822742565016371e-06 5.5625936026899450e-06 7.4850547773757229e-06 2.0942401742961164e-06 4.8822742565016371e-06 2.0942401742961164e-06 1.1070719811578160e-05</location_covariance>
      </camera>
      <camera id="25" sensor_id="0" label="DSC00646.JPG">
        <transform>9.9533619236056015e-01 -9.5907687006606041e-02 -1.0372065861008199e-02 2.4745976278852417e+01 -9.6140924881708778e-02 -9.9505392120368952e-01 -2.4992328023835192e-02 3.5658278032342466e+01 -7.9238084323027171e-03 2.5872948618281544e-02 -9.9963383485640578e-01 -1.0411863068446240e-02 0 0 0 1</transform>
        <rotation_covariance>1.4599586459024312e-08 7.3572099958957265e-10 4.5776918865083489e-12 7.3572099958957286e-10 5.2297778358717095e-09 5.7743008595440630e-11 4.5776918865083465e-12 5.7743008595440649e-11 2.3755288904995026e-10</rotation_covariance>
        <location_covariance>1.0917469833566621e-05 5.4260169112416401e-06 4.7924478036468561e-06 5.4260169112416401e-06 7.4597825198359605e-06 2.0785913318401875e-06 4.7924478036468561e-06 2.0785913318401875e-06 1.0928769028089689e-05</location_covariance>
      </camera>
      <camera id="26" sensor_id="0" label="DSC00647.JPG">
        <transform>9.9527798236959764e-01 -9.6267867947766386e-02 -1.2419155007233867e-02 2.3050084966071072e+01 -9.6525858752886204e-02 -9.9508319510817989e-01 -2.2185432276932440e-02 3.5624494858060110e+01 -1.0222348180342178e-02 2.3279441876641091e-02 -9.9967673334112950e-01 5.1211733035450395e-02 0 0 0 1</transform>
        <rotation_covariance>1.4643330851013443e-08 6.3816607452821916e-10 -5.2732154996165894e-11 6.3816607452821906e-10 5.2357241096010021e-09 4.5519821115865794e-11 -5.2732154996165900e-11 4.5519821115865801e-11 2.2988448851605414e-10</rotation_covariance>
        <location_covariance>9.9481314018400843e-06 5.0604180710792601e-06 4.4818107582755511e-06 5.0604180710792601e-06 7.4504889713819051e-06 2.0459768136853467e-06 4.4818107582755511e-06 2.0459768136853467e-06 1.0521239603494844e-05</location_covariance>
      </camera>
      <camera id="27" sensor_id="0" label="DSC00648.JPG">
        <transform>9.9523378705412258e-01 -9.6703417762913066e-02 -1.2576092353364886e-02 2.1430957169708659e+01 -9.6956020925613465e-02 -9.9506018260169271e-01 -2.1325173081542609e-02 3.5571484896182753e+01 -1.0451751632184175e-02 2.2442860638903599e-02 -9.9969349247364903e-01 1.2548844075923665e-01 0 0 0 1</transform>
        <rotation_covariance>1.4794610487910273e-08 6.2442500403331420e-10 -6.9209313030690143e-11 6.2442500403331410e-10 5.2485283344885865e-09 4.8724930218677567e-11 -6.9209313030690143e-11 4.8724930218677554e-11 2.2680923285375432e-10</rotation_covariance>
        <location_covariance>9.0937439890825172e-06 4.7424145569798337e-06 4.1863459209081385e-06 4.7424145569798337e-06 7.4786323457633806e-06 2.0259242987735323e-06 4.1863459209081385e-06 2.0259242987735323e-06 1.0150762689194382e-05</location_covariance>
      </camera>
      <camera id="28" sensor_id="0" label="DSC00649.JPG">
        <transform>9.9523940847052739e-01 -9.6616253127364396e-02 -1.2799197586704522e-02 1.9244347982667215e+01 -9.6874828018602741e-02 -9.9506618626164045e-01 -2.1413842604251967e-02 3.5459065200958456e+01 -1.0667123492329317e-02 2.2551820111524824e-02 -9.9968876550957442e-01 2.3758188345088643e-01 0 0 0 1</transform>
        <rotation_covariance>1.4263873201563870e-08 7.5336696931939135e-10 -7.2799078102467303e-11 7.5336696931939135e-10 4.8759453965336096e-09 3.7115770982230537e-11 -7.2799078102467329e-11 3.7115770982230505e-11 2.1949301060407835e-10</rotation_covariance>
        <location_covariance>7.8563104505969660e-06 4.3525339525854283e-06 3.7586564812579288e-06 4.3525339525854283e-06 7.1654528649071549e-06 1.9700455253529189e-06 3.7586564812579288e-06 1.9700455253529189e-06 9.6627524863599880e-06</location_covariance>
      </camera>
      <camera id="29" sensor_id="0" label="DSC00650.JPG">
        <transform>9.9522340713443835e-01 -9.6780837650277188e-02 -1.2799974821458693e-02 1.7801820500838652e+01 -9.7049452031833891e-02 -9.9502835672033274e-01 -2.2360080115120390e-02 3.5362243205886017e+01 -1.0572310629189020e-02 2.3495505658412963e-02 -9.9966803863173270e-01 3.0439594280429721e-01 0 0 0 1</transform>
        <rotation_covariance>1.4426419787554768e-08 7.9057378788609612e-10 -7.1527925567941674e-11 7.9057378788609633e-10 4.7903271943251178e-09 3.8167239193413269e-11 -7.1527925567941661e-11 3.8167239193413282e-11 2.1890761186226813e-10</rotation_covariance>
        <location_covariance>7.1638637134404716e-06 4.0891840360928067e-06 3.4787353510639140e-06 4.0891840360928067e-06 7.1867453457612444e-06 1.9450476384153649e-06 3.4787353510639140e-06 1.9450476384153649e-06 9.3461097127176197e-06</location_covariance>
      </camera>
      <camera id="30" sensor_id="0" label="DSC00651.JPG">
        <transform>9.9522860108162181e-01 -9.6663382391767361e-02 -1.3274866993730514e-02 1.6402748890918947e+01 -9.6963993434686424e-02 -9.9499221972400931e-01 -2.4258331885904736e-02 3.5226563490236501e+01 -1.0863496965359303e-02 2.5429769823409311e-02 -9.9961758249863319e-01 3.5568178313873910e-01 0 0 0 1</transform>
        <rotation_covariance>1.5440017205034747e-08 2.4361023934463755e-10 -7.6772026933521741e-11 2.4361023934463776e-10 4.9800031818277336e-09 5.0707110100284002e-11 -7.6772026933521715e-11 5.0707110100283989e-11 2.2216067877070765e-10</rotation_covariance>
        <location_covariance>6.6102456799438006e-06 3.5906776710689059e-06 3.1858872020764361e-06 3.5906776710689059e-06 7.6333728456321738e-06 1.9082354458905856e-06 3.1858872020764361e-06 1.9082354458905856e-06 9.0294717747868589e-06</location_covariance>
      </camera>
      <camera id="31" sensor_id="0" label="DSC00652.JPG">
        <transform>9.9519945268910615e-01 -9.7030743085222859e-02 -1.2770444927011609e-02 1.5112279592122613e+01 -9.7327611543602796e-02 -9.9493465670831283e-01 -2.5146866841229631e-02 3.5095657705477898e+01 -1.0265739063599033e-02 2.6269065020332438e-02 -9.9960219628832148e-01 3.7632732679351227e-01 0 0 0 1</transform>
        <rotation_covariance>1.6076610250932121e-08 4.9891290716060445e-10 -7.9126501337300775e-11 4.9891290716060434e-10 5.0634798994209268e-09 4.8650611781529670e-11 -7.9126501337300788e-11 4.8650611781529651e-11 2.2059636028449017e-10</rotation_covariance>
        <location_covariance>6.1553945361023072e-06 3.4753017408895510e-06 2.9146466118293488e-06 3.4753017408895510e-06 7.8328382685760088e-06 1.8405263975617266e-06 2.9146466118293488e-06 1.8405263975617266e-06 8.7350625022453568e-06</location_covariance>
      </camera>
      <camera id="32" sensor_id="0" label="DSC00653.JPG">
        <transform>9.9521201641045010e-01 -9.6891942748382975e-02 -1.2844992124945229e-02 1.3783273421629477e+01 -9.7193729825802988e-02 -9.9494055515864499e-01 -2.5429718503266991e-02 3.5000198444352023e+01 -1.0316068766475393e-02 2.6556414122592971e-02 -9.9959408541375172e-01 4.1613910508136087e-01 0 0 0 1</transform>
        <rotation_covariance>1.5610551472725725e-08 1.9552451274341519e-10 -6.5010627985445580e-11 1.9552451274341530e-10 4.9794601839230183e-09 5.8021742209698552e-11 -6.5010627985445593e-11 5.8021742209698565e-11 2.1594364904644326e-10</rotation_covariance>
        <location_covariance>5.5890612675250857e-06 3.0626920543487723e-06 2.6650563568758136e-06 3.0626920543487723e-06 7.6009089487431293e-06 1.8376106928020460e-06 2.6650563568758136e-06 1.8376106928020460e-06 8.4683267915632390e-06</location_covariance>
      </camera>
      <camera id="33" sensor_id="0" label="DSC00654.JPG">
        <transform>9.9519130703535041e-01 -9.7165340452281770e-02 -1.2375743050965901e-02 1.2470936810572136e+01 -9.7471492738219562e-02 -9.9486764208317391e-01 -2.7160317362824621e-02 3.4940928530628753e+01 -9.6731848247907978e-03 2.8235993884726557e-02 -9.9955447982823176e-01 4.6434739450017243e-01 0 0 0 1</transform>
        <rotation_covariance>1.5376358708914454e-08 5.5423301365358684e-11 -2.1852429159605437e-11 5.5423301365358975e-11 4.9905552646429360e-09 6.0186802420726254e-11 -2.1852429159605472e-11 6.0186802420726254e-11 2.1125608285326888e-10</rotation_covariance>
        <location_covariance>5.1217287194233497e-06 2.7412562305210851e-06 2.4085809120196434e-06 2.7412562305210851e-06 7.4705656765516943e-06 1.7970793726749525e-06 2.4085809120196434e-06 1.7970793726749525e-06 8.2417439816566475e-06</location_covariance>
      </camera>
      <camera id="34" sensor_id="0" label="DSC00655.JPG">
        <transform>9.9522807921876066e-01 -9.6807511042845754e-02 -1.2221953208285143e-02 1.1063829136684342e+01 -9.7107655468561385e-02 -9.9490830426017529e-01 -2.6973493721462016e-02 3.4839416070693339e+01 -9.5484859498976178e-03 2.8031623567532998e-02 -9.9956143107676609e-01 5.3416341851352778e-01 0 0 0 1</transform>
        <rotation_covariance>1.5265394031816838e-08 -7.3010255228671082e-11 -2.0495324039297124e-12 -7.3010255228671483e-11 5.0333152450298645e-09 5.5820230654970176e-11 -2.0495324039297386e-12 5.5820230654970202e-11 2.0848121815288420e-10</rotation_covariance>
        <location_covariance>4.6801564135963974e-06 2.4047778406290167e-06 2.1572750771561020e-06 2.4047778406290167e-06 7.3906930420663441e-06 1.7533391663437213e-06 2.1572750771561020e-06 1.7533391663437213e-06 7.9990842997314639e-06</location_covariance>
      </camera>
      <camera id="35" sensor_id="0" label="DSC00656.JPG">
        <transform>9.9519191419499209e-01 -9.7311964960500416e-02 -1.1110148353369894e-02 9.6579363349615495e+00 -9.7584108499621236e-02 -9.9485105334834201e-01 -2.7362810894137654e-02 3.4753037382861756e+01 -8.3902138972552671e-03 2.8315422073854596e-02 -9.9956382546765743e-01 6.0516440031987162e-01 0 0 0 1</transform>
        <rotation_covariance>1.5625366329374813e-08 -4.3266120454283061e-11 3.0368421158352594e-11 -4.3266120454283514e-11 5.0810206878887243e-09 5.9706109784707527e-11 3.0368421158352555e-11 5.9706109784707501e-11 2.1098327633916391e-10</rotation_covariance>
        <location_covariance>4.3004344743749610e-06 2.1720546223998994e-06 1.9097410984536559e-06 2.1720546223998994e-06 7.5238823033541690e-06 1.7259147493018094e-06 1.9097410984536559e-06 1.7259147493018094e-06 7.7783231737869976e-06</location_covariance>
      </camera>
      <camera id="36" sensor_id="0" label="DSC00657.JPG">
        <transform>9.9520987511039904e-01 -9.7158233798154137e-02 -1.0843527468819475e-02 8.3168262124107244e+00 -9.7414822740811965e-02 -9.9489425642601215e-01 -2.6377468432519206e-02 3.4607639661278455e+01 -8.2253749531560564e-03 2.7307437370716107e-02 -9.9959324080904244e-01 6.6845415462171820e-01 0 0 0 1</transform>
        <rotation_covariance>1.5218676678312324e-08 -5.4169214600009368e-11 3.8868185655929743e-11 -5.4169214600009594e-11 4.9235270595285496e-09 5.4750268876059262e-11 3.8868185655929717e-11 5.4750268876059262e-11 2.0869259144641346e-10</rotation_covariance>
        <location_covariance>3.8709016179141805e-06 1.8963333310218347e-06 1.6813272122567888e-06 1.8963333310218347e-06 7.2832610898307157e-06 1.6864043694784825e-06 1.6813272122567888e-06 1.6864043694784825e-06 7.5449406950361237e-06</location_covariance>
      </camera>
      <camera id="37" sensor_id="0" label="DSC00658.JPG">
        <transform>9.9522432796615812e-01 -9.7021195429640425e-02 -1.0743587003968623e-02 6.9204492790457204e+00 -9.7277405311579648e-02 -9.9490013065227512e-01 -2.6661516159695475e-02 3.4473657850755579e+01 -8.1020639441421339e-03 2.7579297770077116e-02 -9.9958678407347634e-01 7.1877993211076119e-01 0 0 0 1</transform>
        <rotation_covariance>1.5130039241163128e-08 -1.6222089138542839e-10 4.7236452103704516e-11 -1.6222089138542828e-10 4.8139411482575750e-09 5.1261539134330424e-11 4.7236452103704471e-11 5.1261539134330424e-11 2.0623674601206314e-10</rotation_covariance>
        <location_covariance>3.4796659215271656e-06 1.5854058353769834e-06 1.4454394823285323e-06 1.5854058353769834e-06 7.2006293697107473e-06 1.6319543153181426e-06 1.4454394823285323e-06 1.6319543153181426e-06 7.3164334300531330e-06</location_covariance>
      </camera>
      <camera id="38" sensor_id="0" label="DSC00659.JPG">
        <transform>9.9521485955271882e-01 -9.7219352463003672e-02 -9.7867682172043668e-03 5.2207543466761797e+00 -9.7446273586276694e-02 -9.9489428063664243e-01 -2.6260124155187581e-02 3.4333179819732422e+01 -7.1838074592476871e-03 2.7088149866160927e-02 -9.9960723539158935e-01 7.6576684697774833e-01 0 0 0 1</transform>
        <rotation_covariance>1.4801943649373518e-08 -1.7901494617016991e-10 5.5388750161111433e-11 -1.7901494617016931e-10 4.5775916019842560e-09 4.2295703319781969e-11 5.5388750161111459e-11 4.2295703319781963e-11 2.0218888165601530e-10</rotation_covariance>
        <location_covariance>3.0179283829627361e-06 1.2639116989358752e-06 1.1636275859434445e-06 1.2639116989358752e-06 7.0001836173499208e-06 1.5628488161211733e-06 1.1636275859434445e-06 1.5628488161211733e-06 7.0588009532275296e-06</location_covariance>
      </camera>
      <camera id="39" sensor_id="0" label="DSC00660.JPG">
        <transform>9.9520202783950995e-01 -9.7383794633316020e-02 -9.4509431774251699e-03 4.4337760316754693e+00 -9.7599593917349889e-02 -9.9488681256795175e-01 -2.5972089741676689e-02 3.4286180161817484e+01 -6.8733580799478604e-03 2.6769884594399027e-02 -9.9961799214875446e-01 7.8468462199507782e-01 0 0 0 1</transform>
        <rotation_covariance>1.5007893355627958e-08 -2.6268133622842434e-10 6.3338108128244897e-11 -2.6268133622842434e-10 4.6602620583092667e-09 3.7055433685835821e-11 6.3338108128244910e-11 3.7055433685835873e-11 2.0359043726615142e-10</rotation_covariance>
        <location_covariance>2.9129686973487393e-06 1.0914429758733289e-06 1.0396133119115517e-06 1.0914429758733289e-06 7.0902622207503648e-06 1.5356289082771481e-06 1.0396133119115517e-06 1.5356289082771481e-06 6.9546557194182722e-06</location_covariance>
      </camera>
      <camera id="40" sensor_id="0" label="DSC00661.JPG">
        <transform>9.9520369148618770e-01 -9.7433615879249633e-02 -8.7351559207534558e-03 3.1521535202381439e+00 -9.7626377699412140e-02 -9.9490035882194883e-01 -2.5344948081379992e-02 3.4190982318342478e+01 -6.2211598240825812e-03 2.6076167522298171e-02 -9.9964060074498395e-01 8.2804983406897292e-01 0 0 0 1</transform>
        <rotation_covariance>1.5066478921272835e-08 -3.6343903212721216e-10 6.7171036417072028e-11 -3.6343903212721190e-10 4.6349329153304931e-09 3.3563001003695745e-11 6.7171036417072003e-11 3.3563001003695764e-11 2.0305988265668291e-10</rotation_covariance>
        <location_covariance>2.6985839884775811e-06 8.1919430537335848e-07 8.3746610559436037e-07 8.1919430537335848e-07 7.0973184151449055e-06 1.4827390692920357e-06 8.3746610559436037e-07 1.4827390692920357e-06 6.7884126268293214e-06</location_covariance>
      </camera>
      <camera id="41" sensor_id="0" label="DSC00662.JPG">
        <transform>9.9519313929151565e-01 -9.7576670423972514e-02 -8.3312001577629316e-03 1.4727296794880238e+00 -9.7759999126210848e-02 -9.9488223140171494e-01 -2.5540716747749121e-02 3.4061886382405710e+01 -5.7963849027223499e-03 2.6232404200091042e-02 -9.9963906630940680e-01 9.0188095284016689e-01 0 0 0 1</transform>
        <rotation_covariance>1.4621506570327102e-08 -1.3827619669940087e-10 4.7989642359271340e-11 -1.3827619669940079e-10 4.4793404957697563e-09 3.8750645337722773e-11 4.7989642359271346e-11 3.8750645337722767e-11 2.0002349702453068e-10</rotation_covariance>
        <location_covariance>2.4475812693879739e-06 6.1131856562117138e-07 5.8025037747918577e-07 6.1131856562117138e-07 6.8127207504474588e-06 1.4044855895071578e-06 5.8025037747918577e-07 1.4044855895071578e-06 6.5907453230395967e-06</location_covariance>
      </camera>
      <camera id="42" sensor_id="0" label="DSC00663.JPG">
        <transform>9.9518983447979537e-01 -9.7646931221534214e-02 -7.8911451066845367e-03 1.5566468733566682e-01 -9.7823794033098863e-02 -9.9485089365074719e-01 -2.6499145708493932e-02 3.3966487962792677e+01 -5.2629525028861108e-03 2.7143622185093648e-02 -9.9961768947214280e-01 9.4019773910335769e-01 0 0 0 1</transform>
        <rotation_covariance>1.4784493582361993e-08 -5.9378496800243131e-11 5.9011013409189054e-11 -5.9378496800242950e-11 4.4066373301435761e-09 4.7830465540462643e-11 5.9011013409189080e-11 4.7830465540462656e-11 2.0048665276274671e-10</rotation_covariance>
