<?xml version="1.0" encoding="UTF-8"?>
<document version="1.5.0">
  <chunk label="SonyA9" enabled="true">
    <sensors next_id="1">
      <sensor id="0" label="SonyA9" type="frame">
        <resolution width="6000" height="4000"/>
        <property name="pixel_width" value="0.006"/>
        <property name="pixel_height" value="0.006"/>
        <property name="focal_length" value="55"/>
        <property name="fixed" value="true"/>
        <property name="layer_index" value="0"/>
        <calibration type="frame" class="initial">
          <resolution width="6000" height="4000"/>
          <f>9227.77018581081</f>
          <cx>-37.8304617831239</cx>
          <cy>31.7622333680372</cy>
          <k1>-0.017282082281574</k1>
        </calibration>
      </sensor>
    </sensors>
    <cameras next_id="610" next_group_id="0">
      <camera id="0" sensor_id="0" label="DSC00002.JPG">
        <transform>9.9621685494828038e-001 -7.8548709023735244e-002 -3.7176312722766204e-002 -4.2995808530029214e+000 -7.7569502212620059e-002 -9.9661885595461541e-001 2.7089265073085581e-002 5.0660096358615991e+000 -3.9178441054266898e-002 -2.4103034381963956e-002 -9.9894148651967563e-001 8.1743133819618341e-001 0 0 0 1</transform>
        <rotation_covariance>8.1094018472141003e-009 -6.3069259844194247e-010 -1.2688666448828505e-010 -6.3069259844194258e-010 4.5510687474926080e-009 -7.2217363686500397e-011 -1.2688666448828497e-010 -7.2217363686500397e-011 1.4108640584717353e-010</rotation_covariance>
        <location_covariance>2.1824276831068428e-006 -2.3811045446176434e-007 1.5265805342537205e-007 -2.3811045446176434e-007 3.9841676616765864e-006 -2.4062213516257083e-007 1.5265805342537205e-007 -2.4062213516257083e-007 9.1028716119253838e-008</location_covariance>
      </camera>
      <camera id="1" sensor_id="0" label="DSC00003.JPG">
        <transform>9.9822770892459589e-001 -4.7613512585068227e-002 -3.5698663202742738e-002 -3.9431256027186135e+000 -4.6958400032197409e-002 -9.9871668464425245e-001 1.8970832338326499e-002 5.0675529998387914e+000 -3.6556118524365126e-002 -1.7260858394191225e-002 -9.9918252234810845e-001 6.9056234357577906e-001 0 0 0 1</transform>
        <rotation_covariance>7.7937406094417888e-009 -6.5833980738114722e-010 -9.5644590361371240e-011 -6.5833980738114732e-010 4.1604686159723243e-009 -2.7711231619922510e-011 -9.5644590361371240e-011 -2.7711231619922503e-011 1.3358631996879665e-010</rotation_covariance>
        <location_covariance>1.9764417213657911e-006 -2.8941356949586529e-007 1.0634045252851527e-007 -2.8941356949586529e-007 3.7881411889584514e-006 -2.4591113932892789e-007 1.0634045252851527e-007 -2.4591113932892789e-007 8.2942714328848788e-008</location_covariance>
      </camera>
      <camera id="2" sensor_id="0" label="DSC00004.JPG">
        <transform>9.9936209511896967e-001 -1.6183449452768103e-002 -3.1835495963374406e-002 -2.2549327056549426e+000 -1.5758964043434597e-002 -9.9978414175335584e-001 1.3539754458016825e-002 5.2869903958592595e+000 -3.2047743940908917e-002 -1.3029422946368373e-002 -9.9940140896737917e-001 5.6203527449051793e-001 0 0 0 1</transform>
        <rotation_covariance>8.8270220688469048e-009 -6.9005780916459231e-010 -9.1739208485346279e-011 -6.9005780916459241e-010 3.5254755233985319e-009 1.2061486075120491e-011 -9.1739208485346305e-011 1.2061486075120486e-011 1.2173794817365945e-010</rotation_covariance>
        <location_covariance>1.6316745159812343e-006 -3.0722626027379945e-007 -3.4305993168342524e-009 -3.0722626027379945e-007 4.2302697337649235e-006 -2.2062861803894930e-007 -3.4305993168342524e-009 -2.2062861803894930e-007 8.0268548482597621e-008</location_covariance>
      </camera>
      <camera id="3" sensor_id="0" label="DSC00005.JPG">
        <transform>9.9951316601782436e-001 4.1115076172505687e-003 -3.0927761996926033e-002 -7.7528232273774245e-001 4.4765532500247347e-003 -9.9992102570470132e-001 1.1743203338858478e-002 5.4881940202906492e+000 -3.0877037228738524e-002 -1.1875936121896852e-002 -9.9945263555268282e-001 4.4656179888420117e-001 0 0 0 1</transform>
        <rotation_covariance>8.8006414759069952e-009 -5.7444890907122560e-010 -8.8153023288558177e-011 -5.7444890907122560e-010 3.3989053817120702e-009 1.8783433297873448e-011 -8.8153023288558164e-011 1.8783433297873435e-011 1.1771683382094277e-010</rotation_covariance>
        <location_covariance>1.5341918764122469e-006 -2.6336625860232771e-007 -5.7012031260293087e-008 -2.6336625860232771e-007 4.1908618352739047e-006 -2.1400019501187638e-007 -5.7012031260293087e-008 -2.1400019501187638e-007 8.9402283248559293e-008</location_covariance>
      </camera>
      <camera id="4" sensor_id="0" label="DSC00006.JPG">
        <transform>9.9951670219449618e-001 4.4939052909711832e-003 -3.0759825251054446e-002 8.9408558229272972e-001 4.7493200011559681e-003 -9.9995480925093472e-001 8.2354972802789958e-003 5.8300952338148759e+000 -3.0721425646708607e-002 -8.3776053358130959e-003 -9.9949287628030203e-001 3.3215229576621236e-001 0 0 0 1</transform>
        <rotation_covariance>8.8747348024148081e-009 -5.8297382344758742e-010 -9.3946905962018329e-011 -5.8297382344758732e-010 3.6105293950439988e-009 2.5749516370940476e-011 -9.3946905962018341e-011 2.5749516370940486e-011 1.2095558861014021e-010</rotation_covariance>
        <location_covariance>1.5794993550929737e-006 -2.2119829572978549e-007 -1.1590339813454166e-007 -2.2119829572978549e-007 4.2222604988338860e-006 -2.4332079088180354e-007 -1.1590339813454166e-007 -2.4332079088180354e-007 1.1273626343189876e-007</location_covariance>
      </camera>
      <camera id="5" sensor_id="0" label="DSC00007.JPG">
        <transform>9.9954253965303874e-001 5.0994901389419048e-003 -2.9811182872832728e-002 2.3644473513331628e+000 5.2643187407649568e-003 -9.9997127426964838e-001 5.4532177410577054e-003 6.1422867455291730e+000 -2.9782517894736030e-002 -5.6076586788596479e-003 -9.9954067240507583e-001 2.5386467737301832e-001 0 0 0 1</transform>
        <rotation_covariance>8.8819682158354509e-009 -6.5117397882742473e-010 -8.3676831911155447e-011 -6.5117397882742463e-010 3.7029040014772773e-009 2.9663091446225643e-011 -8.3676831911155460e-011 2.9663091446225649e-011 1.2569916324955256e-010</rotation_covariance>
        <location_covariance>1.5832779707966229e-006 -2.1151460291326326e-007 -1.7307226738566153e-007 -2.1151460291326326e-007 4.2340468020960626e-006 -2.6424018541558615e-007 -1.7307226738566153e-007 -2.6424018541558615e-007 1.4170654231574029e-007</location_covariance>
      </camera>
      <camera id="6" sensor_id="0" label="DSC00008.JPG">
        <transform>9.9954256949184805e-001 5.6208044918370399e-003 -2.9716297388790332e-002 3.7642371767965184e+000 5.7125487854484229e-003 -9.9997917313874018e-001 3.0033439921959594e-003 6.4347197191029624e+000 -2.9698797282185590e-002 -3.1717259695838119e-003 -9.9955386127730284e-001 1.8812906502271118e-001 0 0 0 1</transform>
        <rotation_covariance>8.8058422042814642e-009 -6.6039544542249231e-010 -8.0510296500469530e-011 -6.6039544542249231e-010 3.7744271025921269e-009 3.2053364927460285e-011 -8.0510296500469530e-011 3.2053364927460285e-011 1.3030633529517560e-010</rotation_covariance>
        <location_covariance>1.5838137061077544e-006 -1.7395483554696166e-007 -2.2873433429042770e-007 -1.7395483554696166e-007 4.2124273406007126e-006 -2.8734878940005651e-007 -2.2873433429042770e-007 -2.8734878940005651e-007 1.7628208028206072e-007</location_covariance>
      </camera>
      <camera id="7" sensor_id="0" label="DSC00009.JPG">
        <transform>9.9956997677312631e-001 6.1183293603897064e-003 -2.8677998179950887e-002 4.9933295123890327e+000 6.1748729354019309e-003 -9.9997916142132059e-001 1.8835252438412927e-003 6.6782466378101102e+000 -2.8665876543429013e-002 -2.0597982790409226e-003 -9.9958692706189722e-001 1.1684741685111871e-001 0 0 0 1</transform>
        <rotation_covariance>8.9924670730715260e-009 -6.0795236452892803e-010 -7.5083659069717147e-011 -6.0795236452892803e-010 3.8949267976632414e-009 3.2929856703475859e-011 -7.5083659069717082e-011 3.2929856703475859e-011 1.3559606664671751e-010</rotation_covariance>
        <location_covariance>1.6088318218861670e-006 -1.1074453684051868e-007 -2.7550145925965800e-007 -1.1074453684051868e-007 4.3014244143442323e-006 -3.1084535498654286e-007 -2.7550145925965800e-007 -3.1084535498654286e-007 2.1393719956884753e-007</location_covariance>
      </camera>
      <camera id="8" sensor_id="0" label="DSC00010.JPG">
        <transform>9.9960301103665705e-001 6.4777353918926426e-003 -2.7420052345724599e-002 6.2296260877750651e+000 6.4528990267815273e-003 -9.9997868563899994e-001 -9.9416389407299311e-004 6.9114721536924790e+000 -2.7425907835472243e-002 8.1683039288326699e-004 -9.9962350530962873e-001 3.9200362771707457e-002 0 0 0 1</transform>
        <rotation_covariance>9.1114483495352100e-009 -5.4879688928128842e-010 -6.2976566652588809e-011 -5.4879688928128852e-010 4.1111942056781998e-009 4.3953060420326131e-011 -6.2976566652588861e-011 4.3953060420326131e-011 1.4150210826791801e-010</rotation_covariance>
        <location_covariance>1.6765934144617026e-006 -4.4124742763764510e-008 -3.2067505024019184e-007 -4.4124742763764510e-008 4.3563332550054262e-006 -3.3472857303914398e-007 -3.2067505024019184e-007 -3.3472857303914398e-007 2.5746479899751896e-007</location_covariance>
      </camera>
      <camera id="9" sensor_id="0" label="DSC00011.JPG">
        <transform>9.9961695905517289e-001 6.8737270507561168e-003 -2.6808339107822928e-002 7.4398934345448966e+000 6.7994069181098781e-003 -9.9997278685272939e-001 -2.8624499205730904e-003 7.1239883496117704e+000 -2.6827285267993186e-002 2.6790726786582279e-003 -9.9963649359891427e-001 -2.7118610673807074e-002 0 0 0 1</transform>
        <rotation_covariance>9.1931201219244885e-009 -6.0114191486961866e-010 -6.6706833876748424e-011 -6.0114191486961866e-010 4.2901009728815410e-009 4.8652437880194889e-011 -6.6706833876748411e-011 4.8652437880194889e-011 1.4643106491189743e-010</rotation_covariance>
        <location_covariance>1.7286109512065707e-006 -2.8678549873852786e-008 -3.6653685811533278e-007 -2.8678549873852786e-008 4.3967446391889362e-006 -3.6276889439241154e-007 -3.6653685811533278e-007 -3.6276889439241154e-007 3.0755589877828688e-007</location_covariance>
      </camera>
      <camera id="10" sensor_id="0" label="DSC00012.JPG">
        <transform>9.9962519432997932e-001 7.1439953028211642e-003 -2.6427905551985053e-002 8.5369337084193742e+000 7.0489837833126734e-003 -9.9996836013129808e-001 -3.6865382061142568e-003 7.2860980354778286e+000 -2.6453405988151473e-002 3.4988665930289950e-003 -9.9964392422711712e-001 -9.0166485871616422e-002 0 0 0 1</transform>
        <rotation_covariance>8.9742982760468121e-009 -5.6664099432172814e-010 -6.9447985962491253e-011 -5.6664099432172814e-010 4.2748215945554588e-009 5.9278254225562991e-011 -6.9447985962491279e-011 5.9278254225562991e-011 1.4742462114859389e-010</rotation_covariance>
        <location_covariance>1.6996682426731765e-006 2.4185188067082089e-008 -4.0767611030355144e-007 2.4185188067082089e-008 4.3015083902058845e-006 -3.7187066844017411e-007 -4.0767611030355144e-007 -3.7187066844017411e-007 3.5650067570895759e-007</location_covariance>
      </camera>
      <camera id="11" sensor_id="0" label="DSC00013.JPG">
        <transform>9.9964102823315826e-001 7.4106213209959139e-003 -2.5746793287528835e-002 9.7911507904406765e+000 7.2371187245236857e-003 -9.9995051734998852e-001 -6.8254643840069988e-003 7.4988077859986531e+000 -2.5796100199857491e-002 6.6366816351999406e-003 -9.9964519489234371e-001 -1.5053028854148323e-001 0 0 0 1</transform>
        <rotation_covariance>9.1649763796130804e-009 -5.9927746404318840e-010 -7.0827802518549923e-011 -5.9927746404318830e-010 4.4303429416821033e-009 7.0613992407752589e-011 -7.0827802518549846e-011 7.0613992407752589e-011 1.5101043128232228e-010</rotation_covariance>
        <location_covariance>1.7525468663727258e-006 5.0601197173764208e-008 -4.5758714379892457e-007 5.0601197173764208e-008 4.3901631920692579e-006 -3.8677622712181429e-007 -4.5758714379892457e-007 -3.8677622712181429e-007 4.2150568301153530e-007</location_covariance>
      </camera>
      <camera id="12" sensor_id="0" label="DSC00014.JPG">
        <transform>9.9968158515497252e-001 7.8024709563349901e-003 -2.3996869567025295e-002 1.1334195620823103e+001 7.6153238006760908e-003 -9.9993995174876382e-001 -7.8803388309585526e-003 7.7561906217676899e+000 -2.4056914711827287e-002 7.6950856821354427e-003 -9.9968097436676895e-001 -2.3197632473270899e-001 0 0 0 1</transform>
        <rotation_covariance>9.6274050031991996e-009 -4.9072747800672082e-010 -6.0307385088517146e-011 -4.9072747800672071e-010 4.6904962686168680e-009 6.8628074948598279e-011 -6.0307385088517146e-011 6.8628074948598292e-011 1.5986608076822778e-010</rotation_covariance>
        <location_covariance>1.8484283354103442e-006 1.5263583264211248e-007 -5.2080612542488299e-007 1.5263583264211248e-007 4.5988961307405908e-006 -4.1276678045038958e-007 -5.2080612542488299e-007 -4.1276678045038958e-007 5.1427254917350818e-007</location_covariance>
      </camera>
      <camera id="13" sensor_id="0" label="DSC00015.JPG">
        <transform>9.9970400017605843e-001 7.8114877237433836e-003 -2.3041108730471094e-002 1.2393464780363418e+001 7.6450963232872066e-003 -9.9994412405670918e-001 -7.3007716488207161e-003 7.9303293760254832e+000 -2.3096851174894930e-002 7.1224591260582422e-003 -9.9970786034811310e-001 -2.8091908391196885e-001 0 0 0 1</transform>
        <rotation_covariance>1.0170300380821939e-008 -5.5691017384891278e-010 -4.4765312198106059e-011 -5.5691017384891278e-010 4.9093511589920684e-009 6.3548050791419115e-011 -4.4765312198106072e-011 6.3548050791419128e-011 1.6633126539473008e-010</rotation_covariance>
        <location_covariance>1.9308173676898450e-006 1.6172305565369536e-007 -5.6008798764610687e-007 1.6172305565369536e-007 4.8440714124374544e-006 -4.3313950130202920e-007 -5.6008798764610687e-007 -4.3313950130202920e-007 5.8658507737836898e-007</location_covariance>
      </camera>
      <camera id="14" sensor_id="0" label="DSC00016.JPG">
        <transform>9.9972990951235863e-001 7.8532605809243893e-003 -2.1873141627537673e-002 1.3771098483557058e+001 7.6563498388736023e-003 -9.9992954032663794e-001 -9.0716420400783152e-003 8.1866759742929762e+000 -2.1942842421960797e-002 8.9017234514803482e-003 -9.9971959617986805e-001 -3.5843400494337380e-001 0 0 0 1</transform>
        <rotation_covariance>9.8295414973238395e-009 -4.8984927976664389e-010 -3.1400425806925773e-011 -4.8984927976664389e-010 4.7470474656948617e-009 7.6935510862392076e-011 -3.1400425806925767e-011 7.6935510862392076e-011 1.6976966970338089e-010</rotation_covariance>
        <location_covariance>1.8493035218854086e-006 2.4343290029431318e-007 -6.0905083280384313e-007 2.4343290029431318e-007 4.7029529012407613e-006 -4.4478005210238624e-007 -6.0905083280384313e-007 -4.4478005210238624e-007 6.8762945254870635e-007</location_covariance>
      </camera>
      <camera id="15" sensor_id="0" label="DSC00017.JPG">
        <transform>9.9974420358192106e-001 7.9836327845377360e-003 -2.1161025776453769e-002 1.5362131064784112e+001 7.7840956040990559e-003 -9.9992462240892999e-001 -9.4951227472384308e-003 8.4431721510706925e+000 -2.1235236282564234e-002 9.3279744811257479e-003 -9.9973099063303184e-001 -4.5191905021619255e-001 0 0 0 1</transform>
        <rotation_covariance>9.9203178762116712e-009 -3.2043317426049281e-010 -1.2431162058550443e-011 -3.2043317426049281e-010 4.8826435919605600e-009 7.0058764178699911e-011 -1.2431162058550414e-011 7.0058764178699911e-011 1.7995017085334663e-010</rotation_covariance>
        <location_covariance>1.8974190076206156e-006 3.8396306170342771e-007 -6.4505671720057548e-007 3.8396306170342771e-007 4.7502763075827779e-006 -4.6233176155558217e-007 -6.4505671720057548e-007 -4.6233176155558217e-007 8.1683299652669229e-007</location_covariance>
      </camera>
      <camera id="16" sensor_id="0" label="DSC00018.JPG">
        <transform>9.9975598411408562e-001 8.2357022691722966e-003 -2.0497449505016013e-002 1.6970584873153058e+001 8.0367523105615776e-003 -9.9991997949279898e-001 -9.7696071271656318e-003 8.7193248249482878e+000 -2.0576268864296410e-002 9.6024902631574004e-003 -9.9974217143239996e-001 -5.3226330316559489e-001 0 0 0 1</transform>
        <rotation_covariance>9.7646376873347370e-009 -3.8050973478701611e-010 7.2018609312470416e-012 -3.8050973478701595e-010 4.8979395127784408e-009 6.6054214892531122e-011 7.2018609312470884e-012 6.6054214892531122e-011 1.8768981399653531e-010</rotation_covariance>
        <location_covariance>1.9066970891467411e-006 4.2512872762650240e-007 -6.8379993497566156e-007 4.2512872762650240e-007 4.6985925671798870e-006 -4.6805086532929960e-007 -6.8379993497566156e-007 -4.6805086532929960e-007 9.6295345004218737e-007</location_covariance>
      </camera>
      <camera id="17" sensor_id="0" label="DSC00019.JPG">
        <transform>9.9975190215150367e-001 8.4407095180867257e-003 -2.0612825310506660e-002 1.7874517600877102e+001 8.2137762673588303e-003 -9.9990499791975351e-001 -1.1069282475730345e-002 8.8773514990001683e+000 -2.0704299647173689e-002 1.0897227075225066e-002 -9.9972625374058821e-001 -5.8128393132803358e-001 0 0 0 1</transform>
        <rotation_covariance>9.6547409995723241e-009 -3.7651786905775136e-010 3.0127362624906977e-012 -3.7651786905775136e-010 4.9242581652434898e-009 7.3668309126864551e-011 3.0127362624907098e-012 7.3668309126864564e-011 1.9018776929971371e-010</rotation_covariance>
        <location_covariance>1.9221584342788007e-006 4.6897317361612903e-007 -7.0384704886334789e-007 4.6897317361612903e-007 4.6581650834769255e-006 -4.7634018225936309e-007 -7.0384704886334789e-007 -4.7634018225936309e-007 1.0522232937111985e-006</location_covariance>
      </camera>
      <camera id="18" sensor_id="0" label="DSC00020.JPG">
        <transform>9.9974221675645236e-001 8.4741570827079771e-003 -2.1063919308449572e-002 1.9500972242902794e+001 8.2127082212445964e-003 -9.9988854603938160e-001 -1.2467835534854603e-002 9.1932172413583793e+000 -2.1167226048020224e-002 1.2291629712494269e-002 -9.9970038730633837e-001 -6.7101826562819411e-001 0 0 0 1</transform>
        <rotation_covariance>9.1018997585716439e-009 -9.4734715136542781e-012 -2.1006425256264365e-011 -9.4734715136542652e-012 4.8744839537408887e-009 9.1898145157300073e-011 -2.1006425256264371e-011 9.1898145157300061e-011 1.8963957386154731e-010</rotation_covariance>
        <location_covariance>1.9061620619648446e-006 7.1007231995273234e-007 -7.2723177057263456e-007 7.1007231995273234e-007 4.4414319214930304e-006 -5.1235510561656698e-007 -7.2723177057263456e-007 -5.1235510561656698e-007 1.2283378719797357e-006</location_covariance>
      </camera>
      <camera id="19" sensor_id="0" label="DSC00021.JPG">
        <transform>9.9975029577103269e-001 8.3630105351029816e-003 -2.0722117664980642e-002 2.0888774499335888e+001 8.0956122495136635e-003 -9.9988331463839775e-001 -1.2954465254744770e-002 9.4774251660683397e+000 -2.0828038026589796e-002 1.2783472240382178e-002 -9.9970134323679005e-001 -7.3891470664451442e-001 0 0 0 1</transform>
        <rotation_covariance>9.1827475564139800e-009 1.2553936706854961e-010 -3.4834114292836110e-011 1.2553936706854958e-010 5.0765902470396470e-009 1.0113596148985467e-010 -3.4834114292836090e-011 1.0113596148985467e-010 1.9727060051927482e-010</rotation_covariance>
        <location_covariance>2.0080939910872501e-006 8.3186583400442794e-007 -7.5508039213846532e-007 8.3186583400442794e-007 4.4964170154103564e-006 -5.4728318837700858e-007 -7.5508039213846532e-007 -5.4728318837700858e-007 1.3975701522402970e-006</location_covariance>
      </camera>
      <camera id="20" sensor_id="0" label="DSC00022.JPG">
        <transform>9.9974814878548246e-001 8.1903077922156030e-003 -2.0893967030433020e-002 2.1905444595869884e+001 7.9146088720182008e-003 -9.9988097212113025e-001 -1.3243887514869726e-002 9.6882950404752375e+000 -2.0999951580968481e-002 1.3075184448883458e-002 -9.9969397396664583e-001 -8.0176898286910880e-001 0 0 0 1</transform>
        <rotation_covariance>9.2161823094864661e-009 1.3313526923270275e-010 -4.2226878185917722e-011 1.3313526923270275e-010 5.1767051577003212e-009 1.1319907914826009e-010 -4.2226878185917722e-011 1.1319907914826008e-010 2.0275185022974613e-010</rotation_covariance>
        <location_covariance>2.0650796847595983e-006 8.8017204167481502e-007 -7.6914747118676612e-007 8.8017204167481502e-007 4.5200872823160445e-006 -5.7016847539173522e-007 -7.6914747118676612e-007 -5.7016847539173522e-007 1.5298017306071726e-006</location_covariance>
      </camera>
      <camera id="21" sensor_id="0" label="DSC00023.JPG">
        <transform>9.9972489345033833e-001 8.0787548204760713e-003 -2.2019789650681781e-002 2.3057912920983746e+001 7.7733879624720522e-003 -9.9987291918100596e-001 -1.3918330648405117e-002 9.9025541621727857e+000 -2.2129434138597682e-002 1.3743333256676607e-002 -9.9966064688758327e-001 -8.8237900316918139e-001 0 0 0 1</transform>
        <rotation_covariance>9.0834765645569294e-009 3.4516028060365407e-011 -6.1168821540144719e-011 3.4516028060365426e-011 5.0916827512299621e-009 1.2003142364740609e-010 -6.1168821540144731e-011 1.2003142364740609e-010 2.0683482624592134e-010</rotation_covariance>
        <location_covariance>2.0495447231084153e-006 8.8691242287574513e-007 -7.8405479205803939e-007 8.8691242287574513e-007 4.4666961167456785e-006 -5.9440297655269553e-007 -7.8405479205803939e-007 -5.9440297655269553e-007 1.6846937301936045e-006</location_covariance>
      </camera>
      <camera id="22" sensor_id="0" label="DSC00024.JPG">
        <transform>9.9972470854199758e-001 8.0362880476169338e-003 -2.2043711235496501e-002 2.3636881087396389e+001 7.7142871063093643e-003 -9.9986286957910231e-001 -1.4653730292471554e-002 9.9881910837597534e+000 -2.2158449969699023e-002 1.4479644728334965e-002 -9.9964961010520159e-001 -9.1479197935141521e-001 0 0 0 1</transform>
        <rotation_covariance>9.2014248827677555e-009 3.0378983438266086e-012 -6.3343208983738581e-011 3.0378983438266502e-012 5.2034054163415144e-009 1.2786206256625290e-010 -6.3343208983738646e-011 1.2786206256625292e-010 2.1159730656554613e-010</rotation_covariance>
        <location_covariance>2.1139734431720175e-006 8.9787980693049336e-007 -7.8805355495609616e-007 8.9787980693049336e-007 4.5208030807143699e-006 -6.0388958481545997e-007 -7.8805355495609616e-007 -6.0388958481545997e-007 1.7661862517498521e-006</location_covariance>
      </camera>
      <camera id="23" sensor_id="0" label="DSC00025.JPG">
        <transform>9.9973248018271166e-001 8.0530271738898269e-003 -2.1682177498153269e-002 2.4724249543755722e+001 7.7293543747253756e-003 -9.9985805745948486e-001 -1.4970705203676420e-002 1.0139037421792569e+001 -2.1799659370612779e-002 1.4799111009856727e-002 -9.9965282031545488e-001 -9.6628767172760877e-001 0 0 0 1</transform>
        <rotation_covariance>9.3243738569305912e-009 6.0015538860339581e-011 -4.8860423831151356e-011 6.0015538860339569e-011 5.3271448971914035e-009 1.3141167591764342e-010 -4.8860423831151343e-011 1.3141167591764342e-010 2.1785964383337557e-010</rotation_covariance>
        <location_covariance>2.2034504085899591e-006 9.6696260767036581e-007 -7.9998836010381287e-007 9.6696260767036581e-007 4.5797415216140122e-006 -6.1175312421429427e-007 -7.9998836010381287e-007 -6.1175312421429427e-007 1.9217002432481073e-006</location_covariance>
      </camera>
      <camera id="24" sensor_id="0" label="DSC00026.JPG">
        <transform>9.9977091777236504e-001 7.5212256213621626e-003 -2.0038541407891238e-002 2.5872562077822444e+001 7.2568985830272596e-003 -9.9988613051065511e-001 -1.3231153970261691e-002 1.0325793087339154e+001 -2.0135774123655224e-002 1.3082705285287143e-002 -9.9971165514005056e-001 -1.0291123840240446e+000 0 0 0 1</transform>
        <rotation_covariance>9.4461157863746524e-009 1.1319894193991545e-010 -1.7598266757731113e-011 1.1319894193991544e-010 5.3494220768724141e-009 1.1372147070891568e-010 -1.7598266757731065e-011 1.1372147070891567e-010 2.2505755092651644e-010</rotation_covariance>
        <location_covariance>2.2619072642275596e-006 1.0371082790626623e-006 -8.2427170470388570e-007 1.0371082790626623e-006 4.6364226080256067e-006 -6.2473401447717089e-007 -8.2427170470388570e-007 -6.2473401447717089e-007 2.0959035972895751e-006</location_covariance>
      </camera>
      <camera id="25" sensor_id="0" label="DSC00027.JPG">
        <transform>9.9979258938083793e-001 6.8104412574668633e-003 -1.9193647622009317e-002 2.6383030336601710e+001 6.5703444060834391e-003 -9.9989972671732374e-001 -1.2544603820242013e-002 1.0411136733724433e+001 -1.9277157299371680e-002 1.2415893060910907e-002 -9.9973708384052418e-001 -1.0728355119130146e+000 0 0 0 1</transform>
        <rotation_covariance>9.5784954783632471e-009 1.0522307963794755e-010 -2.2186691902892492e-012 1.0522307963794755e-010 5.3918933761228447e-009 1.0521614060816735e-010 -2.2186691902892516e-012 1.0521614060816739e-010 2.3000451536047392e-010</rotation_covariance>
        <location_covariance>2.3058178301001567e-006 1.0548047098255694e-006 -8.3761275889654493e-007 1.0548047098255694e-006 4.6880827469426400e-006 -6.3481550119755143e-007 -8.3761275889654493e-007 -6.3481550119755143e-007 2.1773340900264601e-006</location_covariance>
      </camera>
      <camera id="26" sensor_id="0" label="DSC00028.JPG">
        <transform>9.9978711052649061e-001 5.8639893245835415e-003 -1.9782498686774071e-002 2.6631015883507512e+001 5.6471192572763616e-003 -9.9992354295150798e-001 -1.1000831577562894e-002 1.0521227800548379e+001 -1.9845494934245055e-002 1.0886775487029056e-002 -9.9974378440193856e-001 -1.1288311192819207e+000 0 0 0 1</transform>
        <rotation_covariance>1.0085024758351374e-008 1.8946574748745291e-010 4.2805604712038726e-012 1.8946574748745293e-010 5.4971773693183985e-009 9.2095673071784737e-011 4.2805604712038864e-012 9.2095673071784737e-011 2.3493827017518948e-010</rotation_covariance>
        <location_covariance>2.3593785995852708e-006 1.1014003274972272e-006 -8.4893566454961493e-007 1.1014003274972272e-006 4.8925942634022903e-006 -6.6915161736382555e-007 -8.4893566454961493e-007 -6.6915161736382555e-007 2.2233460271664836e-006</location_covariance>
      </camera>
      <camera id="27" sensor_id="0" label="DSC00029.JPG">
        <transform>9.9981284072573917e-001 8.8980524483727539e-003 -1.7178713064551775e-002 2.6889050913987653e+001 8.7087280359737177e-003 -9.9990086360299602e-001 -1.1064403371991539e-002 8.3383388063452593e+000 -1.7275461670347322e-002 1.0912727826199096e-002 -9.9979121360185386e-001 -1.2830830623585481e+000 0 0 0 1</transform>
        <rotation_covariance>8.7865914043700746e-009 3.0374896465945110e-011 3.3867095470370328e-011 3.0374896465945117e-011 5.3629896569011312e-009 1.1653034172064737e-010 3.3867095470370321e-011 1.1653034172064737e-010 2.1173959828725307e-010</rotation_covariance>
        <location_covariance>2.2826664501923470e-006 9.8836641670669597e-007 -7.5323992113942630e-007 9.8836641670669597e-007 4.1288716883473218e-006 -3.5296314727663941e-007 -7.5323992113942630e-007 -3.5296314727663941e-007 2.1143544246663251e-006</location_covariance>
      </camera>
      <camera id="28" sensor_id="0" label="DSC00030.JPG">
        <transform>9.9984186067865266e-001 7.0177884775045477e-003 -1.6340265589501250e-002 2.6227023190178727e+001 6.9044159446662147e-003 -9.9995177286575776e-001 -6.9843384146989571e-003 8.3035502006460504e+000 -1.6388492154968775e-002 6.8704139258857610e-003 -9.9984209490167675e-001 -1.2377696062374319e+000 0 0 0 1</transform>
        <rotation_covariance>8.7371717813110279e-009 -7.9117934954528280e-012 3.0186847991804131e-011 -7.9117934954528312e-012 5.3911015056007450e-009 1.0058905608413206e-010 3.0186847991804124e-011 1.0058905608413205e-010 2.0640897503163131e-010</rotation_covariance>
        <location_covariance>2.2631049626339588e-006 9.4916456444139474e-007 -7.3971923293396328e-007 9.4916456444139474e-007 4.1098490452235802e-006 -3.4096740999224847e-007 -7.3971923293396328e-007 -3.4096740999224847e-007 2.0142900950816249e-006</location_covariance>
      </camera>
      <camera id="29" sensor_id="0" label="DSC00031.JPG">
        <transform>9.9983433819006018e-001 6.4150145216665486e-003 -1.7033606920766730e-002 2.4291273207939309e+001 6.3256951388165894e-003 -9.9996598732155595e-001 -5.2924267625160479e-003 8.0728958046973140e+000 -1.7066978556708187e-002 5.1838006050243888e-003 -9.9984091057239310e-001 -1.1197700822408130e+000 0 0 0 1</transform>
        <rotation_covariance>8.6497482641512269e-009 6.6560926615083017e-011 1.4067907949572502e-011 6.6560926615083017e-011 5.3280618279947959e-009 8.6808053306019451e-011 1.4067907949572556e-011 8.6808053306019425e-011 1.9573558904121323e-010</rotation_covariance>
        <location_covariance>2.1547728638346227e-006 9.1209763758899307e-007 -7.0736860643144432e-007 9.1209763758899307e-007 4.0722931391197422e-006 -3.4511755905895772e-007 -7.0736860643144432e-007 -3.4511755905895772e-007 1.7366819380473557e-006</location_covariance>
      </camera>
      <camera id="30" sensor_id="0" label="DSC00032.JPG">
        <transform>9.9985596993404868e-001 5.7538702474167385e-003 -1.5966601529998882e-002 2.2868609174281623e+001 5.6803411545573038e-003 -9.9997307050862994e-001 -4.6467173262876573e-003 7.8404893810413103e+000 -1.5992908166112652e-002 4.5553523155154275e-003 -9.9986172826729991e-001 -1.0127736328542700e+000 0 0 0 1</transform>
        <rotation_covariance>8.5790179345643252e-009 7.8567539231656869e-011 2.1767922196815499e-011 7.8567539231656907e-011 5.3019389563364116e-009 7.7463632165786175e-011 2.1767922196815528e-011 7.7463632165786162e-011 1.9133885047785578e-010</rotation_covariance>
        <location_covariance>2.0990714760147314e-006 8.6326997475894733e-007 -6.7662575272884542e-007 8.6326997475894733e-007 4.0414818984500264e-006 -3.2811592491629143e-007 -6.7662575272884542e-007 -3.2811592491629143e-007 1.5476022043810473e-006</location_covariance>
      </camera>
      <camera id="31" sensor_id="0" label="DSC00033.JPG">
        <transform>9.9988898325790498e-001 5.3447898915351859e-003 -1.3908787887088565e-002 2.0756532534860082e+001 5.2672598522391914e-003 -9.9997042036686223e-001 -5.6048519132809388e-003 7.4983892150276583e+000 -1.3938333226095129e-002 5.5309684808506300e-003 -9.9988755930581619e-001 -8.8998703187365080e-001 0 0 0 1</transform>
        <rotation_covariance>9.2024762305386263e-009 3.4525846234086935e-010 8.9884721150186953e-011 3.4525846234086935e-010 5.2085612821425574e-009 9.1148549398397040e-011 8.9884721150186940e-011 9.1148549398397040e-011 1.8592528161957788e-010</rotation_covariance>
        <location_covariance>2.0313609796881191e-006 8.8891331164613090e-007 -6.7647550997585755e-007 8.8891331164613090e-007 4.2858875951894973e-006 -2.9284013222365823e-007 -6.7647550997585755e-007 -2.9284013222365823e-007 1.2819351079427425e-006</location_covariance>
      </camera>
      <camera id="32" sensor_id="0" label="DSC00034.JPG">
        <transform>9.9989382674080829e-001 5.3684885453862017e-003 -1.3546755196783881e-002 1.9869338641936547e+001 5.2911590274625159e-003 -9.9996954051684017e-001 -5.7377412529421032e-003 7.3383844315939317e+000 -1.3577145567814905e-002 5.6654540222005880e-003 -9.9989177601826118e-001 -8.2632760931327287e-001 0 0 0 1</transform>
        <rotation_covariance>9.1073352966820341e-009 3.2986353304156622e-010 9.2261902073766493e-011 3.2986353304156627e-010 5.0675071801510472e-009 9.6504532709441981e-011 9.2261902073766480e-011 9.6504532709441981e-011 1.8293718493624796e-010</rotation_covariance>
        <location_covariance>1.9580918297832995e-006 8.4435204023629011e-007 -6.6050543490637775e-007 8.4435204023629011e-007 4.2433135595854965e-006 -2.6774317597051242e-007 -6.6050543490637775e-007 -2.6774317597051242e-007 1.1800941252890033e-006</location_covariance>
      </camera>
      <camera id="33" sensor_id="0" label="DSC00035.JPG">
        <transform>9.9989584648802476e-001 5.2947842156922335e-003 -1.3426147478176692e-002 1.8244264509766992e+001 5.2030458082045743e-003 -9.9996294350767478e-001 -6.8585658693661880e-003 7.0680434987843963e+000 -1.3461964578553115e-002 6.7879946652871165e-003 -9.9988634286008216e-001 -7.3331423016233244e-001 0 0 0 1</transform>
        <rotation_covariance>9.1517603070141073e-009 1.3608217631803174e-011 9.3896942267494221e-011 1.3608217631803166e-011 4.7377065796921642e-009 9.8491019452944989e-011 9.3896942267494221e-011 9.8491019452944963e-011 1.7585770732570402e-010</rotation_covariance>
        <location_covariance>1.8050314699548632e-006 6.3391640862267424e-007 -6.5752721006851986e-007 6.3391640862267424e-007 4.2457611371926975e-006 -2.1244027190301986e-007 -6.5752721006851986e-007 -2.1244027190301986e-007 1.0061248349985484e-006</location_covariance>
      </camera>
      <camera id="34" sensor_id="0" label="DSC00036.JPG">
        <transform>9.9990560065629119e-001 4.9306557336117043e-003 -1.2824913653509773e-002 1.6765628441639478e+001 4.8322251481316926e-003 -9.9995872013729759e-001 -7.6946488870847729e-003 6.8167169620329817e+000 -1.2862323907488220e-002 7.6319496470006474e-003 -9.9988815072901260e-001 -6.4828437077097389e-001 0 0 0 1</transform>
        <rotation_covariance>8.8846039918955964e-009 -8.1664847323455125e-012 8.2576223392605185e-011 -8.1664847323455158e-012 4.6686876010716373e-009 1.0291014547524422e-010 8.2576223392605185e-011 1.0291014547524422e-010 1.6951751314918950e-010</rotation_covariance>
        <location_covariance>1.7722978010362877e-006 5.6502555422300762e-007 -6.3672938591644746e-007 5.6502555422300762e-007 4.1242101842422878e-006 -1.9576609526915590e-007 -6.3672938591644746e-007 -1.9576609526915590e-007 8.6428596602497662e-007</location_covariance>
      </camera>
      <camera id="35" sensor_id="0" label="DSC00037.JPG">
        <transform>9.9991807537430222e-001 4.6559422315980009e-003 -1.1923285691738771e-002 1.5927306369171216e+001 4.5573385831394145e-003 -9.9995530450099457e-001 -8.2836987730016687e-003 6.6659410973792799e+000 -1.1961321197486051e-002 8.2286816841595431e-003 -9.9989460224213200e-001 -5.8670909874093902e-001 0 0 0 1</transform>
        <rotation_covariance>8.8183279812654496e-009 -1.0520443382705391e-010 7.6884583644393304e-011 -1.0520443382705393e-010 4.6236289727156292e-009 1.0397790564762473e-010 7.6884583644393329e-011 1.0397790564762473e-010 1.6604750785604769e-010</rotation_covariance>
        <location_covariance>1.7519275723673505e-006 4.9123429300904509e-007 -6.1566117467152059e-007 4.9123429300904509e-007 4.0961101313425588e-006 -1.8408468260419856e-007 -6.1566117467152059e-007 -1.8408468260419856e-007 7.8997706122376119e-007</location_covariance>
      </camera>
      <camera id="36" sensor_id="0" label="DSC00038.JPG">
        <transform>9.9992335082057560e-001 4.7993254596669158e-003 -1.1413104699653757e-002 1.4459739876077611e+001 4.7093721284590575e-003 -9.9995774102584967e-001 -7.8954402432937429e-003 6.3954141799261279e+000 -1.1450515180932199e-002 7.8410865071061632e-003 -9.9990369689509562e-001 -4.9354302688110646e-001 0 0 0 1</transform>
        <rotation_covariance>8.8190446344623184e-009 -1.5096356883396663e-010 6.2581162844712464e-011 -1.5096356883396660e-010 4.5394104064183014e-009 1.0489635479659431e-010 6.2581162844712451e-011 1.0489635479659434e-010 1.5916421135082545e-010</rotation_covariance>
        <location_covariance>1.7222140346062029e-006 4.1239620303207481e-007 -5.8399674896458259e-007 4.1239620303207481e-007 4.0895854248861119e-006 -1.4742592886282854e-007 -5.8399674896458259e-007 -1.4742592886282854e-007 6.7034360471916703e-007</location_covariance>
      </camera>
      <camera id="37" sensor_id="0" label="DSC00039.JPG">
        <transform>9.9994189167542447e-001 4.0710602015714414e-003 -9.9819708178813579e-003 1.3040718671831577e+001 3.9845871360949889e-003 -9.9995449717542151e-001 -8.6675627488179679e-003 6.1904864468091292e+000 -1.0016802779765620e-002 8.6272850587546749e-003 -9.9991261298904832e-001 -4.0614418723144974e-001 0 0 0 1</transform>
        <rotation_covariance>9.3223041876586407e-009 -1.9812681025088091e-010 8.6802814757308055e-011 -1.9812681025088096e-010 4.6251626162442595e-009 1.1023158931651177e-010 8.6802814757308042e-011 1.1023158931651177e-010 1.5674485308696483e-010</rotation_covariance>
        <location_covariance>1.7707975718499955e-006 3.4141482718161771e-007 -5.5061062871886848e-007 3.4141482718161771e-007 4.3104373047805909e-006 -1.2778802697063900e-007 -5.5061062871886848e-007 -1.2778802697063900e-007 5.6857329857080339e-007</location_covariance>
      </camera>
      <camera id="38" sensor_id="0" label="DSC00040.JPG">
        <transform>9.9995231160120923e-001 3.7593914877112823e-003 -9.0134066278417455e-003 1.2022945712260887e+001 3.6911544569264219e-003 -9.9996449420790012e-001 -7.5753351287961186e-003 6.0140178167684359e+000 -9.0415652500996611e-003 7.5417039971470805e-003 -9.9993068399696972e-001 -3.4111990684120869e-001 0 0 0 1</transform>
        <rotation_covariance>9.0494937456845589e-009 -1.7547699830472081e-010 8.4728459831362783e-011 -1.7547699830472084e-010 4.5697162950501862e-009 1.0685787917203385e-010 8.4728459831362757e-011 1.0685787917203385e-010 1.5207906996623782e-010</rotation_covariance>
        <location_covariance>1.7559615698038671e-006 3.1492530112813478e-007 -5.1100224214437268e-007 3.1492530112813478e-007 4.1927902449639706e-006 -1.2008570375171150e-007 -5.1100224214437268e-007 -1.2008570375171150e-007 4.9960435277265261e-007</location_covariance>
      </camera>
      <camera id="39" sensor_id="0" label="DSC00041.JPG">
        <transform>9.9996714790868313e-001 3.2293154824259156e-003 -7.4346906384716834e-003 1.0112461177803985e+001 3.1768969183649733e-003 -9.9997009079728250e-001 -7.0515839954283050e-003 5.6453666761642447e+000 -7.4572400621743000e-003 7.0277330903685984e-003 -9.9994749889094958e-001 -2.4417395829434504e-001 0 0 0 1</transform>
        <rotation_covariance>8.4596355721980235e-009 -2.6726911421687186e-010 8.7743206484212352e-011 -2.6726911421687181e-010 4.1847341364875278e-009 9.8113233261581364e-011 8.7743206484212352e-011 9.8113233261581351e-011 1.3984693974941114e-010</rotation_covariance>
        <location_covariance>1.6100271200035350e-006 2.1050932400939130e-007 -4.3865566951112493e-007 2.1050932400939130e-007 3.9242346715863286e-006 -1.0054954966491721e-007 -4.3865566951112493e-007 -1.0054954966491721e-007 3.8384432305333559e-007</location_covariance>
      </camera>
      <camera id="40" sensor_id="0" label="DSC00042.JPG">
        <transform>9.9997706866420866e-001 2.9667444633161497e-003 -6.0877395661235387e-003 8.1409743740813365e+000 2.9326678766077490e-003 -9.9998002575095379e-001 -5.5988890190286624e-003 5.2764574074610273e+000 -6.1042284410952417e-003 5.5809073107577862e-003 -9.9996579534938479e-001 -1.3362067455456764e-001 0 0 0 1</transform>
        <rotation_covariance>8.2954987403502915e-009 -1.5647505222491527e-010 8.8921774904614054e-011 -1.5647505222491527e-010 4.0747479799022152e-009 9.1200740491318549e-011 8.8921774904614028e-011 9.1200740491318562e-011 1.3447300498798401e-010</rotation_covariance>
        <location_covariance>1.5945532192378117e-006 1.9824738173022927e-007 -3.6576076950478272e-007 1.9824738173022927e-007 3.8489319944313985e-006 -9.1206583176241775e-008 -3.6576076950478272e-007 -9.1206583176241775e-008 2.8610634472114515e-007</location_covariance>
      </camera>
      <camera id="41" sensor_id="0" label="DSC00043.JPG">
