# Cameras (604)
# PhotoID, X, Y, Z, Omega, Phi, Kappa, r11, r12, r13, r21, r22, r23, r31, r32, r33
DSC00003.JPG	2693787.2994738761000000	1256203.6622942518000000	584.0980056983729600	2.0790019520321379	-0.8076324509541998	127.7970055249653900	-0.6128048715737197	0.7899802937021695	0.0200330960600537	-0.7901085429716726	-0.6120582834999055	-0.0333638715129096	-0.0140953786291046	-0.0362738633368910	0.9992424766491458
DSC00004.JPG	2693786.3697646894000000	1256204.4105422257000000	583.9571236655705200	2.2864320853775308	-1.0237667351423376	129.6092531800649400	-0.6374466461186230	0.7702513962412422	0.0193535511091905	-0.7702873089438032	-0.6364916884856606	-0.0391891843342901	-0.0178671495273603	-0.0398888089204221	0.9990443673284368
DSC00005.JPG	2693784.3016706798000000	1256206.0585910049000000	583.9083178866656000	2.5203822254860908	-0.9581399848985868	131.2738505387742400	-0.6595664924715683	0.7513233182427077	0.0220298314455592	-0.7514601915378999	-0.6584679420119178	-0.0415638048837260	-0.0167219180292068	-0.0439686343585590	0.9988929555513283
DSC00006.JPG	2693782.3766560126000000	1256207.3947034457000000	583.8134835343314500	2.6405616721008527	-1.0642352215156252	132.5264734695440200	-0.6758141962623189	0.7367609752222240	0.0214111541004611	-0.7368379761857322	-0.6745824900207325	-0.0448136252488374	-0.0185733405942702	-0.0460622355843282	0.9987658892213647
DSC00007.JPG	2693780.3503216114000000	1256208.8078279810000000	583.8058942792697500	2.8373836314908321	-1.1355505564214752	132.6820831299405100	-0.6777966828706107	0.7348904540473965	0.0229712263409775	-0.7349822525402068	-0.6763775495910346	-0.0481092388232409	-0.0198177985790749	-0.0494917261695249	0.9985779007670058
DSC00008.JPG	2693778.5410895664000000	1256210.1915456883000000	583.7757717227534600	2.8804433909505307	-1.1226417415578869	132.7092008581288400	-0.6781474806517140	0.7345451146868708	0.0236530965284578	-0.7346646356146193	-0.6766972555191559	-0.0484633629670996	-0.0195925410034426	-0.0502424010422846	0.9985448580181738
DSC00009.JPG	2693776.8819259051000000	1256211.5711758106000000	583.7685233099462000	2.8880222786964960	-1.1795879350446308	132.9296376700910400	-0.6809553659269946	0.7319671846761159	0.0228873365106953	-0.7320355157920560	-0.6794752042610096	-0.0493705419609526	-0.0205862389544974	-0.0503734786547474	0.9985182619331146
DSC00010.JPG	2693775.2721627913000000	1256212.8797661234000000	583.7955828737634600	2.9949991752749114	-1.2682370564256011	132.9827245881015800	-0.6816108033684666	0.7313484889447918	0.0231538430841090	-0.7313800916081257	-0.6800005797686639	-0.0517916316944203	-0.0221331048586327	-0.0522359955629329	0.9983894663090482
DSC00011.JPG	2693773.6868687645000000	1256214.1113132390000000	583.7714939765953700	3.0697525793955420	-1.3341961033806629	133.0060249336967200	-0.6818903447774577	0.7310831290638022	0.0233027057991139	-0.7310837247235137	-0.6801847048892121	-0.0535290078291106	-0.0232840104722966	-0.0535371425559396	0.9982943600077440
DSC00012.JPG	2693772.2083989140000000	1256215.4111982458000000	583.8108407770569100	3.1195378748861047	-1.3112981827692367	133.0372398536183900	-0.6822948364090896	0.7306771164776243	0.0241807292164243	-0.7307188632512641	-0.6805520119372071	-0.0538414518470669	-0.0228844728642374	-0.0544050595456342	0.9982566756088145
DSC00013.JPG	2693771.0964278355000000	1256216.3519761758000000	583.8105985250198300	3.1421407951205849	-1.3719194708147824	133.0618484269381300	-0.6825917034730150	0.7304147518308760	0.0237246002631757	-0.7304076507451563	-0.6808021179041827	-0.0548920758408814	-0.0239422238471989	-0.0547975050984908	0.9982104003426490
DSC00014.JPG	2693769.3575346582000000	1256217.5559814731000000	583.8320507320710200	3.2494956265633381	-1.4245297687404959	133.0782438720365200	-0.6827853819166704	0.7302097407113262	0.0244511106333478	-0.7301959285170723	-0.6808690363266318	-0.0568441848277782	-0.0248601733299953	-0.0566664798795670	0.9980836046344320
DSC00015.JPG	2693768.1835287586000000	1256218.6234442221000000	583.8634036591103000	3.1990086629696597	-1.4165473126057775	133.0986401536271400	-0.6830476352974643	0.7299832509012548	0.0238826572679535	-0.7299553446719975	-0.6811844423040546	-0.0561511384363632	-0.0247208960057731	-0.0557871756459303	0.9981365980336169
DSC00016.JPG	2693766.5849266145000000	1256220.1483028263000000	583.9066175381810800	3.2190240089389244	-1.4865060230502105	133.1358158781215500	-0.6834999672965395	0.7295796073816350	0.0232678146478941	-0.7294894327946018	-0.6815882608062990	-0.0572940675118717	-0.0259415139619869	-0.0561341181805120	0.9980861679381478
DSC00017.JPG	2693764.8198823761000000	1256221.6246390641000000	583.9475262281168900	3.2131131190874642	-1.4487122013891565	133.2923420418874200	-0.6855018889176257	0.7276918944703251	0.0234875927365185	-0.7276317581863299	-0.6836116666233111	-0.0568076908100469	-0.0252821037304666	-0.0560320977537727	0.9981088213477894
DSC00018.JPG	2693763.0229723863000000	1256222.8973276326000000	583.8464601803950700	3.2024359774256896	-1.5050589002386150	133.3060150134678300	-0.6856581250662889	0.7275707691321228	0.0226652031773985	-0.7274497055792728	-0.6837559121508595	-0.0574001607260423	-0.0262652124151074	-0.0558446819602142	0.9980939385215963
DSC00019.JPG	2693761.2052582316000000	1256224.3523125444000000	583.8544129578170900	3.3209580894295301	-1.5466909774556830	133.3241031080859800	-0.6858744688696360	0.7273353397009921	0.0236541027062373	-0.7272191334235605	-0.6838347430234378	-0.0593496100808979	-0.0269915715637416	-0.0579080983637971	0.9979569666114907
DSC00020.JPG	2693759.9917876478000000	1256225.2813084149000000	583.8467062705975600	3.2433943310043056	-1.5668262802944677	133.3418398393721400	-0.6860930043392133	0.7271685860253314	0.0224106424431101	-0.7269998328072109	-0.6841251395771389	-0.0586859139559723	-0.0273428691815627	-0.0565565283276885	0.9980249128195347
DSC00021.JPG	2693758.7214813028000000	1256226.1649475985000000	583.8131091057090300	3.3286725032533688	-1.6574842044654865	133.3422312104337100	-0.6860674169206282	0.7271927848471829	0.0224087729707789	-0.7269627717212176	-0.6839752117944674	-0.0608525938815933	-0.0289245219711879	-0.0580393256069733	0.9978951892417489
DSC00022.JPG	2693757.1844960731000000	1256227.4249762299000000	583.7741730327959400	3.2740757353083816	-1.6603632708207587	133.3534074460269800	-0.6862082081156323	0.7270823344496001	0.0216696572666209	-0.7268278743770871	-0.6841726402501586	-0.0602415086266310	-0.0289747500975966	-0.0570883286184406	0.9979485891529355
DSC00023.JPG	2693755.5595567655000000	1256228.9298242719000000	583.7374682154741100	3.1664940689443410	-1.7133425332219625	133.3735691683873200	-0.6864452351146411	0.7269159654871609	0.0196498933400229	-0.7265665752529019	-0.6845032594820850	-0.0596347171006179	-0.0298990119180284	-0.0552129231092736	0.9980268444325808
DSC00024.JPG	2693754.8348350953000000	1256229.5753424207000000	583.7054734907384300	3.1612343627340294	-1.7583243990306872	133.3575571283558400	-0.6862258330057582	0.7271387424913830	0.0190618803795351	-0.7267410918798107	-0.6842740938378099	-0.0601360946170028	-0.0306837332945992	-0.0551199933825712	0.9980081637144114
DSC00025.JPG	2693753.5381114539000000	1256230.6760104501000000	583.7299267122456300	3.0582970469008752	-1.6734915981440086	133.3707831486007600	-0.6864240195460948	0.7269595932758348	0.0187567357078771	-0.7266148940757835	-0.6846062666899992	-0.0578364531763447	-0.0292037856693318	-0.0533292541951824	0.9981498532532905
DSC00026.JPG	2693752.8088043183000000	1256231.0977725568000000	583.6941195923918700	3.1504153283543861	-1.8182062989486876	133.3626504725523600	-0.6862680407830367	0.7271209145906967	0.0182030701971205	-0.7266563750057073	-0.6843083357033982	-0.0607668853110811	-0.0317283605529377	-0.0549297483303368	0.9979859888219820
DSC00027.JPG	2693751.4819309358000000	1256232.1831788702000000	583.7891857831084500	3.0918334731296788	-1.7231744818027110	133.3997565131369100	-0.6867737092593851	0.7266343429525353	0.0185581225355150	-0.7262490173604096	-0.6849058456724297	-0.0588756940237117	-0.0300705346335148	-0.0539120970253566	0.9980928056754960
DSC00028.JPG	2693750.3183666915000000	1256233.0914427342000000	583.8475799039403000	3.0299433411584054	-1.6729679251127714	133.3785551961828400	-0.6865227602511587	0.7268755787506888	0.0183954525082065	-0.7265219694429284	-0.6847337605508121	-0.0574935220586826	-0.0291946497478423	-0.0528353118453434	0.9981763883444182
DSC00029.JPG	2693750.0753421038000000	1256233.2314957744000000	583.7318708841943400	2.9582631855273234	-1.7707757375561000	133.3503578376329400	-0.6861299180408641	0.7272954024553302	0.0163442080437176	-0.7268224453315657	-0.6843833019226123	-0.0578673397673157	-0.0309009470968197	-0.0515838503491336	0.9981904817476860
DSC00030.JPG	2693751.8904905971000000	1256235.3515452868000000	583.8410534526179800	2.9253978367039135	-1.7820629656956704	133.4057092706549400	-0.6868275589117379	0.7266500335282214	0.0157363621201969	-0.7261548236692605	-0.6851113856669862	-0.0576329878743681	-0.0310978517137157	-0.0510109596351288	0.9982138075662425
DSC00031.JPG	2693752.3871257473000000	1256235.0511627302000000	583.8389313675661500	2.8306122108554637	-1.5732290109431100	133.3634122061893900	-0.6863645752735368	0.7270571733414746	0.0170744400283715	-0.7267392352614663	-0.6847999589824920	-0.0538432921463400	-0.0274545759602395	-0.0493647938340879	0.9984034071399004
DSC00032.JPG	2693754.1501264013000000	1256233.6350743789000000	583.8020225790109000	2.7189408375066013	-1.6697773785778538	133.3364964685021300	-0.6859903768735579	0.7274655726355112	0.0145273351638139	-0.7270269061191759	-0.6845038454560615	-0.0537248856177778	-0.0291389878968544	-0.0474165180707318	0.9984500954972140
DSC00033.JPG	2693755.8545050006000000	1256232.2752136830000000	583.8049183824168700	2.6738105935782879	-1.6397378301230074	133.3328769389497100	-0.6859548367675774	0.7275032559365159	0.0143169311283856	-0.7270812529632168	-0.6845177754447690	-0.0528040404664654	-0.0286149175187587	-0.0466307591822571	0.9985022577808630
DSC00034.JPG	2693757.7802030630000000	1256230.7578173715000000	583.8423879571446400	2.7113252874600478	-1.6062407816151618	133.3239778298842900	-0.6858532602493361	0.7275810627666811	0.0152020560669706	-0.7271998318553444	-0.6843901642152347	-0.0528252560334849	-0.0280305182776818	-0.0472853066898278	0.9984880519146603
DSC00035.JPG	2693759.5442453176000000	1256229.3642352507000000	583.8270120376220100	2.7262403498432537	-1.6301218021542563	133.3305061223057600	-0.6859280364368645	0.7275126964949538	0.0150998433272856	-0.7271131192813987	-0.6844448706248556	-0.0533078872607024	-0.0284471544928831	-0.0475446686176941	0.9984639522222583
DSC00036.JPG	2693761.1479756590000000	1256228.0869555506000000	583.8454957588505700	2.8501281332987585	-1.6736705066965447	133.3374694019237800	-0.6860013619396123	0.7274210995458860	0.0161454437056179	-0.7270138155547401	-0.6843889361275346	-0.0553416307923780	-0.0292069068806592	-0.0497023947277757	0.9983369313757700
DSC00037.JPG	2693762.6893172581000000	1256226.7898725083000000	583.8908616640393300	2.8851143399149812	-1.7020357311368821	133.3269242626359700	-0.6858575398288667	0.7275541371790084	0.0162607666978964	-0.7271294524317090	-0.6842030068225445	-0.0561159947016210	-0.0297017586391391	-0.0503112604562644	0.9982918323842203
DSC00038.JPG	2693764.2303485833000000	1256225.5279458456000000	583.9236103342675500	2.8677550690261495	-1.6553122301752614	133.3035132761594100	-0.6855767628090793	0.7278105705340716	0.0166215437036614	-0.7274270169029347	-0.6839523184227693	-0.0553096845391158	-0.0288866297085889	-0.0500099944309942	0.9983308885740693
DSC00039.JPG	2693765.7906722985000000	1256224.2627881176000000	583.9266850591525300	2.8457838193226670	-1.5756034219543542	133.2999490183564100	-0.6855584069224238	0.7278120880886173	0.0172984140913368	-0.7274982065914013	-0.6839784471300852	-0.0540355740953341	-0.0274960016053866	-0.0496291073222584	0.9983891634037863
DSC00040.JPG	2693767.1046687700000000	1256223.1744739169000000	583.8998717597521600	2.8486134644400409	-1.5819417396060467	133.3291166799118100	-0.6859265754466013	0.7274667169104552	0.0172310441825782	-0.7271468968572578	-0.6843421994780846	-0.0541585118366274	-0.0276065841233378	-0.0496782628623537	0.9983836670899721
DSC00041.JPG	2693769.2446245085000000	1256221.5073974768000000	583.8870805384090100	2.9220317644159675	-1.5359846113064308	133.3134766616540800	-0.6857430302430763	0.7276027596360427	0.0187275370259558	-0.7273499847791998	-0.6841033838155098	-0.0544477721662471	-0.0268047778342094	-0.0509586540460475	0.9983409835637692
DSC00042.JPG	2693770.6826096978000000	1256220.3910204503000000	583.8917095715173700	2.9195733800363732	-1.5320614382339330	133.3090969498762500	-0.6856886866675865	0.7276534623006397	0.0187473672277426	-0.7274037349571091	-0.6840526359449589	-0.0543672477434903	-0.0267363300871420	-0.0509159116450373	0.9983449997845565
DSC00043.JPG	2693772.2725139074000000	1256219.0413988875000000	583.9463173623609000	3.0112721183602695	-1.5206240986969335	133.2912778129359300	-0.6854660750735803	0.7278280177917818	0.0200658027625776	-0.7276208209920403	-0.6837460527072530	-0.0553107246935006	-0.0265367816829828	-0.0525139212451000	0.9982675429429593
DSC00044.JPG	2693773.5875777435000000	1256217.9441277280000000	583.8872129849863800	3.0206342259342791	-1.5362866554571009	133.3029212396941700	-0.6856089242730395	0.7276956441704325	0.0199863056252215	-0.7274762018819626	-0.6838744180782661	-0.0556251381437143	-0.0268100476045768	-0.0526766528311390	0.9982516674636454
DSC00045.JPG	2693774.5751505066000000	1256217.1232263548000000	583.8266102905773800	3.0196603133401712	-1.4838751760180549	133.2998122054680700	-0.6855859808123488	0.7277000552041247	0.0206032174546541	-0.7275309479119694	-0.6838709333876514	-0.0549478507115102	-0.0258956124446110	-0.0526609544484018	0.9982766355738787
DSC00046.JPG	2693776.2498327363000000	1256215.7146934797000000	583.7728465684750700	3.1514922627209949	-1.5396205214841936	133.2951753763945000	-0.6855094989674551	0.7277427218584189	0.0216161422897024	-0.7275677466217613	-0.6836448871132420	-0.0572262387341292	-0.0268682135826276	-0.0549563381787986	0.9981271962995777
DSC00047.JPG	2693777.7511841077000000	1256214.4849449433000000	583.7930003524228400	3.2049733268927509	-1.5492875243458093	133.2759680062772500	-0.6852624392282830	0.7279578125296777	0.0221993819713582	-0.7277941995263036	-0.6833403138579890	-0.0579794669890306	-0.0270368733172102	-0.0558877324058819	0.9980709237563019
DSC00048.JPG	2693779.5694969893000000	1256213.0283983555000000	583.8207161780230800	3.1607748643544298	-1.4627944027173481	133.2996675398213400	-0.6855906317303706	0.7276349221647241	0.0226474221466183	-0.7275395637669332	-0.6837464497400986	-0.0563646664288127	-0.0255278051812542	-0.0551199828931973	0.9981533542740222
DSC00049.JPG	2693780.4903980140000000	1256212.2882396199000000	583.8229313203664800	3.1992171465981758	-1.4823529106453555	133.2766670007947000	-0.6852925028634832	0.7279070244823038	0.0229248604886102	-0.7278083385247890	-0.6834024659049958	-0.0570621763408779	-0.0258690528023288	-0.0557891862666053	0.9981073884120989
DSC00050.JPG	2693782.1702989321000000	1256210.9965260024000000	583.8023100341847600	3.2166793381351892	-1.3939755847365085	133.2880084804289700	-0.6854631005905151	0.7277053892935068	0.0241909925803720	-0.7277008531733236	-0.6835920972726751	-0.0561543661451396	-0.0243270635230548	-0.0560955518693883	0.9981289911834111
DSC00051.JPG	2693783.5329845510000000	1256209.9324778647000000	583.7274828896216800	3.2621288413370042	-1.3832919886382651	133.2858336953831300	-0.6854385768613195	0.7277046431143311	0.0248979866690663	-0.7277301602637867	-0.6835274383510044	-0.0565601879749130	-0.0241406543567593	-0.0568875505814579	0.9980886911472696
DSC00052.JPG	2693784.2755033989000000	1256209.3794672214000000	583.7373670947727100	3.2938552189934311	-1.3935846059680141	133.2853538182619100	-0.6854294973878056	0.7277035440723026	0.0251784839756280	-0.7277327325025045	-0.6834824083906247	-0.0570689711225800	-0.0243202416751744	-0.0574399631368432	0.9980526922360861
DSC00053.JPG	2693785.6977134142000000	1256208.2829508972000000	583.7731760366772300	3.3300595588880468	-1.3156448155218776	133.2904006989569400	-0.6855156474742192	0.7275731182841304	0.0265641604103983	-0.7276957612614776	-0.6835678059307730	-0.0565148983637747	-0.0229603159839132	-0.0580724740758991	0.9980483012583225
DSC00054.JPG	2693786.4739760999000000	1256207.6492031962000000	583.7921630285947000	3.2777065859324965	-1.2473012305020177	133.3055698566945500	-0.6857265791600762	0.7273693061325379	0.0267011447262209	-0.7275336568065012	-0.6838613859486898	-0.0550307461524665	-0.0217677938059856	-0.0571620267713441	0.9981275799456764
DSC00055.JPG	2693787.3605122827000000	1256206.9308121032000000	583.8245507493414800	3.3507221912663741	-1.3131266409205427	133.3191583879423100	-0.6858814951709172	0.7272185539760079	0.0268281444597167	-0.7273523315713316	-0.6839143387874728	-0.0567429551454753	-0.0229163771101561	-0.0584324563401020	0.9980283000527627
DSC00056.JPG	2693787.6786352601000000	1256206.7153105340000000	583.8677747920160100	3.4298236781339546	-1.2426785693740363	133.3498053213746200	-0.6862892737100366	0.7267644597693541	0.0286435473834735	-0.7270052964646768	-0.6842776897089471	-0.0568097023306180	-0.0216871321953375	-0.0598119000094852	0.9979740502209452
DSC00057.JPG	2693789.1076787505000000	1256209.4616412888000000	583.8146944831875100	3.3803883819410800	-1.2956513029999992	133.3221592640874700	-0.6859243530524790	0.7271564101669579	0.0274105279526187	-0.7273214585307137	-0.6839360340488490	-0.0568770365814479	-0.0226114539624013	-0.0589496096902671	0.9980048425068246
DSC00058.JPG	2693788.3336496893000000	1256210.0736594438000000	583.8811578316283400	3.3910982512675747	-1.3533887061694503	133.4474245100003000	-0.6874968302489075	0.7256952575027027	0.0267301634074898	-0.7258031801506980	-0.6854702553638585	-0.0577950923049721	-0.0236188924557995	-0.0591347803707149	0.9979705535083031
DSC00059.JPG	2693786.6823397651000000	1256211.4025065862000000	583.9520074367058000	3.3661791762169053	-1.2324986373791460	133.4217063203957400	-0.6872036964160080	0.7259293025414206	0.0278877633363037	-0.7261462807372643	-0.6852594712416439	-0.0559556614209942	-0.0215095003106386	-0.0587035329886474	0.9980437047599857
DSC00060.JPG	2693784.8013212960000000	1256212.8336113514000000	583.8982303983542600	3.3664177658036567	-1.2253218178769958	133.4649270616230600	-0.6877531131215217	0.7254069998802635	0.0279345649039151	-0.7256296358257317	-0.6858119809779282	-0.0558888035168583	-0.0213842699915513	-0.0587078467655343	0.9980461420821599
DSC00061.JPG	2693782.8367524669000000	1256214.1588467222000000	583.8505043825006200	3.4050543103445556	-1.2863230184954195	133.4721492231216500	-0.6878285198951574	0.7253450455096239	0.0276855950537227	-0.7255260048511133	-0.6858196877545908	-0.0571259325786321	-0.0224486860109835	-0.0593794648244439	0.9979830337503453
DSC00062.JPG	2693781.0993451010000000	1256215.3785243258000000	583.8334348127915500	3.3950311642520012	-1.2737087786537766	133.4630002435861500	-0.6877160423418928	0.7254504152459352	0.0277189488455913	-0.7256393975628367	-0.6857232989580435	-0.0568420792260552	-0.0222285809319360	-0.0592051711052165	0.9979983155818223
DSC00063.JPG	2693779.5173203964000000	1256216.5209181469000000	583.8203607989225900	3.4252090342364396	-1.3564028671649346	133.4765215774327200	-0.6878644773213087	0.7253331922139180	0.0270965147620567	-0.7254530457912072	-0.6858018859746297	-0.0582550559685768	-0.0236714847811305	-0.0597288327896088	0.9979339293469520
DSC00064.JPG	2693777.9162674006000000	1256217.7702284611000000	583.8267904993315400	3.4301164629387966	-1.4316429273399460	133.4670103731991700	-0.6877220637528576	0.7254987370223113	0.0262668156909474	-0.7255440363204416	-0.6856194717091870	-0.0592603693294023	-0.0249842828064472	-0.0598123949716676	0.9978969200375361
DSC00065.JPG	2693776.5444192514000000	1256218.9763443503000000	583.8164642206195400	3.3681244742088179	-1.4158779641526731	133.4771778606646800	-0.6878555091892307	0.7253939226112197	0.0256603880861536	-0.7254269453648751	-0.6858236531191866	-0.0583237838350750	-0.0247092172399521	-0.0587330729739333	0.9979678755964179
DSC00066.JPG	2693775.0795650817000000	1256220.1328119210000000	583.8583353289286600	3.4064879478899526	-1.4721355057931442	133.5083240842166100	-0.6882327178218040	0.7250438300272052	0.0254395491134263	-0.7250349713636756	-0.6861363629486612	-0.0595078292265603	-0.0256907847152901	-0.0593997978032289	0.9979036264097089
DSC00067.JPG	2693773.5566975996000000	1256221.2978980571000000	583.8449981762315700	3.3939161209905868	-1.5224505225348628	133.4774920675477300	-0.6878266736824517	0.7254542792216920	0.0247094259316089	-0.7253885675540621	-0.6857214289510564	-0.0599795626791943	-0.0265686475530841	-0.0591794781681709	0.9978937299787705
DSC00068.JPG	2693772.0508676488000000	1256222.4904343970000000	583.8554088261518000	3.3844332679265046	-1.5390732319793172	133.4684100229291300	-0.6877063507723763	0.7255788247408156	0.0243996761265151	-0.7254919622024511	-0.6856039186353989	-0.0600722858847844	-0.0268586650260028	-0.0590138614185094	0.9978957742537535
DSC00069.JPG	2693770.3600287139000000	1256223.8909889150000000	583.8495752350412400	3.3471438438555134	-1.6252600023500807	133.4728357985268000	-0.6877338138005616	0.7256019888575318	0.0228900659966071	-0.7254086981470617	-0.6856352048929294	-0.0607172666052732	-0.0283623343171829	-0.0583619703010886	0.9978925084470047
DSC00070.JPG	2693768.5213966630000000	1256225.5252700420000000	583.8903021234539200	3.2489783949599769	-1.5901578707560822	133.4990820822715700	-0.6880778714000255	0.7253020486669196	0.0220404421275770	-0.7251060504511419	-0.6860957350449124	-0.0591088652600249	-0.0277499277252382	-0.0566531601303127	0.9980081968393314
DSC00071.JPG	2693767.4899487197000000	1256226.3433283672000000	583.9760703151056300	3.2144965328876602	-1.6426126004660517	133.4878550623818400	-0.6879180025502353	0.7254849297841221	0.0209866248697183	-0.7252221283603879	-0.6859518155471381	-0.0593546231056533	-0.0286650711445781	-0.0560510785240809	0.9980163276683219
DSC00072.JPG	2693765.7286567483000000	1256227.8551887125000000	583.9382663839551200	3.2144078252943200	-1.6821844519680889	133.4429001211441100	-0.6873349955489259	0.7260495635436081	0.0205580926132445	-0.7257471061348172	-0.6853543660243825	-0.0598375376185835	-0.0293554395418762	-0.0560484098744413	0.9979964097730264
DSC00073.JPG	2693764.5696360581000000	1256228.9197719877000000	583.9037003671353400	3.1692745793730306	-1.7309225567552549	133.4765619374856000	-0.6877438299767623	0.7256950713273929	0.0193671830688998	-0.7253247823271535	-0.6857936295187476	-0.0599254357812344	-0.0302057026232132	-0.0552608465609522	0.9980149569853174
DSC00074.JPG	2693762.8568055090000000	1256230.1315776620000000	583.8780282651631500	3.0894051864915766	-1.7144353062244344	133.4746498661236000	-0.6877255759416660	0.7257335869167110	0.0185551345106569	-0.7253540107642501	-0.6858635281983012	-0.0587603587088590	-0.0299180758726196	-0.0538700427731639	0.9980996579639218
DSC00075.JPG	2693761.3615623582000000	1256231.2390386495000000	583.8227728066584600	3.1784065072474079	-1.7914027114300046	133.4729088384770300	-0.6876752628719209	0.7257759465319343	0.0187618834264867	-0.7253450877733432	-0.6856953464845309	-0.0607979888856534	-0.0312607817738960	-0.0554181129698037	0.9979737452847901
DSC00076.JPG	2693759.7247543372000000	1256232.7309147171000000	583.8321931689182500	3.1540886882203067	-1.7872535521963833	133.4449222045591900	-0.6873224344922022	0.7261159655664279	0.0185330945404877	-0.7256825440315124	-0.6853693830469347	-0.0604454635999747	-0.0311884005948415	-0.0549946663904617	0.9979994340363816
DSC00077.JPG	2693759.0255513135000000	1256233.3685431953000000	583.8536555735619200	3.0556786766922088	-1.7107433479519487	133.4312523494352800	-0.6871772980781716	0.7262613342598459	0.0182163488408638	-0.7258761048024761	-0.6853505943532652	-0.0582961687970199	-0.0298536678277285	-0.0532826161025741	0.9981331180451321
DSC00078.JPG	2693757.7242079042000000	1256234.3078949342000000	583.7585533175336000	3.0651611624205604	-1.7486634275650936	133.4604825778723700	-0.6875337830549838	0.7259329103939939	0.0178523602083389	-0.7255109371616355	-0.6856856828888724	-0.0588984239183535	-0.0305151964920367	-0.0534467387978605	0.9981043376796464
DSC00079.JPG	2693756.4662834704000000	1256235.3092669342000000	583.7849519208024300	3.0783083962967357	-1.8369787302815981	133.4657978148402400	-0.6875679107473708	0.7259220971339776	0.0169551468027814	-0.7254121529015052	-0.6856794434327034	-0.0601739916959310	-0.0320558346217819	-0.0536731752966675	0.9980438936841779
DSC00080.JPG	2693755.7027280275000000	1256235.8726353322000000	583.7954854043333600	3.0200757853017248	-1.7456418900537456	133.4374016174980100	-0.6872425688533675	0.7262210044450562	0.0173408263539645	-0.7257890110420574	-0.6854413385206932	-0.0583136596137926	-0.0304624852304793	-0.0526614104423194	0.9981476908973985
DSC00081.JPG	2693754.1456043646000000	1256236.9909579107000000	583.7872615437254400	3.0352233248296718	-1.7445077788496526	133.4450440308311600	-0.6873397868119776	0.7261242420198899	0.0175386036019306	-0.7256977741838706	-0.6855235189970584	-0.0584828645542096	-0.0304427004360874	-0.0529253252510581	0.9981343356168190
DSC00082.JPG	2693753.5635782331000000	1256237.5779925347000000	583.8089085172447300	2.9918805061462383	-1.6650167566320209	133.4220289401243100	-0.6870765965881249	0.7263628755853150	0.0179645036756247	-0.7260037899957919	-0.6853283983311167	-0.0569515877974677	-0.0290559345508889	-0.0521724008680705	0.9982153040577146
DSC00083.JPG	2693753.8427481819000000	1256237.2087578606000000	583.8531928920009500	2.9619778893864228	-1.6670938512638303	133.3858649271525400	-0.6866174958888351	0.7268058788520085	0.0175962724889467	-0.7264365491249490	-0.6848980583080947	-0.0566090966297597	-0.0290921713658711	-0.0516513716367870	0.9982413442516079
DSC00084.JPG	2693755.5213892926000000	1256239.9336720002000000	583.8014621891813900	2.9666190649105277	-1.6392730836731775	133.3347763436787800	-0.6859790990264231	0.7273976184418942	0.0180383032449718	-0.7270586813662744	-0.6842634037878929	-0.0562962528641252	-0.0286068094836048	-0.0517329577896703	0.9982511465205042
DSC00085.JPG	2693756.3054589350000000	1256239.2298945484000000	583.8192678322587900	2.8918619089366944	-1.4558962491748084	133.2549918092231300	-0.6850252337880092	0.7282621630660734	0.0193559014258606	-0.7280761571581594	-0.6834402336468920	-0.0530523930703304	-0.0254074487402940	-0.0504347982944887	0.9984041229229294
DSC00086.JPG	2693758.3567334600000000	1256237.4398339812000000	583.8115990816355600	2.7652424375049094	-1.4001128053606597	133.2440335016974600	-0.6849025932327750	0.7284017125984744	0.0184223469359762	-0.7282248349742126	-0.6834507044918520	-0.0508303477892078	-0.0244341463898488	-0.0482294475730410	0.9985373768051944
DSC00087.JPG	2693760.0820869785000000	1256235.9967732083000000	583.8381966458131300	2.8147464028940963	-1.4522619107145587	133.2203923064404900	-0.6845865440194254	0.7286980450672993	0.0184505518246877	-0.7284908671258024	-0.6830733686026431	-0.0520752303896433	-0.0253440379938953	-0.0490910604991771	0.9984727074473444
DSC00088.JPG	2693762.2832075842000000	1256234.2762157761000000	583.8183906325116400	2.7465031685368038	-1.3547220608327579	133.2343172903347600	-0.6847921355610763	0.7284975956769858	0.0187345714269519	-0.7283548444733616	-0.6833714081930852	-0.0500273824658578	-0.0236421573864604	-0.0479037739332777	0.9985721189964515
DSC00089.JPG	2693763.7089090627000000	1256232.9996007055000000	583.8264667456746800	2.8164563382353420	-1.4454768803587950	133.2356060178188700	-0.6847820066614823	0.7285121081850152	0.0185394600918839	-0.7283112450703041	-0.6832695185611477	-0.0520143759874235	-0.0252256547351607	-0.0491210060263634	0.9984742325719480
DSC00090.JPG	2693765.2829008084000000	1256231.7012562642000000	583.8211449001737500	2.8542975409787688	-1.4551279569533195	133.2347662012078600	-0.6847684110251588	0.7285154630679346	0.0189061718227646	-0.7283181762112199	-0.6832182293281639	-0.0525878818174976	-0.0253940438379129	-0.0497802288524383	0.9984373146837797
DSC00091.JPG	2693766.3790113311000000	1256230.8575002730000000	583.7901917950195000	2.8420408642232302	-1.4196539051199093	133.2317484480778400	-0.6847406876165055	0.7285344549170154	0.0191765148356745	-0.7283655573672868	-0.6832134509778903	-0.0519903379862415	-0.0247750996671481	-0.0495674126987613	0.9984634525283507
DSC00092.JPG	2693767.8331342023000000	1256229.6787032005000000	583.7929434556004900	2.8832683741767759	-1.4698200009811027	133.2083572706375500	-0.6844281591219886	0.7288294595652624	0.0191236468983749	-0.7286289541034674	-0.6828462959104962	-0.0531110478469600	-0.0256503848503892	-0.0502847395451412	0.9984054801161222
DSC00093.JPG	2693769.6727193594000000	1256228.1987719338000000	583.7654322661209100	2.8420549708035479	-1.4161131331914745	133.1966406639405100	-0.6842953024134106	0.7289508532274261	0.0192507837229163	-0.7287861077756291	-0.6827691361586245	-0.0519337638001987	-0.0247133204605946	-0.0495677343461779	0.9984649675895491
DSC00094.JPG	2693770.6436172146000000	1256227.3901151335000000	583.7698319263470200	2.8990036815089661	-1.4219308328333675	133.1897209047172100	-0.6842055590818534	0.7290173208202118	0.0199122792670541	-0.7288669132741794	-0.6826253968429691	-0.0526838715277157	-0.0248148273348507	-0.0505599992988482	0.9984126956400556
DSC00095.JPG	2693772.5080662686000000	1256225.9005085549000000	583.8409788476311600	2.9224590308624907	-1.3549194349926144	133.1679344698990800	-0.6839477493749854	0.7292278290499945	0.0210297280991543	-0.7291476953720045	-0.6823699991981220	-0.0521039588519855	-0.0236456012523871	-0.0509701631681403	0.9984202161454995
DSC00096.JPG	2693773.6284214389000000	1256224.9585298405000000	583.8625982442922600	3.0020661515995641	-1.4218789837295267	133.1476773168535000	-0.6836705484382321	0.7294809344334576	0.0212637601626859	-0.7293688027600302	-0.6819944516732066	-0.0538954306723891	-0.0248139226759265	-0.0523558419381412	0.9983201565912517
DSC00097.JPG	2693775.0475530308000000	1256223.8108629328000000	583.9065489753774000	2.9908791588391606	-1.3795057424848816	133.1442199170664700	-0.6836388971645020	0.7294998454155720	0.0216294665297201	-0.7294232463714309	-0.6819890876385290	-0.0532222885164669	-0.0240745911007137	-0.0521618623193586	0.9983484132219123
DSC00098.JPG	2693776.9949993938000000	1256222.2298512608000000	583.9278160827292400	3.0096370101890466	-1.3567565257818845	133.1294310131729900	-0.6834570802438720	0.7296544802796239	0.0221530781697145	-0.7296065981690271	-0.6817985208225292	-0.0531506247604991	-0.0236776555583821	-0.0524892028143258	0.9983407495515624
DSC00099.JPG	2693778.2312717978000000	1256221.2661250476000000	583.9237830991198700	3.0328351963436671	-1.3383677610709137	133.1248585317384000	-0.6834040114709136	0.7296882532445203	0.0226717926601382	-0.7296666478653208	-0.6817311037792561	-0.0531910249281189	-0.0233567998332345	-0.0528938107615462	0.9983269527988675
DSC00100.JPG	2693779.8452147432000000	1256220.0088800248000000	583.8939148624346000	3.0385586258988226	-1.3020139143931850	133.1032486244283200	-0.6831387479092933	0.7299200793743600	0.0231976039937640	-0.7299350246991695	-0.6814750771172056	-0.0527880572243569	-0.0227224739486362	-0.0529943109609606	0.9983362620797798
DSC00101.JPG	2693780.8430171218000000	1256219.2207415544000000	583.8924301133820300	3.0011360852529663	-1.2640799612990508	133.0867645015822800	-0.6829388426157661	0.7301074439330320	0.0231874440206987	-0.7301423618752917	-0.6813246869087550	-0.0518536633600523	-0.0220605675767550	-0.0523430159836254	0.9983854666590101
DSC00102.JPG	2693782.6829233412000000	1256217.6748465062000000	583.9009406093644000	2.9783358863986646	-1.2373569369527933	133.0718203795224800	-0.6827553329915046	0.7302777542008891	0.0232283660847159	-0.7303279007436941	-0.6811725107309073	-0.0512363935095028	-0.0215942739393701	-0.0519462447522206	0.9984163835740947
DSC00103.JPG	2693784.7675549835000000	1256216.1045946267000000	583.9139378510911900	2.9290751770874932	-1.1496730674606617	133.0546921375119500	-0.6825587371599515	0.7304476918279724	0.0236588213949805	-0.7305552661128978	-0.6810550911208873	-0.0495274268767643	-0.0200642338833400	-0.0510894545039133	0.9984925108167646
DSC00104.JPG	2693785.7911419496000000	1256215.3240896396000000	583.8891027270866500	2.9396595298089543	-1.2092630279248562	133.0437975338115000	-0.6824051997167918	0.7306091925808292	0.0230943957676831	-0.7306693932851258	-0.6808680538615574	-0.0504076477047021	-0.0211040544879803	-0.0512728090430402	0.9984616757477497
DSC00105.JPG	2693787.4328129068000000	1256214.1750074811000000	583.8720309906608500	2.9880858502805738	-1.2007408111405953	133.0548364121317500	-0.6825480967640765	0.7304529354795427	0.0238034588464857	-0.7305401898944073	-0.6809716167086176	-0.0508791527670719	-0.0209553466394714	-0.0521168522319885	0.9984211071289751
DSC00106.JPG	2693788.2612562235000000	1256213.5243553002000000	583.8558052514664500	2.9904846370624694	-1.1418725075681426	133.0375737877023400	-0.6823422955273160	0.7306204996567712	0.0245494850415041	-0.7307611524575626	-0.6807885472853086	-0.0501506923586735	-0.0199281156512191	-0.0521597485274705	0.9984398984616666
DSC00107.JPG	2693789.2755729444000000	1256212.6419629394000000	583.8322201505936800	3.0271818299759299	-1.1356700898827095	133.0196940404546800	-0.6821156884470633	0.7308131282114817	0.0251069553737072	-0.7309756218615615	-0.6805324396624567	-0.0504998892193671	-0.0198198844217736	-0.0527993390187147	0.9984084344498974
DSC00108.JPG	2693790.4756722134000000	1256211.5967187197000000	583.8282130209485100	3.0684873422986247	-1.1163391577490300	133.0349832599783000	-0.6823152476456877	0.7306009010657738	0.0258500714135094	-0.7307984213453151	-0.6807040412980588	-0.0507511134822298	-0.0194825611611893	-0.0535194499445781	0.9983767316440374
DSC00109.JPG	2693791.1705814432000000	1256211.0213226085000000	583.8222228487131800	3.0553120685231425	-1.1028347973597574	133.0175542154013300	-0.6820960252167259	0.7308052931319830	0.0258579951624294	-0.7310092809578216	-0.6805025990903536	-0.0504147179383445	-0.0192469098057991	-0.0532901131688653	0.9983935698417620
DSC00110.JPG	2693792.2441272847000000	1256210.2110503572000000	583.8734090385335100	3.1154671370748965	-1.1384649834693512	133.0505276250029300	-0.6825083016096706	0.7304090931565199	0.0261720245329545	-0.7306077297605685	-0.6808450466235194	-0.0515981366168015	-0.0198686549114730	-0.0543376400158164	0.9983249257779355
DSC00111.JPG	2693792.1188832242000000	1256210.5557827509000000	583.6823313210329600	3.2789555592706257	-1.2069314433418170	133.0665699581723500	-0.6826961389921058	0.7301874848122271	0.0274266080451989	-0.7303987378561822	-0.6808495818398710	-0.0544199471386085	-0.0210633697058952	-0.0571846476955718	0.9981413980617006
DSC00112.JPG	2693796.2217412088000000	1256210.7956931451000000	584.0838843485568100	3.1321945780417573	-1.1542349601986170	133.4852106556028600	-0.6880276826951817	0.7252255794644656	0.0258024559979996	-0.7254048067404675	-0.6863406978030678	-0.0521949508767158	-0.0201438378399856	-0.0546287967067534	0.9983035211635030
DSC00113.JPG	2693795.5162745882000000	1256211.5343857463000000	584.0262773316062500	3.0788359893746855	-1.1027303449557477	133.6087106004557400	-0.6896018900663349	0.7237348179415236	0.0256348691451453	-0.7239329111452635	-0.6879856256184965	-0.0509599755010740	-0.0192450871051032	-0.0537000208703474	0.9983716414145792
DSC00114.JPG	2693793.8449471444000000	1256212.8581909295000000	584.0047364333225900	2.9411994128851182	-0.9545639255119808	133.6184903472265500	-0.6897574733555417	0.7235853256779438	0.0256691334821306	-0.7238488022966862	-0.6883256359606318	-0.0474418622425893	-0.0166595127129263	-0.0513039505587636	0.9985441228574888
DSC00115.JPG	2693791.6488805786000000	1256214.4397343867000000	583.9512673828850200	3.0152934159362879	-1.0116432612757955	133.6071189991328100	-0.6896020103122553	0.7237242475080195	0.0259283810186256	-0.7239733058425579	-0.6880821550866072	-0.0490469191567488	-0.0176555883701022	-0.0525943097713162	0.9984598733945118
DSC00116.JPG	2693789.5114389155000000	1256216.0086798088000000	583.8941583196608500	3.0434711984000229	-1.0187285172535006	133.6143417726730400	-0.6896917584400805	0.7236291936440834	0.0261929083120529	-0.7238847817990594	-0.6881444245378781	-0.0494780118553786	-0.0177792300046491	-0.0530852247188080	0.9984316991647427
DSC00117.JPG	2693787.0945500843000000	1256217.8445651140000000	583.8962953937858600	3.0592217413459766	-1.0931355951322301	133.5860986483937200	-0.6893183463273037	0.7240088568554992	0.0255223943113751	-0.7242073324584597	-0.6877238217007045	-0.0505933264253271	-0.0190776578749471	-0.0533584132088975	0.9983931704042427
DSC00118.JPG	2693786.1955634709000000	1256218.5392436890000000	583.9246991643742600	3.0384940622995429	-1.1295846011512469	133.5882627156420000	-0.6893371920678486	0.7240153110207676	0.0248206575157747	-0.7241723592668883	-0.6877450057230822	-0.0508055230933252	-0.0197136933587496	-0.0529965707424447	0.9984000870310952
DSC00119.JPG	2693784.7657417301000000	1256219.7305200405000000	583.9683099008602800	3.0045809245664654	-1.1115549391658996	133.5902911172042600	-0.6893670721174706	0.7239941557640781	0.0246069563263242	-0.7241524119328753	-0.6878125328772403	-0.0501717441274906	-0.0193990765755853	-0.0524059351262293	0.9984374260771479
DSC00120.JPG	2693783.4214313813000000	1256220.7257664737000000	583.9311063944546700	3.0686624237573148	-1.2166620561337920	133.6003271048558100	-0.6894682030815568	0.7239134122466595	0.0241447408121781	-0.7240046614010427	-0.6878116877071948	-0.0522717181938952	-0.0212331629544616	-0.0535205925114671	0.9983409732992888
DSC00121.JPG	2693781.8038679995000000	1256221.9653727331000000	583.9402292373919200	3.0054756138215581	-1.1940943060583020	133.6207877941215800	-0.6897324220325322	0.7236796666070386	0.0235992825455043	-0.7237644000049786	-0.6881423421601305	-0.0512368052458740	-0.0208393685741819	-0.0524200063515403	0.9984076640588923
DSC00122.JPG	2693780.3647345677000000	1256223.0412398698000000	583.8779605259982200	2.9849274628139377	-1.1398204237404914	133.5723543088809600	-0.6891336576041098	0.7242355510669305	0.0240347358621071	-0.7243611654928539	-0.6875844066376727	-0.0502850442433352	-0.0198923071315568	-0.0520629457435824	0.9984456649199719
DSC00123.JPG	2693779.3779767882000000	1256223.7416456887000000	583.7865128752837300	2.9619298381586114	-1.1156374451887303	133.5889553246923100	-0.6893492342764944	0.7240308470110695	0.0240201119656833	-0.7241674806189448	-0.6878301441936801	-0.0497106905253971	-0.0194703162897042	-0.0516626104154119	0.9984747775826111
DSC00124.JPG	2693777.8445277363000000	1256225.2290078306000000	583.7199244484432900	2.9955171056042214	-1.2346314940921246	133.5974740376009600	-0.6894275240564805	0.7239891977612722	0.0230071857979283	-0.7240341345941365	-0.6878299422106207	-0.0516192070943950	-0.0215467170555260	-0.0522456899994966	0.9984017862867662
DSC00125.JPG	2693776.4448047709000000	1256226.7879070679000000	583.8369136113301500	2.9928892847759347	-1.1387737345010385	133.6084361887640700	-0.6895899361622833	0.7237984026557418	0.0241162239311014	-0.7239273046208740	-0.6880340500088861	-0.0503825729069722	-0.0198740425695161	-0.0522017082226859	0.9984387833465699
