<?xml version="1.0" encoding="UTF-8"?>
<document version="1.5.0">
  <chunk label="SonyA9" enabled="true">
    <sensors next_id="1">
      <sensor id="0" label="SonyA9" type="frame">
        <resolution width="6000" height="4000"/>
        <property name="pixel_width" value="0.006"/>
        <property name="pixel_height" value="0.006"/>
        <property name="focal_length" value="55"/>
        <property name="fixed" value="true"/>
        <property name="layer_index" value="0"/>
        <calibration type="frame" class="initial">
          <resolution width="6000" height="4000"/>
          <f>9227.77018581081</f>
          <cx>-37.8304617831239</cx>
          <cy>31.7622333680372</cy>
          <k1>-0.017282082281574</k1>
        </calibration>
      </sensor>
    </sensors>
    <cameras next_id="604" next_group_id="0">
      <camera id="0" sensor_id="0" label="DSC00003.JPG">
        <transform>9.9430502334643855e-001 -1.0642334521535106e-001 5.6206886777694113e-003 -2.9749779118005470e+001 -1.0643626027729354e-001 -9.9431741394263840e-001 2.0500801467659658e-003 1.7834238190043081e+001 5.3705722434779371e-003 -2.6366500712369061e-003 -9.9998210235492691e-001 1.1809932055597983e+000 0 0 0 1</transform>
        <rotation_covariance>1.5771034866947781e-008 -1.3813146796726966e-009 -2.5265587802090823e-010 -1.3813146796726966e-009 7.6849058605900952e-009 5.3622715451866805e-012 -2.5265587802090823e-010 5.3622715451866853e-012 2.3865367922852271e-010</rotation_covariance>
        <location_covariance>7.0908905099674543e-006 -5.3951470581906413e-006 2.8866106353258487e-006 -5.3951470581906413e-006 2.1876936207541089e-005 -5.9078629128986646e-006 2.8866106353258487e-006 -5.9078629128986646e-006 3.3272320558864331e-006</location_covariance>
      </camera>
      <camera id="1" sensor_id="0" label="DSC00004.JPG">
        <transform>9.9716677927130948e-001 -7.5012773139588304e-002 5.6123242593670618e-003 -2.8746492701159443e+001 -7.4995789355109102e-002 -9.9717878611640776e-001 -3.1780651994023630e-003 1.7967275552661597e+001 5.8348861760729046e-003 2.7481603512542253e-003 -9.9997920064269141e-001 1.0555281455901293e+000 0 0 0 1</transform>
        <rotation_covariance>1.5643251690915630e-008 -1.0994367842425581e-009 -2.2509470977948801e-010 -1.0994367842425581e-009 7.1007935212570484e-009 2.5109575810766045e-011 -2.2509470977948806e-010 2.5109575810766048e-011 2.3063932630017664e-010</rotation_covariance>
        <location_covariance>6.3969050828922384e-006 -4.9137257266223164e-006 2.5521176838396197e-006 -4.9137257266223164e-006 2.1687590353225107e-005 -6.0716855901736734e-006 2.5521176838396197e-006 -6.0716855901736734e-006 3.2481415936712083e-006</location_covariance>
      </camera>
      <camera id="2" sensor_id="0" label="DSC00005.JPG">
        <transform>9.9889314138662133e-001 -4.6099031652094093e-002 9.3472654560988033e-003 -2.6522340001701508e+001 -4.6052015201467254e-002 -9.9892558961276623e-001 -5.1844298308643478e-003 1.8264459220657933e+001 9.5762198518716170e-003 4.7482309891741853e-003 -9.9994287352619404e-001 1.0012571278527191e+000 0 0 0 1</transform>
        <rotation_covariance>1.5432800542222836e-008 -9.2329946004329068e-010 -1.4173590251539165e-010 -9.2329946004329058e-010 6.1523949773296194e-009 4.2549160155247846e-011 -1.4173590251539165e-010 4.2549160155247840e-011 2.0891704245180778e-010</rotation_covariance>
        <location_covariance>5.1613241192100895e-006 -3.9829513778608336e-006 1.9608092921788050e-006 -3.9829513778608336e-006 2.1661485401072447e-005 -6.2671395806689253e-006 1.9608092921788050e-006 -6.2671395806689253e-006 3.1345897907757861e-006</location_covariance>
      </camera>
      <camera id="3" sensor_id="0" label="DSC00006.JPG">
        <transform>9.9965851236454262e-001 -2.4314869339546057e-002 9.5731805639423621e-003 -2.4573538758532518e+001 -2.4238903212820417e-002 -9.9967440079528014e-001 -7.9729521281066973e-003 1.8658976945206025e+001 9.7639248332094739e-003 7.7381860664086054e-003 -9.9992239011247919e-001 9.1449748521465601e-001 0 0 0 1</transform>
        <rotation_covariance>1.6938503382901615e-008 -8.1846059461088860e-010 -2.0596485978096189e-010 -8.1846059461088871e-010 5.8009512378739577e-009 6.4916544906914027e-011 -2.0596485978096189e-010 6.4916544906914027e-011 2.0100569801098870e-010</rotation_covariance>
        <location_covariance>4.5026304376959215e-006 -3.1844058756319287e-006 1.5583075734735971e-006 -3.1844058756319287e-006 2.2909315666923621e-005 -6.4624641955276890e-006 1.5583075734735971e-006 -6.4624641955276890e-006 3.1471075045573689e-006</location_covariance>
      </camera>
      <camera id="4" sensor_id="0" label="DSC00007.JPG">
        <transform>9.9970199299705453e-001 -2.1699375739841206e-002 1.1183125243760904e-002 -2.2517234457108330e+001 -2.1573551028249972e-002 -9.9970394631462567e-001 -1.1251738487695792e-002 1.9067404526022315e+001 1.1423970139489431e-002 1.1007125667729564e-002 -9.9987416012755670e-001 9.0119244377763952e-001 0 0 0 1</transform>
        <rotation_covariance>1.6734460377376323e-008 -6.1729705472776642e-010 -1.7332009386748100e-010 -6.1729705472776642e-010 5.6459725046814833e-009 7.2579767724777667e-011 -1.7332009386748103e-010 7.2579767724777667e-011 1.9378291744423507e-010</rotation_covariance>
        <location_covariance>4.0864026384375645e-006 -2.1485108846883002e-006 1.1574379493103305e-006 -2.1485108846883002e-006 2.3088165023540734e-005 -6.6599261343486274e-006 1.1574379493103305e-006 -6.6599261343486274e-006 3.1769867781375962e-006</location_covariance>
      </camera>
      <camera id="5" sensor_id="0" label="DSC00008.JPG">
        <transform>9.9970371196377039e-001 -2.1244978336137664e-002 1.1880201233777109e-002 -2.0606857313798425e+001 -2.1107129743079669e-002 -9.9970979863359699e-001 -1.1610667077379131e-002 1.9361108525300985e+001 1.2123421953672952e-002 1.1356470026816235e-002 -9.9986201709469058e-001 8.6603207274143723e-001 0 0 0 1</transform>
        <rotation_covariance>1.6302430349214645e-008 -4.8161650981730579e-010 -1.6194248161792187e-010 -4.8161650981730579e-010 5.5484945676405165e-009 6.1936534838058100e-011 -1.6194248161792185e-010 6.1936534838058100e-011 1.8897168958917806e-010</rotation_covariance>
        <location_covariance>3.8432224444135897e-006 -1.1830779390504411e-006 7.7301382512772814e-007 -1.1830779390504411e-006 2.2995924130908353e-005 -6.8178660116181028e-006 7.7301382512772814e-007 -6.8178660116181028e-006 3.2098316624827682e-006</location_covariance>
      </camera>
      <camera id="6" sensor_id="0" label="DSC00009.JPG">
        <transform>9.9978472703597243e-001 -1.7410736996188957e-002 1.1285646762864782e-002 -1.8787068798364281e+001 -1.7270366778663674e-002 -9.9977373446022078e-001 -1.2418305632986518e-002 1.9564748031450105e+001 1.1499305063222446e-002 1.2220725048595588e-002 -9.9985920001885742e-001 8.4790473935629429e-001 0 0 0 1</transform>
        <rotation_covariance>1.6431460311896895e-008 -4.4919637039004256e-010 -1.5813382344449684e-010 -4.4919637039004272e-010 5.6001441784394324e-009 6.0119271441992128e-011 -1.5813382344449682e-010 6.0119271441992103e-011 1.8880952938194744e-010</rotation_covariance>
        <location_covariance>3.8170470436780106e-006 -3.3407538950141173e-007 3.7724531720131181e-007 -3.3407538950141173e-007 2.3217214223102675e-005 -6.9232089958349566e-006 3.7724531720131181e-007 -6.9232089958349566e-006 3.2378276174744078e-006</location_covariance>
      </camera>
      <camera id="7" sensor_id="0" label="DSC00010.JPG">
        <transform>9.9979622607591057e-001 -1.6551707780034425e-002 1.1556266435612948e-002 -1.7039473791893837e+001 -1.6379655577548773e-002 -9.9975589743257487e-001 -1.4827421621701076e-002 1.9778854257196439e+001 1.1798864671119926e-002 1.4635112515835370e-002 -9.9982328452288083e-001 8.6008081733707120e-001 0 0 0 1</transform>
        <rotation_covariance>1.6287305798901246e-008 -5.1939683791668511e-010 -1.5494101996390114e-010 -5.1939683791668511e-010 5.5347401809547127e-009 6.4696791067271416e-011 -1.5494101996390114e-010 6.4696791067271390e-011 1.8760793233777577e-010</rotation_covariance>
        <location_covariance>3.8149018107020684e-006 4.4391189309569455e-007 -1.5826431611842918e-008 4.4391189309569455e-007 2.3298875309820318e-005 -7.0641869243093039e-006 -1.5826431611842918e-008 -7.0641869243093039e-006 3.2877253474372871e-006</location_covariance>
      </camera>
      <camera id="8" sensor_id="0" label="DSC00011.JPG">
        <transform>9.9980043847657929e-001 -1.6194860044765943e-002 1.1696569162324220e-002 -1.5353853899836043e+001 -1.6000048780048546e-002 -9.9973482655189350e-001 -1.6561250505064469e-002 2.0024906116224976e+001 1.1961674676844260e-002 1.6370799839527536e-002 -9.9979443649759292e-001 8.3068013068335855e-001 0 0 0 1</transform>
        <rotation_covariance>1.6106590077077151e-008 -4.6606986885983809e-010 -1.4353656440911938e-010 -4.6606986885983820e-010 5.4603781196091812e-009 6.7438085570604336e-011 -1.4353656440911938e-010 6.7438085570604297e-011 1.8633172288872062e-010</rotation_covariance>
        <location_covariance>3.8846180459779243e-006 1.2905282669793918e-006 -3.9155181848724629e-007 1.2905282669793918e-006 2.3339289119692280e-005 -7.2323326903955186e-006 -3.9155181848724629e-007 -7.2323326903955186e-006 3.3835746924603385e-006</location_covariance>
      </camera>
      <camera id="9" sensor_id="0" label="DSC00012.JPG">
        <transform>9.9979777662167579e-001 -1.5673856290856106e-002 1.2599051207425752e-002 -1.3688720807138937e+001 -1.5460255722369450e-002 -9.9973805659665149e-001 -1.6875979537479224e-002 2.0163475459493796e+001 1.2860262647111395e-002 1.6677782266358594e-002 -9.9977820801581951e-001 8.5135367334334910e-001 0 0 0 1</transform>
        <rotation_covariance>1.6217759338193627e-008 -4.4826304383462828e-010 -1.2987807243432182e-010 -4.4826304383462823e-010 5.6332980826219401e-009 5.9291153196242548e-011 -1.2987807243432182e-010 5.9291153196242548e-011 1.8734638932665231e-010</rotation_covariance>
        <location_covariance>4.2238420094881666e-006 2.1059650876000554e-006 -7.7055451157931604e-007 2.1059650876000554e-006 2.3529500516705591e-005 -7.3300428555332304e-006 -7.7055451157931604e-007 -7.3300428555332304e-006 3.4507338832943957e-006</location_covariance>
      </camera>
      <camera id="10" sensor_id="0" label="DSC00013.JPG">
        <transform>9.9980965203022643e-001 -1.5266562042298350e-002 1.2148736173201042e-002 -1.2459181232382498e+001 -1.5047646316097282e-002 -9.9972633578522196e-001 -1.7911501271510800e-002 2.0290315892871067e+001 1.2418858544287882e-002 1.7725281968486269e-002 -9.9976576573295139e-001 8.4265594901008189e-001 0 0 0 1</transform>
        <rotation_covariance>1.6187469185546238e-008 -3.9966244020053020e-010 -1.3918361258283712e-010 -3.9966244020053009e-010 5.6540589887775516e-009 7.1833383533224941e-011 -1.3918361258283714e-010 7.1833383533224941e-011 1.8768331710502714e-010</rotation_covariance>
        <location_covariance>4.4493706536561459e-006 2.7365685376505513e-006 -1.0525218167481080e-006 2.7365685376505513e-006 2.3593886218457288e-005 -7.4046021024150534e-006 -1.0525218167481080e-006 -7.4046021024150534e-006 3.5269157273617106e-006</location_covariance>
      </camera>
      <camera id="11" sensor_id="0" label="DSC00014.JPG">
        <transform>9.9980403126490092e-001 -1.5050540586731675e-002 1.2860027002360563e-002 -1.0699611980545619e+001 -1.4793266011869411e-002 -9.9969308451673988e-001 -1.9871991598943910e-002 2.0645012638605994e+001 1.3155164277057492e-002 1.9677855509520611e-002 -9.9971982257800118e-001 8.5519473217640074e-001 0 0 0 1</transform>
        <rotation_covariance>1.6037939766199959e-008 -3.1790875785645104e-010 -1.4038257374439973e-010 -3.1790875785645109e-010 5.6480393311589834e-009 8.2294165803193901e-011 -1.4038257374439973e-010 8.2294165803193901e-011 1.8896107340481139e-010</rotation_covariance>
        <location_covariance>4.8390458093638314e-006 3.6781195224906687e-006 -1.4823647223478056e-006 3.6781195224906687e-006 2.3809823474245690e-005 -7.6296222027302216e-006 -1.4823647223478056e-006 -7.6296222027302216e-006 3.7145832357585424e-006</location_covariance>
      </camera>
      <camera id="12" sensor_id="0" label="DSC00015.JPG">
        <transform>9.9981654976052359e-001 -1.4663914920094142e-002 1.2322192344633547e-002 -9.3558173044709836e+000 -1.4426241257184424e-002 -9.9971233415924310e-001 -1.9160701789534638e-002 2.0734315081748392e+001 1.2599618571663789e-002 1.8979423834621704e-002 -9.9974048186654640e-001 8.7069518646403932e-001 0 0 0 1</transform>
        <rotation_covariance>1.6025925658550716e-008 -3.1206129285261213e-010 -1.5301577369642069e-010 -3.1206129285261213e-010 5.7729548398600093e-009 8.3956943742344103e-011 -1.5301577369642074e-010 8.3956943742344103e-011 1.8994254491408200e-010</rotation_covariance>
        <location_covariance>5.2873401029928795e-006 4.3416902446799574e-006 -1.7998418384279457e-006 4.3416902446799574e-006 2.3875801371913189e-005 -7.6754237898936384e-006 -1.7998418384279457e-006 -7.6754237898936384e-006 3.8029902359302498e-006</location_covariance>
      </camera>
      <camera id="13" sensor_id="0" label="DSC00016.JPG">
        <transform>9.9983270812957159e-001 -1.4037606742556798e-002 1.1726097016016382e-002 -7.4823959742473471e+000 -1.3797860030944409e-002 -9.9969908086360670e-001 -2.0282178853034894e-002 2.0813972023230349e+001 1.2007281659650164e-002 2.0116990764061930e-002 -9.9972552826750627e-001 8.9020660487616399e-001 0 0 0 1</transform>
        <rotation_covariance>1.6205831107891598e-008 -8.8842558992641076e-011 -1.7309653282346685e-010 -8.8842558992641037e-011 5.7486438395910616e-009 8.9052276452625257e-011 -1.7309653282346685e-010 8.9052276452625257e-011 1.9004658868186796e-010</rotation_covariance>
        <location_covariance>5.8724336217360705e-006 5.4115613035987345e-006 -2.2703202177033678e-006 5.4115613035987345e-006 2.4043834506065491e-005 -7.7431238189734393e-006 -2.2703202177033678e-006 -7.7431238189734393e-006 3.9319073942294933e-006</location_covariance>
      </camera>
      <camera id="14" sensor_id="0" label="DSC00017.JPG">
        <transform>9.9986286472727981e-001 -1.1296892813591242e-002 1.2109168101720155e-002 -5.5407347290112812e+000 -1.1056535255412472e-002 -9.9974409491173810e-001 -1.9735696523187820e-002 2.1023973408422179e+001 1.2329021352212326e-002 1.9599104619032404e-002 -9.9973189922630201e-001 9.1189777445038300e-001 0 0 0 1</transform>
        <rotation_covariance>1.6351288866207230e-008 -1.3337648582704921e-011 -1.7509282657735191e-010 -1.3337648582704908e-011 5.8325469403753428e-009 8.5087262485551526e-011 -1.7509282657735188e-010 8.5087262485551514e-011 1.9303997451006512e-010</rotation_covariance>
        <location_covariance>6.6605537466981770e-006 6.4308862290250515e-006 -2.7670023142749669e-006 6.4308862290250515e-006 2.4324099648244554e-005 -7.9003194843023462e-006 -2.7670023142749669e-006 -7.9003194843023462e-006 4.1449790603664341e-006</location_covariance>
      </camera>
      <camera id="15" sensor_id="0" label="DSC00018.JPG">
        <transform>9.9987506813768623e-001 -1.1060345447279848e-002 1.1292337014249513e-002 -3.7061485507590364e+000 -1.0829366634578650e-002 -9.9973498353453871e-001 -2.0314711799323315e-002 2.1377652202703509e+001 1.1514032089169646e-002 2.0189884986857337e-002 -9.9972986131717956e-001 8.1954099275840475e-001 0 0 0 1</transform>
        <rotation_covariance>1.6328558136968154e-008 2.1166778400395219e-011 -1.7103827225212142e-010 2.1166778400395164e-011 5.8389487895023704e-009 9.4161640865505446e-011 -1.7103827225212131e-010 9.4161640865505458e-011 1.9752349373937025e-010</rotation_covariance>
        <location_covariance>7.4280339479463097e-006 7.4176835197787462e-006 -3.2758792455964072e-006 7.4176835197787462e-006 2.4514847168648146e-005 -8.1613225782396176e-006 -3.2758792455964072e-006 -8.1613225782396176e-006 4.4655446425525312e-006</location_covariance>
      </camera>
      <camera id="16" sensor_id="0" label="DSC00019.JPG">
        <transform>9.9986606774526154e-001 -1.0822694201977798e-002 1.2276638865636428e-002 -1.7468541345774060e+000 -1.0547392070767958e-002 -9.9969630432521306e-001 -2.2272216751292661e-002 2.1633446719223549e+001 1.2513955894611422e-002 2.2139747259658057e-002 -9.9967656394413196e-001 8.1476527573307600e-001 0 0 0 1</transform>
        <rotation_covariance>1.6158576859891523e-008 5.1817041208812297e-011 -1.3204061515711356e-010 5.1817041208812200e-011 5.8001073962261433e-009 1.0747950673040721e-010 -1.3204061515711349e-010 1.0747950673040725e-010 2.0174325833962612e-010</rotation_covariance>
        <location_covariance>8.3567900030918840e-006 8.4634809589129551e-006 -3.8178082943796875e-006 8.4634809589129551e-006 2.4613324175240779e-005 -8.3420027355503548e-006 -3.8178082943796875e-006 -8.3420027355503548e-006 4.7653787054364747e-006</location_covariance>
      </camera>
      <camera id="17" sensor_id="0" label="DSC00020.JPG">
        <transform>9.9988405589627116e-001 -1.0468530475093560e-002 1.1058238291601909e-002 -4.6486666180700176e-001 -1.0228018446423027e-002 -9.9971466040246437e-001 -2.1586695324783862e-002 2.1829499025136872e+001 1.1281063916202391e-002 2.1471088609510525e-002 -9.9970582170498590e-001 8.0174838633478129e-001 0 0 0 1</transform>
        <rotation_covariance>1.6325251085851315e-008 1.2372235553641208e-010 -1.4801839137491626e-010 1.2372235553641216e-010 5.9213642882709801e-009 1.0123899087991926e-010 -1.4801839137491621e-010 1.0123899087991929e-010 2.0874783497307788e-010</rotation_covariance>
        <location_covariance>9.1240090823417523e-006 9.1958784805007483e-006 -4.1810091419217305e-006 9.1958784805007483e-006 2.4877896543653000e-005 -8.4869542018506849e-006 -4.1810091419217305e-006 -8.4869542018506849e-006 4.9966096760447984e-006</location_covariance>
      </camera>
      <camera id="18" sensor_id="0" label="DSC00021.JPG">
        <transform>9.9988373464259439e-001 -1.0527544507724879e-002 1.1031228572332977e-002 8.2259056624434412e-001 -1.0263132554800988e-002 -9.9966505849009202e-001 -2.3757923818453243e-002 2.2087776612756773e+001 1.1277646356388723e-002 2.3641946633869121e-002 -9.9965687765954048e-001 7.6901114974252904e-001 0 0 0 1</transform>
        <rotation_covariance>1.5893277751664546e-008 2.7593417515930282e-010 -1.4298968288991102e-010 2.7593417515930282e-010 5.8079367880004063e-009 1.1074193953415066e-010 -1.4298968288991099e-010 1.1074193953415068e-010 2.0782608999979010e-010</rotation_covariance>
        <location_covariance>9.7837853042537536e-006 1.0006159075913329e-005 -4.5706218468399024e-006 1.0006159075913329e-005 2.4788632646963127e-005 -8.7050354780713513e-006 -4.5706218468399024e-006 -8.7050354780713513e-006 5.2730432735690460e-006</location_covariance>
      </camera>
      <camera id="19" sensor_id="0" label="DSC00022.JPG">
        <transform>9.9989381573306146e-001 -1.0298317417801505e-002 1.0310282107746037e-002 2.4970667926989982e+000 -1.0057595478372145e-002 -9.9968179238409205e-001 -2.3133498415123216e-002 2.2288026102192873e+001 1.0545237407120338e-002 2.3027345354844665e-002 -9.9967921821649175e-001 7.2540371208817422e-001 0 0 0 1</transform>
        <rotation_covariance>1.5813219019612225e-008 4.2890055238612351e-010 -1.6090534686467956e-010 4.2890055238612351e-010 5.9007211724040089e-009 1.1817459830537212e-010 -1.6090534686467953e-010 1.1817459830537210e-010 2.0950160454501839e-010</rotation_covariance>
        <location_covariance>1.0870372557708841e-005 1.0996766468814310e-005 -5.0598510036861677e-006 1.0996766468814310e-005 2.4853091506770159e-005 -8.8868728899684253e-006 -5.0598510036861677e-006 -8.8868728899684253e-006 5.6013100876821808e-006</location_covariance>
      </camera>
      <camera id="20" sensor_id="0" label="DSC00023.JPG">
        <transform>9.9991654965980281e-001 -9.8854351592965878e-003 8.3169638778504834e-003 4.3730186168518097e+000 -9.6961664360759765e-003 -9.9969987800902016e-001 -2.2497516867291494e-002 2.2398078759234338e+001 8.5368655183293458e-003 2.2414996775852864e-002 -9.9971230353870333e-001 6.7814969667015446e-001 0 0 0 1</transform>
        <rotation_covariance>1.5888996238438643e-008 5.5050986711585347e-010 -1.8836138170887264e-010 5.5050986711585337e-010 6.1076293096820251e-009 1.1994115059325045e-010 -1.8836138170887266e-010 1.1994115059325048e-010 2.1466644428589689e-010</rotation_covariance>
        <location_covariance>1.2249439141811970e-005 1.2039027124398257e-005 -5.6310926196401771e-006 1.2039027124398257e-005 2.4924101461182060e-005 -9.0244181270702704e-006 -5.6310926196401771e-006 -9.0244181270702704e-006 5.9506621228937960e-006</location_covariance>
      </camera>
      <camera id="21" sensor_id="0" label="DSC00024.JPG">
        <transform>9.9991863021516947e-001 -1.0166153973504300e-002 7.7059887105676303e-003 5.1938686529401075e+000 -9.9865391933652379e-003 -9.9968560464244571e-001 -2.2999150106193869e-002 2.2462729359648684e+001 7.9373788847309657e-003 2.2920322512016714e-002 -9.9970578513499930e-001 6.4455762587675614e-001 0 0 0 1</transform>
        <rotation_covariance>1.6006455012603838e-008 4.9671611439714775e-010 -1.9654403373622005e-010 4.9671611439714775e-010 6.1351747820734769e-009 1.2606535606144235e-010 -1.9654403373622011e-010 1.2606535606144240e-010 2.1742416341396317e-010</rotation_covariance>
        <location_covariance>1.2841040958719941e-005 1.2435098213514378e-005 -5.8890541478898698e-006 1.2435098213514378e-005 2.5014478796436399e-005 -9.1035331469708521e-006 -5.8890541478898698e-006 -9.1035331469708521e-006 6.1253009268360671e-006</location_covariance>
      </camera>
      <camera id="22" sensor_id="0" label="DSC00025.JPG">
        <transform>9.9992367091449008e-001 -9.8640382993222808e-003 7.4399659488812745e-003 6.6301101500712036e+000 -9.7082888011130256e-003 -9.9973885339405499e-001 -2.0687535930950896e-002 2.2607755418202277e+001 7.6420856737668833e-003 2.0613727532149639e-002 -9.9975830717418157e-001 6.5528231556186445e-001 0 0 0 1</transform>
        <rotation_covariance>1.5969430748796227e-008 5.3914847822360678e-010 -1.9831581372592975e-010 5.3914847822360668e-010 6.1744693429739091e-009 1.1679360105094716e-010 -1.9831581372592975e-010 1.1679360105094716e-010 2.2171421632013235e-010</rotation_covariance>
        <location_covariance>1.3940696430918704e-005 1.3239082965308278e-005 -6.3235686235042244e-006 1.3239082965308278e-005 2.5126939563261048e-005 -9.2444287552113527e-006 -6.3235686235042244e-006 -9.2444287552113527e-006 6.4382250222652543e-006</location_covariance>
      </camera>
      <camera id="23" sensor_id="0" label="DSC00026.JPG">
        <transform>9.9992581145699244e-001 -1.0075937011264097e-002 6.8444923421464247e-003 7.3167989147262462e+000 -9.9116936351695446e-003 -9.9967185439742523e-001 -2.3620792850697250e-002 2.2806845349562472e+001 7.0802479730022357e-003 2.3551199947307339e-002 -9.9969755979980401e-001 6.2492241805727011e-001 0 0 0 1</transform>
        <rotation_covariance>1.6139770178837954e-008 4.9199457425057083e-010 -2.0568965782512418e-010 4.9199457425057073e-010 6.2560581261278416e-009 1.3172952092039206e-010 -2.0568965782512421e-010 1.3172952092039211e-010 2.2872811054196148e-010</rotation_covariance>
        <location_covariance>1.4521496190686912e-005 1.3628656388617895e-005 -6.5732599078124577e-006 1.3628656388617895e-005 2.5397478691100015e-005 -9.4198038417432882e-006 -6.5732599078124577e-006 -9.4198038417432882e-006 6.6671256024148187e-006</location_covariance>
      </camera>
      <camera id="24" sensor_id="0" label="DSC00027.JPG">
        <transform>9.9992962620101999e-001 -9.3833051371567024e-003 7.2592169131485496e-003 8.7620923561946107e+000 -9.2236877757961907e-003 -9.9972159203869138e-001 -2.1717780628758048e-002 2.2977034909908433e+001 7.4609804519085313e-003 2.1649295515726117e-002 -9.9973778650922707e-001 6.9645725671214809e-001 0 0 0 1</transform>
        <rotation_covariance>1.6470916155462732e-008 5.3103399401522027e-010 -1.9231502871352275e-010 5.3103399401522027e-010 6.4151336158981337e-009 1.2245148854029396e-010 -1.9231502871352280e-010 1.2245148854029396e-010 2.3822399403162549e-010</rotation_covariance>
        <location_covariance>1.5826778284477949e-005 1.4466617477922026e-005 -7.0295251225393597e-006 1.4466617477922026e-005 2.5845728172405207e-005 -9.5656205053364971e-006 -7.0295251225393597e-006 -9.5656205053364971e-006 7.0029647141211920e-006</location_covariance>
      </camera>
      <camera id="25" sensor_id="0" label="DSC00028.JPG">
        <transform>9.9992771132232483e-001 -9.7114031584957534e-003 7.0894836477040524e-003 1.0002641790632634e+001 -9.5654558887787611e-003 -9.9974740271535634e-001 -2.0337964931103986e-002 2.3152667998529875e+001 7.2852030402544166e-003 2.0268680583406175e-002 -9.9976802629613537e-001 7.3925628409337774e-001 0 0 0 1</transform>
        <rotation_covariance>1.6904460809023189e-008 7.1802294979156887e-010 -1.8932601223417344e-010 7.1802294979156887e-010 6.5030859372984395e-009 1.0353060627258762e-010 -1.8932601223417349e-010 1.0353060627258762e-010 2.4943986645324067e-010</rotation_covariance>
        <location_covariance>1.6965623214361761e-005 1.5307154816172653e-005 -7.4498005030361683e-006 1.5307154816172653e-005 2.6332576725052908e-005 -9.7289721394034539e-006 -7.4498005030361683e-006 -9.7289721394034539e-006 7.3293117504002332e-006</location_covariance>
      </camera>
      <camera id="26" sensor_id="0" label="DSC00029.JPG">
        <transform>9.9993577880653584e-001 -1.0168227604695799e-002 5.0045389344579678e-003 1.0230218051312182e+001 -1.0062586963506780e-002 -9.9973509497168433e-001 -2.0699860520284722e-002 2.3222587291893920e+001 5.2136941000855393e-003 2.0648172542297321e-002 -9.9977320946527382e-001 6.4115464552567714e-001 0 0 0 1</transform>
        <rotation_covariance>1.7223298505846862e-008 7.4834172172723287e-010 -2.2061810477210786e-010 7.4834172172723308e-010 6.5632056213189433e-009 1.0070065150368083e-010 -2.2061810477210786e-010 1.0070065150368085e-010 2.5461165086413581e-010</rotation_covariance>
        <location_covariance>1.7172193522504483e-005 1.5452525293678828e-005 -7.5794713088314252e-006 1.5452525293678828e-005 2.6491991291981302e-005 -9.8318042646711557e-006 -7.5794713088314252e-006 -9.8318042646711557e-006 7.4461104522060534e-006</location_covariance>
      </camera>
      <camera id="27" sensor_id="0" label="DSC00030.JPG">
        <transform>9.9994790936788114e-001 -9.1832529684496653e-003 4.4549316180339674e-003 1.0459598646593438e+001 -9.0903528166656113e-003 -9.9974968061959646e-001 -2.0443619705996671e-002 2.0863379944548850e+001 4.6415553936625517e-003 2.0402057884741340e-002 -9.9978108203626015e-001 6.4321407977023448e-001 0 0 0 1</transform>
        <rotation_covariance>1.5894325881410445e-008 7.3442886650648969e-010 -2.0239468938188817e-010 7.3442886650648969e-010 6.4499022533770419e-009 1.2366345230762378e-010 -2.0239468938188809e-010 1.2366345230762376e-010 2.2950394382241020e-010</rotation_covariance>
        <location_covariance>1.7259884820607112e-005 1.4479926121100608e-005 -7.1099011596446632e-006 1.4479926121100608e-005 2.3289886877472696e-005 -8.2349970709684268e-006 -7.1099011596446632e-006 -8.2349970709684268e-006 6.4556044140343808e-006</location_covariance>
      </camera>
      <camera id="28" sensor_id="0" label="DSC00031.JPG">
        <transform>9.9993467273547409e-001 -9.8536148654856277e-003 5.7928003144823957e-003 9.9836863610578597e+000 -9.7558366392150042e-003 -9.9981341813623570e-001 -1.6671909494887928e-002 2.0736390439029186e+001 5.9559980582381631e-003 1.6614306751094515e-002 -9.9984423331752570e-001 6.4178903562918832e-001 0 0 0 1</transform>
        <rotation_covariance>1.5797226735985828e-008 6.5118083265825605e-010 -1.9270636367165980e-010 6.5118083265825615e-010 6.4176927646677474e-009 1.0849545504017816e-010 -1.9270636367165980e-010 1.0849545504017813e-010 2.2330344736916034e-010</rotation_covariance>
        <location_covariance>1.6817557848859732e-005 1.4148095348275588e-005 -6.9374629734697318e-006 1.4148095348275588e-005 2.3109271703882095e-005 -8.1208743383000287e-006 -6.9374629734697318e-006 -8.1208743383000287e-006 6.3021474816706493e-006</location_covariance>
      </camera>
      <camera id="29" sensor_id="0" label="DSC00032.JPG">
        <transform>9.9994209793663003e-001 -1.0267718225759271e-002 3.2209837823947074e-003 8.0801050194691886e+000 -1.0213114154940361e-002 -9.9981113909488750e-001 -1.6534159822672877e-002 2.0492100009946295e+001 3.3901435586410865e-003 1.6500306185642254e-002 -9.9985811334530450e-001 6.2180848342851724e-001 0 0 0 1</transform>
        <rotation_covariance>1.5650800234217208e-008 6.9687304926931676e-010 -2.2921082169969332e-010 6.9687304926931676e-010 6.2560672028249978e-009 1.0869422223800045e-010 -2.2921082169969334e-010 1.0869422223800043e-010 2.1113041004817956e-010</rotation_covariance>
        <location_covariance>1.5102357022267490e-005 1.3173999272109983e-005 -6.3378763637256301e-006 1.3173999272109983e-005 2.2775619157255036e-005 -7.9257007969896404e-006 -6.3378763637256301e-006 -7.9257007969896404e-006 5.8280851529354027e-006</location_covariance>
      </camera>
      <camera id="30" sensor_id="0" label="DSC00033.JPG">
        <transform>9.9994234493595613e-001 -1.0305284154770642e-002 3.0179334767479371e-003 6.2457619891149871e+000 -1.0256966390516844e-002 -9.9982553922000528e-001 -1.5610437658484791e-002 2.0249337046300706e+001 3.1782769615706298e-003 1.5578582795462025e-002 -9.9987359516772945e-001 6.3494262538781698e-001 0 0 0 1</transform>
        <rotation_covariance>1.5675093357475012e-008 7.8237936317538795e-010 -2.3685229816432267e-010 7.8237936317538805e-010 6.1822773090214338e-009 1.0243162011316108e-010 -2.3685229816432267e-010 1.0243162011316107e-010 2.0424298922579637e-010</rotation_covariance>
        <location_covariance>1.3619967689807691e-005 1.2277005369473742e-005 -5.7645307326091197e-006 1.2277005369473742e-005 2.2593329996801168e-005 -7.7238630264164651e-006 -5.7645307326091197e-006 -7.7238630264164651e-006 5.3946832000758216e-006</location_covariance>
      </camera>
      <camera id="31" sensor_id="0" label="DSC00034.JPG">
        <transform>9.9993750425238148e-001 -1.0479237282823970e-002 3.8952760478050616e-003 4.1851823959210908e+000 -1.0417102520277150e-002 -9.9982337048221359e-001 -1.5643267327136813e-002 1.9962771356092055e+001 4.0585175372748073e-003 1.5601712199515245e-002 -9.9987004906229848e-001 6.7823590064181538e-001 0 0 0 1</transform>
        <rotation_covariance>1.5433720733630258e-008 9.3732272918177464e-010 -2.2120154428711768e-010 9.3732272918177464e-010 5.9919498855975883e-009 1.0348295171261994e-010 -2.2120154428711773e-010 1.0348295171261994e-010 1.9570998735272141e-010</rotation_covariance>
        <location_covariance>1.2018618320919565e-005 1.1320212920388655e-005 -5.1445598183874553e-006 1.1320212920388655e-005 2.2238763516677115e-005 -7.4669254308736473e-006 -5.1445598183874553e-006 -7.4669254308736473e-006 4.9308089028427171e-006</location_covariance>
      </camera>
      <camera id="32" sensor_id="0" label="DSC00035.JPG">
        <transform>9.9993898591688357e-001 -1.0374523488740689e-002 3.7939037805289275e-003 2.2949470916226065e+000 -1.0312079851145796e-002 -9.9981682394855353e-001 -1.6123881622321805e-002 1.9703933353498144e+001 3.9604864168352946e-003 1.6083774799735967e-002 -9.9986280395638949e-001 6.7585238124562663e-001 0 0 0 1</transform>
        <rotation_covariance>1.5760623337741140e-008 6.7385516410667074e-010 -2.2021823742367030e-010 6.7385516410667054e-010 5.7990101324657358e-009 1.0276957999821221e-010 -2.2021823742367030e-010 1.0276957999821222e-010 1.9324377728779382e-010</rotation_covariance>
        <location_covariance>1.0630034554390892e-005 1.0192102930275865e-005 -4.6147405672428532e-006 1.0192102930275865e-005 2.2238056102357500e-005 -7.2718664603516793e-006 -4.6147405672428532e-006 -7.2718664603516793e-006 4.5571997864550600e-006</location_covariance>
      </camera>
      <camera id="33" sensor_id="0" label="DSC00036.JPG">
        <transform>9.9993507075368560e-001 -1.0324114835835766e-002 4.8235805869366070e-003 5.7046354805852384e-001 -1.0234888186023102e-002 -9.9978251998799561e-001 -1.8170299674816488e-002 1.9473668110348079e+001 5.0101238150170114e-003 1.8119751082989723e-002 -9.9982327102345880e-001 7.0150694432692140e-001 0 0 0 1</transform>
        <rotation_covariance>1.5857157284214641e-008 3.9364172109332572e-010 -2.0419383484859903e-010 3.9364172109332572e-010 5.7091197751247981e-009 1.2031480227014399e-010 -2.0419383484859900e-010 1.2031480227014397e-010 1.9185066357773387e-010</rotation_covariance>
        <location_covariance>9.5142341179404974e-006 9.1533666452894891e-006 -4.1492330680349004e-006 9.1533666452894891e-006 2.2150811984728586e-005 -7.0353678612522564e-006 -4.1492330680349004e-006 -7.0353678612522564e-006 4.2400058016403258e-006</location_covariance>
      </camera>
      <camera id="34" sensor_id="0" label="DSC00037.JPG">
        <transform>9.9993245462386982e-001 -1.0529945039706832e-002 4.9200048111869921e-003 -1.1291756191667734e+000 -1.0434950925424803e-002 -9.9976597501054187e-001 -1.8950119007662972e-002 1.9292330760212316e+001 5.1183971187595155e-003 1.8897499005989308e-002 -9.9980832490145499e-001 7.5155204865849079e-001 0 0 0 1</transform>
        <rotation_covariance>1.5652627453910899e-008 3.8733291276937425e-010 -2.1589981097817207e-010 3.8733291276937420e-010 5.6858078202061045e-009 1.1833171224852473e-010 -2.1589981097817210e-010 1.1833171224852476e-010 1.8783497521055295e-010</rotation_covariance>
        <location_covariance>8.5588614908613700e-006 8.3265588773918695e-006 -3.7047465941545125e-006 8.3265588773918695e-006 2.1934556364945980e-005 -6.8910632885228038e-006 -3.7047465941545125e-006 -6.8910632885228038e-006 3.9609094013718248e-006</location_covariance>
      </camera>
      <camera id="35" sensor_id="0" label="DSC00038.JPG">
        <transform>9.9992643747573018e-001 -1.0925575014747151e-002 5.2679642833848841e-003 -2.8072496781838070e+000 -1.0828302463815966e-002 -9.9977658726897889e-001 -1.8152779802165120e-002 1.9090919492581595e+001 5.4651169105521544e-003 1.8094401327231294e-002 -9.9982134661036470e-001 7.8989895186770842e-001 0 0 0 1</transform>
        <rotation_covariance>1.5961857351563898e-008 4.1882589378660241e-010 -2.3204646010032487e-010 4.1882589378660246e-010 5.8537053914532550e-009 1.2042583851578845e-010 -2.3204646010032490e-010 1.2042583851578845e-010 1.8733418862727308e-010</rotation_covariance>
        <location_covariance>7.8272641323183407e-006 7.5381347581811600e-006 -3.2754162881377756e-006 7.5381347581811600e-006 2.2022379049329234e-005 -6.7150134181317198e-006 -3.2754162881377756e-006 -6.7150134181317198e-006 3.7082085529077521e-006</location_covariance>
      </camera>
      <camera id="36" sensor_id="0" label="DSC00039.JPG">
        <transform>9.9992208338536170e-001 -1.0969825993757211e-002 5.9573547773980502e-003 -4.4989217202951783e+000 -1.0867870989409160e-002 -9.9979837263860749e-001 -1.6885006643459311e-002 1.8880553878086211e+001 6.1413791964555885e-003 1.6818947257744608e-002 -9.9983969038776743e-001 8.0285659722071312e-001 0 0 0 1</transform>
        <rotation_covariance>1.5933482750671692e-008 2.3704704671721872e-010 -2.5201943141920057e-010 2.3704704671721872e-010 5.6900892417440504e-009 1.1449325123508432e-010 -2.5201943141920057e-010 1.1449325123508432e-010 1.8254817140672064e-010</rotation_covariance>
        <location_covariance>6.9419887561871427e-006 6.6019018354145212e-006 -2.8278463031555874e-006 6.6019018354145212e-006 2.1859673045629939e-005 -6.5525534345468199e-006 -2.8278463031555874e-006 -6.5525534345468199e-006 3.4763995398492454e-006</location_covariance>
      </camera>
      <camera id="37" sensor_id="0" label="DSC00040.JPG">
        <transform>9.9992775976335768e-001 -1.0462844874078451e-002 5.9164289713299692e-003 -5.9377936236137669e+000 -1.0360947168410711e-002 -9.9980182467699297e-001 -1.6998886620271162e-002 1.8717782148805984e+001 6.0931131948474722e-003 1.6936358808681464e-002 -9.9983800373955500e-001 7.8948950204230206e-001 0 0 0 1</transform>
        <rotation_covariance>1.5739650086770007e-008 1.4611401577078731e-010 -2.5199008053944922e-010 1.4611401577078734e-010 5.6118499302094534e-009 1.1683344286410770e-010 -2.5199008053944922e-010 1.1683344286410770e-010 1.8000892997265863e-010</rotation_covariance>
        <location_covariance>6.2917347636667668e-006 5.8508096531249375e-006 -2.4786933024710568e-006 5.8508096531249375e-006 2.1603136851714121e-005 -6.4480983874886435e-006 -2.4786933024710568e-006 -6.4480983874886435e-006 3.3098685473684748e-006</location_covariance>
      </camera>
      <camera id="38" sensor_id="0" label="DSC00041.JPG">
        <transform>9.9991462255671293e-001 -1.0772637558582699e-002 7.3958013288694920e-003 -8.2164257540792391e+000 -1.0643303551839435e-002 -9.9979352739817651e-001 -1.7309611844722878e-002 1.8389803009341950e+001 7.5807444732095006e-003 1.7229418235767041e-002 -9.9982282403458311e-001 7.9089341973090321e-001 0 0 0 1</transform>
        <rotation_covariance>1.6082390884420574e-008 -1.9236618414378145e-012 -2.3261745735515950e-010 -1.9236618414377749e-012 5.6164928303130754e-009 1.2625474392788836e-010 -2.3261745735515950e-010 1.2625474392788836e-010 1.7914555246604613e-010</rotation_covariance>
        <location_covariance>5.4826827101713558e-006 4.6706804978847004e-006 -1.9275001373073088e-006 4.6706804978847004e-006 2.1582810456113246e-005 -6.2200212239209139e-006 -1.9275001373073088e-006 -6.2200212239209139e-006 3.0534869937433318e-006</location_covariance>
      </camera>
      <camera id="39" sensor_id="0" label="DSC00042.JPG">
        <transform>9.9991368972528216e-001 -1.0847349944324517e-002 7.4126985070949308e-003 -9.7451237623404072e+000 -1.0718316910450273e-002 -9.9979409238844619e-001 -1.7230510954994841e-002 1.8166730309955756e+001 7.5980775580985135e-003 1.7149572133100126e-002 -9.9982406522001299e-001 8.0294009476550665e-001 0 0 0 1</transform>
        <rotation_covariance>1.6117176298349390e-008 -2.7309220892594806e-010 -2.1709305049129781e-010 -2.7309220892594812e-010 5.6658035749485501e-009 1.2362138088093011e-010 -2.1709305049129779e-010 1.2362138088093011e-010 1.7781161757015665e-010</rotation_covariance>
        <location_covariance>5.0587259484955092e-006 3.7748966202657190e-006 -1.5798819307365203e-006 3.7748966202657190e-006 2.1455472791057203e-005 -6.0890844104681905e-006 -1.5798819307365203e-006 -6.0890844104681905e-006 2.8992115922254647e-006</location_covariance>
      </camera>
      <camera id="40" sensor_id="0" label="DSC00043.JPG">
        <transform>9.9989930139658867e-001 -1.1208636866985693e-002 8.7036501652277363e-003 -1.1505378933715274e+001 -1.1048834399593432e-002 -9.9977338170002439e-001 -1.8196387072922190e-002 1.7986292228849646e+001 8.9056344538152084e-003 1.8098389532809213e-002 -9.9979654828934761e-001 8.6151656626480888e-001 0 0 0 1</transform>
        <rotation_covariance>1.6375895898356672e-008 -3.2558249914707473e-010 -1.8270835301590579e-010 -3.2558249914707468e-010 5.6317347492661041e-009 1.2240161718952394e-010 -1.8270835301590576e-010 1.2240161718952394e-010 1.7636294591602608e-010</rotation_covariance>
        <location_covariance>4.6164889218501675e-006 2.9408274021944609e-006 -1.1870525107376907e-006 2.9408274021944609e-006 2.1567675101497317e-005 -5.9680453858629454e-006 -1.1870525107376907e-006 -5.9680453858629454e-006 2.7572693501141401e-006</location_covariance>
      </camera>
      <camera id="41" sensor_id="0" label="DSC00044.JPG">
