<?xml version="1.0" encoding="UTF-8"?>
<document version="1.4.0">
  <chunk label="SONY-A-9" enabled="1">
    <sensors next_id="1">
      <sensor id="0" label="SONY-A-9" type="frame">
        <resolution width="6000" height="4000"/>
        <property name="pixel_width" value="0.006"/>
        <property name="pixel_height" value="0.006"/>
        <property name="focal_length" value="55"/>
        <property name="fixed" value="1"/>
        <property name="layer_index" value="0"/>
        <calibration type="frame" class="initial">
          <resolution width="6000" height="4000"/>
          <f>9227.77018581081</f>
          <cx>-37.8304617831239</cx>
          <cy>31.7622333680372</cy>
          <k1>-0.017282082281574</k1>
        </calibration>
      </sensor>
    </sensors>
    <cameras next_id="585" next_group_id="0">
      <camera id="0" sensor_id="0" label="_DSC0594.JPG" enabled="1"/>
      <camera id="1" sensor_id="0" label="_DSC0595.JPG" enabled="1"/>
      <camera id="2" sensor_id="0" label="_DSC0596.JPG" enabled="1"/>
      <camera id="3" sensor_id="0" label="_DSC0597.JPG" enabled="1">
        <transform>-1.5206159556478815e-001 -9.6266530205059686e-001 -2.2394818012684031e-001 4.7275104973640083e+000 -9.8640287954045935e-001 1.3351979031468597e-001 9.5821838996190484e-002 1.7348874355278888e+001 -6.2342845528420107e-002 2.3547395147267378e-001 -9.6987905833112231e-001 -5.9424352911533509e+000 0.0000000000000000e+000 0.0000000000000000e+000 0.0000000000000000e+000 1.0000000000000000e+000</transform>
      </camera>
      <camera id="4" sensor_id="0" label="_DSC0598.JPG" enabled="1">
        <transform>-1.4582770448548876e-001 -9.6349340192866784e-001 -2.2453228062890063e-001 4.6157779486726342e+000 -9.8783126176373970e-001 1.2940547781081024e-001 8.6276419691673809e-002 1.7570328400954331e+001 -5.4071054056222492e-002 2.3438149831520039e-001 -9.7063980670523231e-001 -3.0381432738587031e+000 0.0000000000000000e+000 0.0000000000000000e+000 0.0000000000000000e+000 1.0000000000000000e+000</transform>
      </camera>
      <camera id="5" sensor_id="0" label="_DSC0599.JPG" enabled="1">
        <transform>-1.4617264077248948e-001 -9.6358766584103328e-001 -2.2390258892792136e-001 4.6258815815102903e+000 -9.8768166032633820e-001 1.2937591132800041e-001 8.8015972545083199e-002 1.7621147531416668e+001 -5.5843504050196710e-002 2.3401000792076870e-001 -9.7062908427901418e-001 -2.9941913273720040e+000 0.0000000000000000e+000 0.0000000000000000e+000 0.0000000000000000e+000 1.0000000000000000e+000</transform>
      </camera>
      <camera id="6" sensor_id="0" label="_DSC0600.JPG" enabled="1">
        <transform>-1.4194459893814071e-001 -9.6394862807433179e-001 -2.2506615308816197e-001 4.5901698628558520e+000 -9.8836748444398304e-001 1.2547454817942683e-001 8.5940988201448368e-002 1.7431053457075695e+001 -5.4602623802919678e-002 2.3464692666383313e-001 -9.7054591508132915e-001 -1.0489417872587079e+000 0.0000000000000000e+000 0.0000000000000000e+000 0.0000000000000000e+000 1.0000000000000000e+000</transform>
      </camera>
      <camera id="7" sensor_id="0" label="_DSC0601.JPG" enabled="1">
        <transform>-1.3540813923606287e-001 -9.6512590737884252e-001 -2.2404601923442657e-001 4.7673066472539292e+000 -9.8937553470979944e-001 1.1963411486024622e-001 8.2605870731468092e-002 1.7374389868623783e+001 -5.2921518745455212e-002 2.3285115732538564e-001 -9.7107139355760186e-001 1.7843107458492673e+000 0.0000000000000000e+000 0.0000000000000000e+000 0.0000000000000000e+000 1.0000000000000000e+000</transform>
      </camera>
      <camera id="8" sensor_id="0" label="_DSC0602.JPG" enabled="1">
        <transform>9.4300865461694028e-001 -3.3005298128522148e-001 -4.2422952069438649e-002 2.2030911016209092e+001 -3.2633945882897247e-001 -9.4218267385727006e-001 7.6120737610577652e-002 1.3286332531029315e+001 -6.5094046799703750e-002 -5.7938231142331896e-002 -9.9619572697504366e-001 1.8067618683489095e+000 0.0000000000000000e+000 0.0000000000000000e+000 0.0000000000000000e+000 1.0000000000000000e+000</transform>
      </camera>
      <camera id="9" sensor_id="0" label="_DSC0603.JPG" enabled="1">
        <transform>9.9879130256983628e-001 -2.8157282221321439e-002 -4.0287732236484068e-002 2.1215974626831571e+001 -2.5510346093750386e-002 -9.9757405048814429e-001 6.4770641766578721e-002 1.3037774518549961e+001 -4.2013761472008866e-002 -6.3664599665640351e-002 -9.9708658731144650e-001 1.7733519958590829e+000 0.0000000000000000e+000 0.0000000000000000e+000 0.0000000000000000e+000 1.0000000000000000e+000</transform>
      </camera>
      <camera id="10" sensor_id="0" label="_DSC0604.JPG" enabled="1">
        <transform>9.9908436471066220e-001 2.0630589571367795e-002 -3.7480807950602303e-002 2.0000973340637771e+001 2.2794465018474788e-002 -9.9804152160606896e-001 5.8254042904883639e-002 1.3089642735830626e+001 -3.6205587348000466e-002 -5.9055058413147517e-002 -9.9759794282095726e-001 1.7548577933278555e+000 0.0000000000000000e+000 0.0000000000000000e+000 0.0000000000000000e+000 1.0000000000000000e+000</transform>
      </camera>
      <camera id="11" sensor_id="0" label="_DSC0605.JPG" enabled="1">
        <transform>9.9837273396452386e-001 4.4738951376416140e-002 -3.5359727175724935e-002 1.8879022117255555e+001 4.6550867825519517e-002 -9.9755116945450828e-001 5.2198477225239993e-002 1.3408349545293193e+001 -3.2937832061233789e-002 -5.3759562402251361e-002 -9.9801052532998091e-001 1.7375131144469504e+000 0.0000000000000000e+000 0.0000000000000000e+000 0.0000000000000000e+000 1.0000000000000000e+000</transform>
      </camera>
      <camera id="12" sensor_id="0" label="_DSC0606.JPG" enabled="1">
        <transform>9.9762524195870295e-001 6.0798813443638078e-002 -3.2363264524538166e-002 1.7824532603177154e+001 6.2302146149890200e-002 -9.9691827515289033e-001 4.7669647065020859e-002 1.3711683339647079e+001 -2.9365271869289045e-002 -4.9572744023622745e-002 -9.9833873202336043e-001 1.7190319893400905e+000 0.0000000000000000e+000 0.0000000000000000e+000 0.0000000000000000e+000 1.0000000000000000e+000</transform>
      </camera>
      <camera id="13" sensor_id="0" label="_DSC0607.JPG" enabled="1">
        <transform>9.9655343881925329e-001 7.7422943785848894e-002 -2.9781392731952992e-002 1.6838693449216827e+001 7.8635665809095520e-002 -9.9601962953215706e-001 4.1968198071692067e-002 1.3964879588238324e+001 -2.6413550315733506e-002 -4.4165431755591553e-002 -9.9867499167524987e-001 1.6843869264393125e+000 0.0000000000000000e+000 0.0000000000000000e+000 0.0000000000000000e+000 1.0000000000000000e+000</transform>
      </camera>
      <camera id="14" sensor_id="0" label="_DSC0608.JPG" enabled="1">
        <transform>9.9527140356305166e-001 9.3180797949805688e-002 -2.7425756927935131e-002 1.5885387272960713e+001 9.4173080529136172e-002 -9.9485176002302977e-001 3.7435364065718547e-002 1.4159473100001128e+001 -2.3796305454534931e-002 -3.9841115352328489e-002 -9.9892263032438955e-001 1.6709844111890049e+000 0.0000000000000000e+000 0.0000000000000000e+000 0.0000000000000000e+000 1.0000000000000000e+000</transform>
      </camera>
      <camera id="15" sensor_id="0" label="_DSC0609.JPG" enabled="1">
        <transform>9.9369456974326609e-001 1.0927286714776981e-001 -2.5110606684248648e-002 1.4895592139678801e+001 1.1004711487514983e-001 -9.9341586961954143e-001 3.1851883707339684e-002 1.4318157438384000e+001 -2.1464728519148799e-002 -3.4414393694443671e-002 -9.9917711890147043e-001 1.6428316594616952e+000 0.0000000000000000e+000 0.0000000000000000e+000 0.0000000000000000e+000 1.0000000000000000e+000</transform>
      </camera>
      <camera id="16" sensor_id="0" label="_DSC0610.JPG" enabled="1">
        <transform>9.9223581148676399e-001 1.2221656253244255e-001 -2.3047911965206162e-002 1.3975135520077130e+001 1.2285788401008181e-001 -9.9200538832995100e-001 2.8831404074522025e-002 1.4444793638680446e+001 -1.9339977760266920e-002 -3.1439169313082042e-002 -9.9931853975253349e-001 1.6229276845195642e+000 0.0000000000000000e+000 0.0000000000000000e+000 0.0000000000000000e+000 1.0000000000000000e+000</transform>
      </camera>
      <camera id="17" sensor_id="0" label="_DSC0611.JPG" enabled="1">
        <transform>9.9272482619228919e-001 1.1875230843384424e-001 -1.9882371667456985e-002 1.2984322831083382e+001 1.1924058147820843e-001 -9.9253799554646704e-001 2.5495315752901825e-002 1.4547981339636918e+001 -1.6706381721620780e-002 -2.7680618458310418e-002 -9.9947720342764046e-001 1.6302165965609554e+000 0.0000000000000000e+000 0.0000000000000000e+000 0.0000000000000000e+000 1.0000000000000000e+000</transform>
      </camera>
      <camera id="18" sensor_id="0" label="_DSC0612.JPG" enabled="1">
        <transform>9.9309509430827747e-001 1.1595538091343788e-001 -1.7789977460762125e-002 1.2045068964743633e+001 1.1632466967616875e-001 -9.9298165344853595e-001 2.1354323668565715e-002 1.4619801636024038e+001 -1.5188972498662382e-002 -2.3276287329193377e-002 -9.9961368015979235e-001 1.6132831086300912e+000 0.0000000000000000e+000 0.0000000000000000e+000 0.0000000000000000e+000 1.0000000000000000e+000</transform>
      </camera>
      <camera id="19" sensor_id="0" label="_DSC0613.JPG" enabled="1">
        <transform>9.9368132739326365e-001 1.1112716788515913e-001 -1.5753480497485386e-002 1.1058250139471001e+001 1.1141444209253230e-001 -9.9359790743104281e-001 1.8708833257654062e-002 1.4727138717292348e+001 -1.3573565602698449e-002 -2.0345783506087855e-002 -9.9970085896249616e-001 1.5990298239723602e+000 0.0000000000000000e+000 0.0000000000000000e+000 0.0000000000000000e+000 1.0000000000000000e+000</transform>
      </camera>
      <camera id="20" sensor_id="0" label="_DSC0614.JPG" enabled="1">
        <transform>9.9431651062879833e-001 1.0556535725966452e-001 -1.3806956131291072e-002 1.0067422745920261e+001 1.0577658862726620e-001 -9.9426778969550145e-001 1.5584468948289399e-002 1.4830883860547708e+001 -1.2082631722853210e-002 -1.6956347503560249e-002 -9.9978322264878416e-001 1.5844838356111237e+000 0.0000000000000000e+000 0.0000000000000000e+000 0.0000000000000000e+000 1.0000000000000000e+000</transform>
      </camera>
      <camera id="21" sensor_id="0" label="_DSC0615.JPG" enabled="1">
        <transform>9.9453877321064044e-001 1.0343346561552434e-001 -1.3933656068545082e-002 9.1178763387554049e+000 1.0361614480912011e-001 -9.9453114477875859e-001 1.3095671038452399e-002 1.5004511047106119e+001 -1.2502924280735652e-002 -1.4467904333871405e-002 -9.9981716159936773e-001 1.5834614653632526e+000 0.0000000000000000e+000 0.0000000000000000e+000 0.0000000000000000e+000 1.0000000000000000e+000</transform>
      </camera>
      <camera id="22" sensor_id="0" label="_DSC0616.JPG" enabled="1">
        <transform>9.9496735482799625e-001 9.9509929966539679e-002 -1.1736126474863249e-002 8.1380134941125419e+000 9.9624137646749988e-002 -9.9497898673423946e-001 9.5836921615649259e-003 1.5175600902935363e+001 -1.0723526692326114e-002 -1.0704662318849503e-002 -9.9988520150061144e-001 1.5907274053476923e+000 0.0000000000000000e+000 0.0000000000000000e+000 0.0000000000000000e+000 1.0000000000000000e+000</transform>
      </camera>
      <camera id="23" sensor_id="0" label="_DSC0617.JPG" enabled="1">
        <transform>9.9533845154979328e-001 9.5818484799960871e-002 -1.0962884524591380e-002 7.2610322788773125e+000 9.5894010619609046e-002 -9.9536978000593213e-001 6.5832953927769285e-003 1.5278684175358340e+001 -1.0281322567946512e-002 -7.6038820073641902e-003 -9.9991823434952520e-001 1.5943066865610453e+000 0.0000000000000000e+000 0.0000000000000000e+000 0.0000000000000000e+000 1.0000000000000000e+000</transform>
      </camera>
      <camera id="24" sensor_id="0" label="_DSC0618.JPG" enabled="1">
        <transform>9.9554345184074711e-001 9.3654014442879643e-002 -1.1052650168311954e-002 6.3138876798312236e+000 9.3717849306493170e-002 -9.9558412456717837e-001 5.4051485798625185e-003 1.5393082177279707e+001 -1.0497629178801779e-002 -6.4168908778196891e-003 -9.9992430878196303e-001 1.5975121979130913e+000 0.0000000000000000e+000 0.0000000000000000e+000 0.0000000000000000e+000 1.0000000000000000e+000</transform>
      </camera>
      <camera id="25" sensor_id="0" label="_DSC0619.JPG" enabled="1">
        <transform>9.9594641241579351e-001 8.9458433096914217e-002 -9.3772247469022952e-003 5.3333771717244227e+000 8.9498289291486691e-002 -9.9597926293196926e-001 3.9196968490798206e-003 1.5474995146691489e+001 -8.9888714534335761e-003 -4.7430535877480886e-003 -9.9994835048249242e-001 1.6110812016163876e+000 0.0000000000000000e+000 0.0000000000000000e+000 0.0000000000000000e+000 1.0000000000000000e+000</transform>
      </camera>
      <camera id="26" sensor_id="0" label="_DSC0620.JPG" enabled="1">
        <transform>9.9622261942607127e-001 8.6384123930234646e-002 -8.8473542182461520e-003 4.3877421565690025e+000 8.6408766212324656e-002 -9.9625677686839087e-001 2.4412426075716906e-003 1.5571538986653037e+001 -8.6033519933266314e-003 -3.1965100674116583e-003 -9.9995788144194742e-001 1.6202072853923475e+000 0.0000000000000000e+000 0.0000000000000000e+000 0.0000000000000000e+000 1.0000000000000000e+000</transform>
      </camera>
      <camera id="27" sensor_id="0" label="_DSC0621.JPG" enabled="1">
        <transform>9.9646559900550358e-001 8.3650334026115936e-002 -7.6766930329378461e-003 3.4331794270014822e+000 8.3668649753115248e-002 -9.9649142683611991e-001 2.0960177967692035e-003 1.5655863759514245e+001 -7.4744262049507076e-003 -2.7309081700188768e-003 -9.9996833704546551e-001 1.6288191312367881e+000 0.0000000000000000e+000 0.0000000000000000e+000 0.0000000000000000e+000 1.0000000000000000e+000</transform>
      </camera>
      <camera id="28" sensor_id="0" label="_DSC0622.JPG" enabled="1">
        <transform>9.9675372453359867e-001 8.0216646277445791e-002 -6.8776659120118201e-003 2.4673685571668083e+000 8.0223840074340969e-002 -9.9677657133075503e-001 7.7609911139353777e-004 1.5743442356526220e+001 -6.7932401786386567e-003 -1.3253324500987081e-003 -9.9997604740402257e-001 1.6271270118615249e+000 0.0000000000000000e+000 0.0000000000000000e+000 0.0000000000000000e+000 1.0000000000000000e+000</transform>
      </camera>
      <camera id="29" sensor_id="0" label="_DSC0623.JPG" enabled="1">
        <transform>9.9694769033858577e-001 7.7804401088814187e-002 -6.4635825801055546e-003 1.5332080357080322e+000 7.7805311953674752e-002 -9.9696856578169224e-001 -1.1079253966794224e-004 1.5823330558312936e+001 -6.4526088018933385e-003 -3.9244669245474943e-004 -9.9997910469431472e-001 1.6220327676966033e+000 0.0000000000000000e+000 0.0000000000000000e+000 0.0000000000000000e+000 1.0000000000000000e+000</transform>
      </camera>
      <camera id="30" sensor_id="0" label="_DSC0624.JPG" enabled="1">
        <transform>9.9730588677077536e-001 7.3063413785686260e-002 -6.5349658253331206e-003 5.9163110961931287e-001 7.3058792773217168e-002 -9.9732718945052479e-001 -9.4338816886045923e-004 1.5873742986482139e+001 -6.5864262598766829e-003 4.6340986030136988e-004 -9.9997820188263331e-001 1.6194945391307101e+000 0.0000000000000000e+000 0.0000000000000000e+000 0.0000000000000000e+000 1.0000000000000000e+000</transform>
      </camera>
      <camera id="31" sensor_id="0" label="_DSC0625.JPG" enabled="1">
        <transform>9.9724044609874007e-001 7.3910431755517897e-002 -6.9814570469735049e-003 -3.2933566343289949e-001 7.3901664726419319e-002 -9.9726439642241160e-001 -1.5058482350783090e-003 1.6037544589391963e+001 -7.0736564413119464e-003 9.8575146771915983e-004 -9.9997449551405770e-001 1.6214988090636979e+000 0.0000000000000000e+000 0.0000000000000000e+000 0.0000000000000000e+000 1.0000000000000000e+000</transform>
      </camera>
      <camera id="32" sensor_id="0" label="_DSC0626.JPG" enabled="1">
        <transform>9.9793163514376726e-001 6.3728105344377756e-002 -8.4368340331980683e-003 -1.3298692708309268e+000 6.3712931870179373e-002 -9.9796615040019765e-001 -2.0554726746039322e-003 1.6173418666595669e+001 -8.5506661608156977e-003 1.5136857752036745e-003 -9.9996229672102144e-001 1.6074361076296735e+000 0.0000000000000000e+000 0.0000000000000000e+000 0.0000000000000000e+000 1.0000000000000000e+000</transform>
      </camera>
      <camera id="33" sensor_id="0" label="_DSC0627.JPG" enabled="1">
        <transform>9.9812638182286695e-001 6.0887299790978761e-002 -6.0384297094041748e-003 -1.3102904508504889e+000 6.0874447757074110e-002 -9.9814280421810675e-001 -2.2899777041387828e-003 1.4480211785340638e+001 -6.1666457222051664e-003 1.9181010864071908e-003 -9.9997914646694464e-001 1.5535975356809784e+000 0.0000000000000000e+000 0.0000000000000000e+000 0.0000000000000000e+000 1.0000000000000000e+000</transform>
      </camera>
      <camera id="34" sensor_id="0" label="_DSC0628.JPG" enabled="1">
        <transform>9.9867123935895630e-001 5.1445129408334053e-002 -3.0256135586889249e-003 -5.4945093494098507e-001 5.1448114195608671e-002 -9.9867524780829431e-001 9.1703912545733530e-004 1.4489667079321309e+001 -2.9744281740141394e-003 -1.0714827118403400e-003 -9.9999500233842964e-001 1.5929336303676236e+000 0.0000000000000000e+000 0.0000000000000000e+000 0.0000000000000000e+000 1.0000000000000000e+000</transform>
      </camera>
      <camera id="35" sensor_id="0" label="_DSC0629.JPG" enabled="1">
        <transform>9.9854593865642394e-001 5.3843736354785447e-002 -2.6192457154042515e-003 4.5791190769717866e-001 5.3844047755870712e-002 -9.9854935590188221e-001 4.8468543716943523e-005 1.4328089559846369e+001 -2.6128363945762843e-003 -1.8942885886573152e-004 -9.9999656859545405e-001 1.5714861623357956e+000 0.0000000000000000e+000 0.0000000000000000e+000 0.0000000000000000e+000 1.0000000000000000e+000</transform>
      </camera>
      <camera id="36" sensor_id="0" label="_DSC0630.JPG" enabled="1">
        <transform>9.9859764447090482e-001 5.2919271899001828e-002 -1.5149649635838398e-003 1.5145517886280861e+000 5.2920451029148573e-002 -9.9859845019600857e-001 7.4908544321272783e-004 1.4225294666909017e+001 -1.4732006084911162e-003 -8.2820758826588768e-004 -9.9999857187505914e-001 1.5749704555812951e+000 0.0000000000000000e+000 0.0000000000000000e+000 0.0000000000000000e+000 1.0000000000000000e+000</transform>
      </camera>
      <camera id="37" sensor_id="0" label="_DSC0631.JPG" enabled="1">
        <transform>9.9859797253536742e-001 5.2891098557794038e-002 -2.1496375514802632e-003 2.5681678648739918e+000 5.2894526071803137e-002 -9.9859887030936922e-001 1.5701364561715248e-003 1.4128820441401606e+001 -2.0635793884302357e-003 -1.6816391412484517e-003 -9.9999645685867622e-001 1.5710836547786828e+000 0.0000000000000000e+000 0.0000000000000000e+000 0.0000000000000000e+000 1.0000000000000000e+000</transform>
      </camera>
      <camera id="38" sensor_id="0" label="_DSC0632.JPG" enabled="1">
        <transform>9.9880870583433090e-001 4.8719904180858926e-002 -2.7459217318888413e-003 3.6407581488205865e+000 4.8726538242507021e-002 -9.9880926573011675e-001 2.4031567919347123e-003 1.4015349446440839e+001 -2.6255705001456244e-003 -2.5340931855491041e-003 -9.9999334235347570e-001 1.5713168433507558e+000 0.0000000000000000e+000 0.0000000000000000e+000 0.0000000000000000e+000 1.0000000000000000e+000</transform>
      </camera>
      <camera id="39" sensor_id="0" label="_DSC0633.JPG" enabled="1">
        <transform>9.9882986988520939e-001 4.8249258479659544e-002 -3.3015271099981376e-003 4.6593177950612352e+000 4.8252037236901017e-002 -9.9883489742149234e-001 7.6719976905734026e-004 1.3893027783847085e+001 -3.2606636722864830e-003 -9.2560745455377456e-004 -9.9999425564512934e-001 1.5372640094801748e+000 0.0000000000000000e+000 0.0000000000000000e+000 0.0000000000000000e+000 1.0000000000000000e+000</transform>
      </camera>
      <camera id="40" sensor_id="0" label="_DSC0634.JPG" enabled="1">
        <transform>9.9883026136055575e-001 4.8232031968383979e-002 -3.4322124940570887e-003 5.5888824885241029e+000 4.8231183929964880e-002 -9.9883614489279160e-001 -3.2947294278135963e-004 1.3807746087269372e+001 -3.4441090455258039e-003 1.6354787346194592e-004 -9.9999405566482025e-001 1.5285032746978779e+000 0.0000000000000000e+000 0.0000000000000000e+000 0.0000000000000000e+000 1.0000000000000000e+000</transform>
      </camera>
      <camera id="41" sensor_id="0" label="_DSC0635.JPG" enabled="1">
        <transform>9.9890320042906366e-001 4.6737334228876527e-002 -2.8315652477919930e-003 6.5999133181749219e+000 4.6736152922492287e-002 -9.9890715269988095e-001 -4.8196993910706794e-004 1.3723284859866673e+001 -2.8509967694881509e-003 3.4910484825382968e-004 -9.9999587496310471e-001 1.5078631544498127e+000 0.0000000000000000e+000 0.0000000000000000e+000 0.0000000000000000e+000 1.0000000000000000e+000</transform>
      </camera>
      <camera id="42" sensor_id="0" label="_DSC0636.JPG" enabled="1">
        <transform>9.9891394563997116e-001 4.6544366170003529e-002 -2.1333503737301757e-003 7.5108133123400229e+000 4.6539780956072516e-002 -9.9891412183310613e-001 -2.1508116968131058e-003 1.3656684845874842e+001 -2.2311419823162035e-003 2.0491901392962236e-003 -9.9999541140208625e-001 1.5054846775628190e+000 0.0000000000000000e+000 0.0000000000000000e+000 0.0000000000000000e+000 1.0000000000000000e+000</transform>
      </camera>
      <camera id="43" sensor_id="0" label="_DSC0637.JPG" enabled="1">
        <transform>9.9902543750365869e-001 4.4129883442419686e-002 -8.5358536925296698e-004 8.3640882702918979e+000 4.4127251654877915e-002 -9.9902174089204065e-001 -2.8890978563418540e-003 1.3591599633982634e+001 -9.8024589324518488e-004 2.8486158735248541e-003 -9.9999546224250135e-001 1.5023289738981802e+000 0.0000000000000000e+000 0.0000000000000000e+000 0.0000000000000000e+000 1.0000000000000000e+000</transform>
      </camera>
      <camera id="44" sensor_id="0" label="_DSC0638.JPG" enabled="1">
        <transform>9.9903134384586401e-001 4.3994988847289800e-002 -9.0275680770932651e-004 9.3344841624939772e+000 4.3993342806708059e-002 -9.9903025855901217e-001 -1.7686922300888617e-003 1.3456917827785105e+001 -9.7969496195880442e-004 1.7272636857627679e-003 -9.9999802837702700e-001 1.4785363018567574e+000 0.0000000000000000e+000 0.0000000000000000e+000 0.0000000000000000e+000 1.0000000000000000e+000</transform>
      </camera>
      <camera id="45" sensor_id="0" label="_DSC0639.JPG" enabled="1">
        <transform>9.9914544604928013e-001 4.1286763849810962e-002 -1.9444201692907447e-003 1.0303999875384067e+001 4.1286989999090154e-002 -9.9914732579136878e-001 7.6293980627596659e-005 1.3268886196343502e+001 -1.9396122808003143e-003 -1.5650803938857137e-004 -9.9999810670292455e-001 1.4792663691421093e+000 0.0000000000000000e+000 0.0000000000000000e+000 0.0000000000000000e+000 1.0000000000000000e+000</transform>
      </camera>
      <camera id="46" sensor_id="0" label="_DSC0640.JPG" enabled="1">
        <transform>9.9915617411065760e-001 4.0877327836124022e-002 -3.9979751788596085e-003 1.1285567230779495e+001 4.0887156461436369e-002 -9.9916086811451044e-001 2.4083324429870459e-003 1.3116056788705885e+001 -3.8961741555992766e-003 -2.5697660663884831e-003 -9.9998910800533891e-001 1.4795007336795827e+000 0.0000000000000000e+000 0.0000000000000000e+000 0.0000000000000000e+000 1.0000000000000000e+000</transform>
      </camera>
      <camera id="47" sensor_id="0" label="_DSC0641.JPG" enabled="1">
        <transform>9.9919600933385011e-001 3.9547836669420515e-002 -6.5805429925999796e-003 1.2295130687414892e+001 3.9565442739513033e-002 -9.9921368371494190e-001 2.5671029668592488e-003 1.2944947099915789e+001 -6.4738452356334387e-003 -2.8254011370034667e-003 -9.9997505290696131e-001 1.4653156516167409e+000 0.0000000000000000e+000 0.0000000000000000e+000 0.0000000000000000e+000 1.0000000000000000e+000</transform>
      </camera>
      <camera id="48" sensor_id="0" label="_DSC0642.JPG" enabled="1">
        <transform>9.9919388853434721e-001 3.9157176655842556e-002 -8.8480863441078098e-003 1.3337266049345855e+001 3.9209853841847740e-002 -9.9921381165350087e-001 5.8605428573702250e-003 1.2742417214100719e+001 -8.6116477697700707e-003 -6.2027507789104673e-003 -9.9994368111682375e-001 1.4426842940934903e+000 0.0000000000000000e+000 0.0000000000000000e+000 0.0000000000000000e+000 1.0000000000000000e+000</transform>
      </camera>
      <camera id="49" sensor_id="0" label="_DSC0643.JPG" enabled="1">
        <transform>9.9918289809788341e-001 3.9088066991603124e-002 -1.0279064528178583e-002 1.4783211819395087e+001 3.9159238992236528e-002 -9.9920973396933799e-001 6.8162704225708023e-003 1.2493052028621570e+001 -1.0004506497744653e-002 -7.2132211795187459e-003 -9.9992393675216718e-001 1.4144656076263653e+000 0.0000000000000000e+000 0.0000000000000000e+000 0.0000000000000000e+000 1.0000000000000000e+000</transform>
      </camera>
      <camera id="50" sensor_id="0" label="_DSC0644.JPG" enabled="1">
        <transform>9.9913804730280198e-001 4.0244231810174773e-002 -1.0176651608135912e-002 1.5300929105962870e+001 4.0309292749143431e-002 -9.9916757196039285e-001 6.2708899557486009e-003 1.2447323805099199e+001 -9.9158131289527433e-003 -6.6756983741158007e-003 -9.9992855329828922e-001 1.4147212889072116e+000 0.0000000000000000e+000 0.0000000000000000e+000 0.0000000000000000e+000 1.0000000000000000e+000</transform>
      </camera>
      <camera id="51" sensor_id="0" label="_DSC0645.JPG" enabled="1">
        <transform>9.9914750525268148e-001 3.9846413013323138e-002 -1.0794726365880008e-002 1.6202384073976209e+001 3.9918196529474849e-002 -9.9918169176558114e-001 6.5180078479029563e-003 1.2436375553306886e+001 -1.0526173719674889e-002 -6.9433572890047418e-003 -9.9992049156739482e-001 1.4088749024758600e+000 0.0000000000000000e+000 0.0000000000000000e+000 0.0000000000000000e+000 1.0000000000000000e+000</transform>
      </camera>
      <camera id="52" sensor_id="0" label="_DSC0646.JPG" enabled="1">
        <transform>9.9913571223968378e-001 4.0212761416379958e-002 -1.0524369176742413e-002 1.7120818595668180e+001 4.0273159563590358e-002 -9.9917306358989721e-001 5.5912087373711184e-003 1.2458589012551720e+001 -1.0290828249691715e-002 -6.0102259232551166e-003 -9.9992898549761366e-001 1.3990655358520667e+000 0.0000000000000000e+000 0.0000000000000000e+000 0.0000000000000000e+000 1.0000000000000000e+000</transform>
      </camera>
      <camera id="53" sensor_id="0" label="_DSC0647.JPG" enabled="1">
        <transform>9.9925160372221100e-001 3.7147492111362541e-002 -1.0784075687125937e-002 1.8071147300101959e+001 3.7215396545415995e-002 -9.9928824527697069e-001 6.1658017516286927e-003 1.2424959051079657e+001 -1.0547355998393265e-002 -6.5625209416203594e-003 -9.9992284032335910e-001 1.3888656415054887e+000 0.0000000000000000e+000 0.0000000000000000e+000 0.0000000000000000e+000 1.0000000000000000e+000</transform>
      </camera>
      <camera id="54" sensor_id="0" label="_DSC0648.JPG" enabled="1">
        <transform>9.9925092410537131e-001 3.7558719801894076e-002 -9.3237997298974869e-003 1.8953752864089516e+001 3.7606468332129002e-002 -9.9928011913759995e-001 4.9997035840846586e-003 1.2374508801891830e+001 -9.1293052388999214e-003 -5.3465936059270379e-003 -9.9994403329519799e-001 1.4022896889828922e+000 0.0000000000000000e+000 0.0000000000000000e+000 0.0000000000000000e+000 1.0000000000000000e+000</transform>
      </camera>
      <camera id="55" sensor_id="0" label="_DSC0649.JPG" enabled="1">
        <transform>9.9922777491893600e-001 3.8053243362789035e-002 -9.7879773255248794e-003 1.9920941832277112e+001 3.8116926561958892e-002 -9.9925276459290546e-001 6.4040895454085360e-003 1.2237768776471595e+001 -9.5369670243148855e-003 -6.7722317597473415e-003 -9.9993158922846792e-001 1.4079104359979460e+000 0.0000000000000000e+000 0.0000000000000000e+000 0.0000000000000000e+000 1.0000000000000000e+000</transform>
      </camera>
      <camera id="56" sensor_id="0" label="_DSC0650.JPG" enabled="1">
        <transform>9.9918299919566711e-001 3.9469420788433615e-002 -8.6890126583999885e-003 2.0866829126312613e+001 3.9502186798540048e-002 -9.9921288260114949e-001 3.6321456516379656e-003 1.2162763856064554e+001 -8.5388147002683507e-003 -3.9724131868461169e-003 -9.9995565330517910e-001 1.4014975235730538e+000 0.0000000000000000e+000 0.0000000000000000e+000 0.0000000000000000e+000 1.0000000000000000e+000</transform>
      </camera>
      <camera id="57" sensor_id="0" label="_DSC0651.JPG" enabled="1">
        <transform>9.9896795044352182e-001 4.4714868467472337e-002 -7.9758714010226064e-003 2.1874684389559935e+001 4.4754504715123218e-002 -9.9898618286960961e-001 4.8621747511819139e-003 1.2035654176483007e+001 -7.7503738215014941e-003 -5.2141129201107202e-003 -9.9995637141431493e-001 1.4085261290815754e+000 0.0000000000000000e+000 0.0000000000000000e+000 0.0000000000000000e+000 1.0000000000000000e+000</transform>
      </camera>
      <camera id="58" sensor_id="0" label="_DSC0652.JPG" enabled="1">
        <transform>9.9948789461732579e-001 3.0563528380671626e-002 -9.4773016385633676e-003 2.1552414810798687e+001 3.0531674762794524e-002 -9.9952771473189639e-001 -3.4877383806390019e-003 1.0217890356538414e+001 -9.5794232395991167e-003 3.1965943997834022e-003 -9.9994900691717270e-001 1.3373470839482653e+000 0.0000000000000000e+000 0.0000000000000000e+000 0.0000000000000000e+000 1.0000000000000000e+000</transform>
      </camera>
      <camera id="59" sensor_id="0" label="_DSC0653.JPG" enabled="1">
        <transform>9.9884230595142365e-001 4.6707205054262027e-002 -1.1510205804474634e-002 2.0465683374225982e+001 4.6667098551429587e-002 -9.9890353761532180e-001 -3.7288674401993404e-003 1.0369616476679266e+001 -1.1671750272919673e-002 3.1874026439312375e-003 -9.9992680267605194e-001 1.3616096787497551e+000 0.0000000000000000e+000 0.0000000000000000e+000 0.0000000000000000e+000 1.0000000000000000e+000</transform>
      </camera>
      <camera id="60" sensor_id="0" label="_DSC0654.JPG" enabled="1">
        <transform>9.9932105091974033e-001 3.5309158070343918e-002 -1.0521432650940256e-002 1.9217465748635671e+001 3.5282333050276407e-002 -9.9937367111620101e-001 -2.7244181501031332e-003 1.0484969284651692e+001 -1.0611039684883731e-002 2.3513477179493520e-003 -9.9994093675612417e-001 1.3341978647281192e+000 0.0000000000000000e+000 0.0000000000000000e+000 0.0000000000000000e+000 1.0000000000000000e+000</transform>
      </camera>
      <camera id="61" sensor_id="0" label="_DSC0655.JPG" enabled="1">
        <transform>9.9918713403240023e-001 3.9155414995675444e-002 -9.5877349063270348e-003 1.8166895498274521e+001 3.9124458001048149e-002 -9.9922857635940754e-001 -3.3954341218550444e-003 1.0796407875442446e+001 -9.7132883330922730e-003 3.0175591573443870e-003 -9.9994827184534407e-001 1.3558121872759838e+000 0.0000000000000000e+000 0.0000000000000000e+000 0.0000000000000000e+000 1.0000000000000000e+000</transform>
      </camera>
      <camera id="62" sensor_id="0" label="_DSC0656.JPG" enabled="1">
        <transform>9.9920766324042409e-001 3.8558701566657423e-002 -9.8626697757175086e-003 1.7127899429280223e+001 3.8529296619002958e-002 -9.9925249234086144e-001 -3.1543386979645924e-003 1.1021642438948142e+001 -9.9769245590155820e-003 2.7718376702181471e-003 -9.9994638750898723e-001 1.3442587223421396e+000 0.0000000000000000e+000 0.0000000000000000e+000 0.0000000000000000e+000 1.0000000000000000e+000</transform>
      </camera>
      <camera id="63" sensor_id="0" label="_DSC0657.JPG" enabled="1">
        <transform>9.9922575255945145e-001 3.8134574784819936e-002 -9.6772737885409115e-003 1.6212573242999451e+001 3.8101398219545099e-002 -9.9926742978914507e-001 -3.5898769215135786e-003 1.1201307715707500e+001 -9.8070829359728998e-003 3.2183798061984504e-003 -9.9994673015901703e-001 1.3609828264582280e+000 0.0000000000000000e+000 0.0000000000000000e+000 0.0000000000000000e+000 1.0000000000000000e+000</transform>
      </camera>
      <camera id="64" sensor_id="0" label="_DSC0658.JPG" enabled="1">
        <transform>9.9932042179540936e-001 3.5774717596897196e-002 -8.8805497299816738e-003 1.5345103334921133e+001 3.5745313621825578e-002 -9.9935498378455023e-001 -3.4480340860810299e-003 1.1324851675550484e+001 -8.9981740770977529e-003 3.1282528420350313e-003 -9.9995462241915489e-001 1.3638499883117727e+000 0.0000000000000000e+000 0.0000000000000000e+000 0.0000000000000000e+000 1.0000000000000000e+000</transform>
      </camera>
      <camera id="65" sensor_id="0" label="_DSC0659.JPG" enabled="1">
        <transform>9.9930243411932840e-001 3.6320451262656865e-002 -8.6873461576723529e-003 1.4419692616486021e+001 3.6288330277019283e-002 -9.9933403390059294e-001 -3.8269797065625774e-003 1.1413999325373126e+001 -8.8205583095529137e-003 3.5090608494928459e-003 -9.9995494110637917e-001 1.3678795021875783e+000 0.0000000000000000e+000 0.0000000000000000e+000 0.0000000000000000e+000 1.0000000000000000e+000</transform>
      </camera>
      <camera id="66" sensor_id="0" label="_DSC0660.JPG" enabled="1">
        <transform>9.9936903399842025e-001 3.4509637066417916e-002 -8.4035013303664467e-003 1.3442094011862430e+001 3.4477038196135380e-002 -9.9939751062284998e-001 -3.9936947896214671e-003 1.1459138970060161e+001 -8.5362592678279170e-003 3.7014470676402090e-003 -9.9995671484685666e-001 1.3624042768531730e+000 0.0000000000000000e+000 0.0000000000000000e+000 0.0000000000000000e+000 1.0000000000000000e+000</transform>
      </camera>
      <camera id="67" sensor_id="0" label="_DSC0661.JPG" enabled="1">
        <transform>9.9933047795733665e-001 3.5536428323226947e-002 -8.7039122001870122e-003 1.2458976404985371e+001 3.5500707230594557e-002 -9.9936072126768261e-001 -4.2247572078040318e-003 1.1531422015212421e+001 -8.8484807559276405e-003 3.9129336009488674e-003 -9.9995319557414608e-001 1.3421263462567976e+000 0.0000000000000000e+000 0.0000000000000000e+000 0.0000000000000000e+000 1.0000000000000000e+000</transform>
      </camera>
      <camera id="68" sensor_id="0" label="_DSC0662.JPG" enabled="1">
        <transform>9.9934653001247709e-001 3.5033238831992497e-002 -8.8986026410068381e-003 1.1479555880491946e+001 3.5006543382256033e-002 -9.9938215576995182e-001 -3.1382557304862582e-003 1.1624618391954172e+001 -9.0030479532315962e-003 2.8246956551593485e-003 -9.9995548212008289e-001 1.3356274939749213e+000 0.0000000000000000e+000 0.0000000000000000e+000 0.0000000000000000e+000 1.0000000000000000e+000</transform>
      </camera>
      <camera id="69" sensor_id="0" label="_DSC0663.JPG" enabled="1">
        <transform>9.9943769981248143e-001 3.2595610763574569e-002 -7.8619560215492552e-003 1.0546697217560411e+001 3.2566205661317106e-002 -9.9946220497405303e-001 -3.8396715001293752e-003 1.1759367195613539e+001 -7.9828843383848609e-003 3.5814783754268410e-003 -9.9996172255256166e-001 1.3410483287509141e+000 0.0000000000000000e+000 0.0000000000000000e+000 0.0000000000000000e+000 1.0000000000000000e+000</transform>
      </camera>
      <camera id="70" sensor_id="0" label="_DSC0664.JPG" enabled="1">
        <transform>9.9954712555436664e-001 2.8879350136292961e-002 -8.4573596180099117e-003 9.5734546029158789e+000 2.8838836449607663e-002 -9.9957219241326178e-001 -4.8737733203360768e-003 1.1885874391393775e+001 -8.5944929016044634e-003 4.6276657021261831e-003 -9.9995235856610376e-001 1.3358635551333928e+000 0.0000000000000000e+000 0.0000000000000000e+000 0.0000000000000000e+000 1.0000000000000000e+000</transform>
      </camera>
      <camera id="71" sensor_id="0" label="_DSC0665.JPG" enabled="1">
        <transform>9.9954700645880523e-001 2.9361055953982518e-002 -6.6113744794727329e-003 8.6168059988134349e+000 2.9340042755783512e-002 -9.9956419422529319e-001 -3.2532312904510444e-003 1.1961166593672051e+001 -6.7040115102460088e-003 3.0577795877862325e-003 -9.9997285273834458e-001 1.3488289849694226e+000 0.0000000000000000e+000 0.0000000000000000e+000 0.0000000000000000e+000 1.0000000000000000e+000</transform>
      </camera>
      <camera id="72" sensor_id="0" label="_DSC0666.JPG" enabled="1">
        <transform>9.9958138831061571e-001 2.8136508575502650e-002 -6.7368411145713094e-003 7.6583611610250211e+000 2.8100316240641118e-002 -9.9959047892686204e-001 -5.4080186706890040e-003 1.2077130648172458e+001 -6.8862449998728301e-003 5.2164474450746368e-003 -9.9996268345666506e-001 1.3687980578697012e+000 0.0000000000000000e+000 0.0000000000000000e+000 0.0000000000000000e+000 1.0000000000000000e+000</transform>
      </camera>
      <camera id="73" sensor_id="0" label="_DSC0667.JPG" enabled="1">
        <transform>9.9952885190773388e-001 2.9958864324562667e-002 -6.6738783619257952e-003 6.7009163860935717e+000 2.9934074024863148e-002 -9.9954471272774181e-001 -3.7839754610858919e-003 1.2131219050086866e+001 -6.7842034374971582e-003 3.5824162793474000e-003 -9.9997057000559775e-001 1.3740158447383810e+000 0.0000000000000000e+000 0.0000000000000000e+000 0.0000000000000000e+000 1.0000000000000000e+000</transform>
      </camera>
      <camera id="74" sensor_id="0" label="_DSC0668.JPG" enabled="1">
        <transform>9.9951101177714330e-001 3.0737006594512013e-002 -5.7422784536613428e-003 5.7244189362958373e+000 3.0718369738779137e-002 -9.9952261192617531e-001 -3.3060563921434409e-003 1.2244569248758681e+001 -5.8411554355381253e-003 3.1280463368209901e-003 -9.9997804787369837e-001 1.3869593190201925e+000 0.0000000000000000e+000 0.0000000000000000e+000 0.0000000000000000e+000 1.0000000000000000e+000</transform>
      </camera>
      <camera id="75" sensor_id="0" label="_DSC0669.JPG" enabled="1">
        <transform>9.9953374634904546e-001 2.9968916685218047e-002 -5.8441374177526494e-003 4.8389795575492913e+000 2.9955617069804118e-002 -9.9954846696912325e-001 -2.3501458768998697e-003 1.2364481197032504e+001 -5.9119299226544717e-003 2.1739853702149761e-003 -9.9998016123931166e-001 1.3829202898312547e+000 0.0000000000000000e+000 0.0000000000000000e+000 0.0000000000000000e+000 1.0000000000000000e+000</transform>
      </camera>
      <camera id="76" sensor_id="0" label="_DSC0670.JPG" enabled="1">
        <transform>9.9960788848146631e-001 2.7392388436002488e-002 -5.8074384539309170e-003 3.8931401347504644e+000 2.7370172789860793e-002 -9.9961787162055593e-001 -3.8709660606904501e-003 1.2496750370625687e+001 -5.9112542728428103e-003 3.7104976163596284e-003 -9.9997564434358144e-001 1.3610091999032381e+000 0.0000000000000000e+000 0.0000000000000000e+000 0.0000000000000000e+000 1.0000000000000000e+000</transform>
      </camera>
      <camera id="77" sensor_id="0" label="_DSC0671.JPG" enabled="1">
        <transform>9.9967933672747833e-001 2.4783176483733110e-002 -5.1978729769833259e-003 2.9696898094544131e+000 2.4768718748510849e-002 -9.9968920918560078e-001 -2.8276508669273889e-003 1.2560021512786609e+001 -5.2663356962771085e-003 2.6979994892894666e-003 -9.9998249310029919e-001 1.3350366809545255e+000 0.0000000000000000e+000 0.0000000000000000e+000 0.0000000000000000e+000 1.0000000000000000e+000</transform>
      </camera>
      <camera id="78" sensor_id="0" label="_DSC0672.JPG" enabled="1">
        <transform>9.9962329128895100e-001 2.6881220094927317e-002 -5.5385484428357862e-003 2.0331701310329060e+000 2.6857146533179704e-002 -9.9962970345644275e-001 -4.3760310418850396e-003 1.2656541277585104e+001 -5.6541305910702260e-003 4.2256329457613841e-003 -9.9997508710640726e-001 1.3236664015242772e+000 0.0000000000000000e+000 0.0000000000000000e+000 0.0000000000000000e+000 1.0000000000000000e+000</transform>
      </camera>
      <camera id="79" sensor_id="0" label="_DSC0673.JPG" enabled="1">
        <transform>9.9960350416946042e-001 2.7580947975965438e-002 -5.6679591461216688e-003 1.0673523727484937e+000 2.7561123431278273e-002 -9.9961382882301775e-001 -3.5465054620650418e-003 1.2751771995270964e+001 -5.7635863263128164e-003 3.3888839658066461e-003 -9.9997764801925715e-001 1.2993602901838526e+000 0.0000000000000000e+000 0.0000000000000000e+000 0.0000000000000000e+000 1.0000000000000000e+000</transform>
