# Cameras (575)
# PhotoID, X, Y, Z, Omega, Phi, Kappa, r11, r12, r13, r21, r22, r23, r31, r32, r33
_DSC3780.JPG	2693752.5306675490000000	1256228.6092750302000000	568.6633231300674000	-1.0482950637030346	-0.0998186377895197	48.6712520521664660	0.6603775267304011	0.7508282496543006	-0.0125881575497756	-0.7509317459380114	0.6602440661900462	-0.0133897723402556	-0.0017421630029991	0.0182951518685368	0.9998311118814909
_DSC3781.JPG	2693752.5163048916000000	1256228.9958595601000000	573.1661463261226600	-1.7561566835233655	-0.2020401134966525	49.4384945724997280	0.6502599057939966	0.7594218019048775	-0.0209900383118272	-0.7597036398636320	0.6498764238081414	-0.0226056045327264	-0.0035262578937062	0.0306457267802392	0.9995240892221547
_DSC3782.JPG	2693752.8130927365000000	1256228.6611741378000000	578.0200281501413400	-1.7737623701399623	-0.0749493558130837	49.3924353843289620	0.6508738993733131	0.7588479630340613	-0.0226480929359233	-0.7591847311134840	0.6505318435038918	-0.0211391729160581	-0.0013081126581220	0.0309530222511936	0.9995199844199169
_DSC3783.JPG	2693752.6500532217000000	1256228.7401067223000000	577.9840522348849800	-1.8645843476440793	-0.1111491683501328	49.5281940280550260	0.6490725688741486	0.7603636327072897	-0.0234935393520840	-0.7607240216098795	0.6486821009940240	-0.0225941318857471	-0.0019399177318187	0.0325373309623305	0.9994686382338576
_DSC3784.JPG	2693752.8831517324000000	1256228.9377802503000000	582.4079452844731600	-1.8821058948182043	-0.0053178569130699	49.6126211990930980	0.6479521297636959	0.7612721227921696	-0.0249558128337807	-0.7616810545892763	0.6476002547569663	-0.0213513727540115	-0.0000928141121498	0.0328430372867071	0.9994605176230448
_DSC3785.JPG	2693724.9175069500000000	1256255.2438760679000000	580.8227229375605700	-2.5759185920152903	-1.0082224109433686	121.2946815015006800	-0.5193593747215095	0.8532328318898046	-0.0475349815839553	-0.8543747564473569	-0.5195906814133928	0.0083246221467379	-0.0175958925435069	0.0449361588664440	0.9988348843487233
_DSC3786.JPG	2693726.0063163508000000	1256255.1397302428000000	580.7863722115748700	-2.2094450256657110	-1.2131738763881683	136.2004054894135300	-0.7216033368990134	0.6910343752718072	-0.0419537408214336	-0.6919829174485108	-0.7217935027298688	0.0131826164472168	-0.0211722964190735	0.0385438919888658	0.9990325831796950
_DSC3787.JPG	2693727.6341793481000000	1256254.2056796486000000	580.7266630169009400	-1.9643434838030656	-1.2569114314689149	140.5750710519258700	-0.7722714718110333	0.6341126615555602	-0.0387027942369043	-0.6349138590349269	-0.7724809044087635	0.0125556333649622	-0.0219354834046983	0.0342692979026668	0.9991718820048233
_DSC3788.JPG	2693728.8144817930000000	1256253.0095440815000000	580.6907383162763400	-1.6636187416614607	-1.3272887205025690	142.7801449230298700	-0.7961066942077688	0.6040846448829064	-0.0359982395996115	-0.6047128114524710	-0.7963914636891138	0.0091132995319818	-0.0231634864134774	0.0290237554393521	0.9993102994152363
_DSC3789.JPG	2693730.0346278045000000	1256251.7590010769000000	580.6457613232244100	-1.3475496144336219	-1.3826369477003282	144.0948523569279000	-0.8097531255226564	0.5858233161362098	-0.0333304362027218	-0.5862743864471743	-0.8100977191283832	0.0049019648081835	-0.0241292250658661	0.0235101623593962	0.9994323652771886
_DSC3790.JPG	2693731.3467474543000000	1256250.3681841465000000	580.6014269649748500	-1.1093115760898855	-1.4529217845070439	145.1830221334494100	-0.8207161113248291	0.5704468518967755	-0.0318661854150987	-0.5707733005598572	-0.8211064627938557	0.0014199035774795	-0.0253555512631549	0.0193537055681934	0.9994911355789612
_DSC3791.JPG	2693732.5308930855000000	1256249.1419585980000000	580.5770559772609000	-0.8602482219629789	-1.5921154590346682	146.1032685520273400	-0.8297236611634011	0.5572886561804115	-0.0314324640814716	-0.5574824579782403	-0.8301831843151297	-0.0030314232517570	-0.0277840809123129	0.0150078037374679	0.9995012809770860
_DSC3792.JPG	2693733.8361672033000000	1256248.0035375576000000	580.5177477112332600	-0.7312939016756336	-1.5689607369325358	147.1223388305570300	-0.8395167194710937	0.5425093521306572	-0.0299212396011196	-0.5426435362052792	-0.8399528720301491	-0.0041431127107292	-0.0273801085301649	0.0127583548734867	0.9995436729016890
_DSC3793.JPG	2693735.0965512227000000	1256246.8713803468000000	580.4346209289003600	-0.5483266309365907	-1.5493793527151487	148.1104684814260100	-0.8487577993592431	0.5280393165751712	-0.0280121076979433	-0.5280900670082781	-0.8491660397064419	-0.0061577704139019	-0.0270384754386766	0.0095664601657872	0.9995886172250307
_DSC3794.JPG	2693736.5449776594000000	1256245.7884544651000000	580.4007735027831800	-0.2910884124203518	-1.7065591772601520	148.8518353836941200	-0.8554529699045118	0.5171167893858567	-0.0281148077854716	-0.5170235273297776	-0.8558997828391418	-0.0110559451601613	-0.0297806727429982	0.0050781759690820	0.9995435576600958
_DSC3795.JPG	2693738.0235436801000000	1256244.6142042454000000	580.4325155625538200	-0.1069083667478713	-1.7564378065681596	148.8098905469569500	-0.8550517384129787	0.5178295203068540	-0.0271866242059733	-0.5176360224871963	-0.8554817996776295	-0.0142772071484130	-0.0306508215318700	0.0018650252269014	0.9995284132131135
_DSC3796.JPG	2693739.4874646179000000	1256243.4865432922000000	580.5886280941549600	0.1526351466817498	-1.8365776818662540	148.5854092005676800	-0.8529796931611869	0.5212979912698104	-0.0259624219345601	-0.5209592258505947	-0.8533705612355583	-0.0189781510600201	-0.0320488386029336	-0.0026626142357076	0.9994827574448871
_DSC3797.JPG	2693741.0990345981000000	1256242.3524135314000000	580.6503055440808800	0.3210210121927444	-1.9000984339403724	148.3295524120792900	-0.8506140678185575	0.5251826110292054	-0.0252771181449424	-0.5247440594365296	-0.8509711321306323	-0.0221766626520244	-0.0331568954403056	-0.0055997636428443	0.9994344715547414
_DSC3798.JPG	2693742.4821352549000000	1256241.1195135764000000	580.6573189676083800	0.3914601184302434	-1.9032262892071747	148.3389411127305700	-0.8506985009713562	0.5250741611884826	-0.0246816874888904	-0.5246037167098757	-0.8510290815126486	-0.0232474263935298	-0.0332114567472264	-0.0068284457930740	0.9994250204336382
_DSC3799.JPG	2693743.8114803806000000	1256239.9910411213000000	580.6335898211107200	0.5373540259796554	-1.9424138878623307	147.9725292409817700	-0.8473067825577761	0.5305719806958157	-0.0237610928222619	-0.5300210784139414	-0.8475880596417736	-0.0259256164751417	-0.0338950242441652	-0.0093730706394302	0.9993814451340767
_DSC3800.JPG	2693745.1287066098000000	1256238.8544416293000000	580.5341368691703100	0.6579219603975045	-1.9311469166469106	147.9629996822115500	-0.8472242504215714	0.5307598495148239	-0.0224733540133201	-0.5301655224670971	-0.8474445589966164	-0.0276086619418711	-0.0336984908385662	-0.0114761304467842	0.9993661541923317
_DSC3801.JPG	2693746.4385544192000000	1256237.7428567922000000	580.3765278300475100	0.8635080238972541	-2.0439310035784826	147.9350189912132400	-0.8469073849949320	0.5312759348985865	-0.0222207614333755	-0.5305429622645339	-0.8470649622712149	-0.0317035468684280	-0.0356657599473253	-0.0150608993787679	0.9992502803989011
_DSC3802.JPG	2693747.7881261948000000	1256236.6754449769000000	580.3214556370278400	0.9384334098869376	-2.1551927735086118	147.8731405618589500	-0.8462736651255420	0.5322459142524850	-0.0231337518902220	-0.5314194641618828	-0.8464315840985978	-0.0338663040533737	-0.0376063402218253	-0.0163664352219488	0.9991585975075460
_DSC3803.JPG	2693749.0946265757000000	1256235.4973398130000000	580.3845054576914900	0.9912413733820906	-2.2526308422883474	147.7988772003726900	-0.8455288209205000	0.5333884917747617	-0.0240360112130627	-0.5324810561533468	-0.8456937414546945	-0.0355811818546978	-0.0393056971774629	-0.0172861941041149	0.9990776995122995
_DSC3804.JPG	2693750.4070962910000000	1256234.3303500742000000	580.4477806073778100	1.1361713896476107	-2.3239697196919913	147.4417413218240300	-0.8421514564459522	0.5387287773240607	-0.0234995508230353	-0.5377142716370340	-0.8422462682175272	-0.0385303224941504	-0.0405498025126652	-0.0198123233511751	0.9989810735742755
_DSC3805.JPG	2693751.8112534974000000	1256233.2620742982000000	580.4997880877477900	1.1894328521316087	-2.3843306498429513	147.2243880823462200	-0.8400691823759064	0.5419598256724686	-0.0237342827855292	-0.5408816952708947	-0.8401484377115236	-0.0399699178354161	-0.0416024103046910	-0.0207400570865542	0.9989189604211580
_DSC3806.JPG	2693753.3101491760000000	1256232.1870570679000000	580.4542455058262900	1.2557944380977770	-2.4473738717606954	147.1763974478642800	-0.8395768726808248	0.5427106725794775	-0.0239958481370680	-0.5415600021336251	-0.8396342602239171	-0.0415580695805672	-0.0427017440921871	-0.0218960025247958	0.9988478993945575
_DSC3807.JPG	2693754.7225932144000000	1256231.0989734887000000	580.4531375891612000	1.2919129690914253	-2.4841981342000983	147.0037225868780100	-0.8379177476683041	0.5452657289460994	-0.0240651818891055	-0.5440727511058831	-0.8379605644673615	-0.0425080451399150	-0.0433438536190942	-0.0225250357251510	0.9988062540448108
_DSC3808.JPG	2693756.1421755217000000	1256229.9117624902000000	580.5088016877484700	1.3056316280675799	-2.4722791910352964	146.9228632706431500	-0.8371566219051119	0.5464495308298667	-0.0237002248141323	-0.5452596389678753	-0.8371825922729450	-0.0426290195497689	-0.0431360233800555	-0.0227643899758002	0.9988098247594409
_DSC3809.JPG	2693757.5207982566000000	1256228.7437878209000000	580.4278306279991300	1.3979813385549149	-2.5413628740042049	146.7857947940321700	-0.8358056837895372	0.5485126642314923	-0.0237216382818454	-0.5472319156454197	-0.8357869441052267	-0.0446924441297556	-0.0443406071693827	-0.0243729612668740	0.9987191143234088
_DSC3810.JPG	2693758.6353493351000000	1256227.8745361741000000	580.4029423358932700	1.2484631371766342	-2.5097754768359239	146.1387521485538300	-0.8295927890201572	0.5578436028466642	-0.0242140283474345	-0.5566491304593897	-0.8296605963591098	-0.0424857671209025	-0.0437898385994177	-0.0217671682149719	0.9988036045306096
_DSC3811.JPG	2693759.9740119781000000	1256230.7998477989000000	580.3456157219629900	1.5191537089626057	-2.5361039867418196	146.7481146474030100	-0.8354490199668954	0.5491090395715229	-0.0224543469554191	-0.5477836879567362	-0.8353309517266755	-0.0464244794900688	-0.0442489123580709	-0.0264851609065516	0.9986693997549350
_DSC3812.JPG	2693757.5821866952000000	1256232.6862873929000000	580.2963051589360900	1.5276665027412795	-2.3046210479047606	146.4398311124485300	-0.8326317333185833	0.5535092387570573	-0.0187595117600357	-0.5523652425446045	-0.8324169237156772	-0.0444376410306452	-0.0402123799287290	-0.0266380878125847	0.9988360109538287
_DSC3813.JPG	2693756.5573469773000000	1256233.5429342100000000	580.2630172671724700	1.5861822054982533	-2.3076585791580744	146.3491306739347800	-0.8317545086895052	0.5548462966774217	-0.0181665719944738	-0.5536814415437948	-0.8314930039358613	-0.0453458454073001	-0.0402653519128496	-0.0276581175980497	0.9988061523470244
_DSC3814.JPG	2693755.1235533878000000	1256234.6817743564000000	580.2953414420711600	1.5570067288249130	-2.2420058612511071	146.2923919174846500	-0.8312436381943773	0.5556342541523044	-0.0174524947783489	-0.5545300788514723	-0.8309834008006291	-0.0443055215836660	-0.0391203989033369	-0.0271507496477132	0.9988655721283077
_DSC3815.JPG	2693753.5462560281000000	1256235.8801614381000000	580.2954757885104300	1.5481625009622180	-2.2293274454266538	146.2231489273671300	-0.8305800467460791	0.5566304488353747	-0.0173011380148983	-0.5555390457922741	-0.8303214536516901	-0.0440755284251226	-0.0388992872362914	-0.0269967967557793	0.9988783801932224
_DSC3816.JPG	2693752.0855849329000000	1256237.0060147259000000	580.2550212992259700	1.5692371834366157	-2.2608198559463775	146.1528445497711700	-0.8298798687016694	0.5576676671925384	-0.0174978996377286	-0.5565457918787576	-0.8296131661954816	-0.0447076729114284	-0.0394485115783503	-0.0273636153155986	0.9988468588783331
_DSC3817.JPG	2693750.0226844009000000	1256238.6508412838000000	580.2361828664680800	1.6704936536045343	-2.2294164183393446	146.0450490458866300	-0.8288491328902690	0.5592441606041572	-0.0159713411209347	-0.5581181233730889	-0.8284910656180913	-0.0458989602660156	-0.0389008389312049	-0.0291294184828844	0.9988184027686404
_DSC3818.JPG	2693749.1695805900000000	1256239.3584272456000000	580.2136394218305200	1.6048403113255063	-2.2045764371195631	145.8985440910182400	-0.8274332075271282	0.5613321951924523	-0.0161385786794015	-0.5602450615455388	-0.8271172749223075	-0.0447491289181304	-0.0384676239869901	-0.0279853562692747	0.9988678900331502
_DSC3819.JPG	2693747.9827371761000000	1256240.3399578733000000	580.2065764937339100	1.6992546703116458	-2.2160077819287172	145.7851482586444000	-0.8263164265281278	0.5629986400981476	-0.0152870696152727	-0.5618772349208056	-0.8259264684100038	-0.0462540988186932	-0.0386669901535699	-0.0296310652426701	0.9988127271140715
_DSC3820.JPG	2693746.5657548346000000	1256241.4953781818000000	580.2218642594223200	1.6842881295470389	-2.1627055335575189	145.9765234579427300	-0.8282180105935136	0.5602101064804200	-0.0148176761241064	-0.5591339891907325	-0.8278296739064366	-0.0454666155725336	-0.0377373695450638	-0.0293712035360961	0.9988559572544284
_DSC3821.JPG	2693744.4886049610000000	1256243.1523569564000000	580.2241075162443200	1.7447171120062865	-2.1839380270453481	145.7293271102308000	-0.8257863743081032	0.5638008863061922	-0.0143326413277292	-0.5626941164964343	-0.8253501840968860	-0.0466090642636560	-0.0381076799001877	-0.0304242372392110	0.9988103776598628
_DSC3822.JPG	2693743.8125478271000000	1256243.7589655030000000	580.2299426156954500	1.7197252087023360	-2.1426042087205999	145.7739286823834300	-0.8262466655737523	0.5631340174035850	-0.0140187756653486	-0.5620664338829646	-0.8258212370489982	-0.0458323940128483	-0.0373867828295500	-0.0299893794827504	0.9988507724319465
_DSC3823.JPG	2693742.5282382462000000	1256244.7374048291000000	580.2491422462544500	1.6402856040372908	-2.0684519117831641	145.7777427814975500	-0.8263233962898527	0.5630284490528945	-0.0137335465592621	-0.5620381724159190	-0.8259422936582744	-0.0439593027001397	-0.0360934549659262	-0.0286058228967565	0.9989389217589947
_DSC3824.JPG	2693741.1148971617000000	1256245.7785720942000000	580.2755817245777100	1.6157461477129553	-2.0187431615924831	145.6855846531832400	-0.8254438636513303	0.5643301219040013	-0.0131886872803643	-0.5633839959668746	-0.8250681582563855	-0.0431393940594078	-0.0352264254326401	-0.0281788527664056	0.9989820074495875
_DSC3825.JPG	2693739.6814661529000000	1256246.8587048522000000	580.2838923431133900	1.6433171549562255	-2.0216224945310688	145.6063421281890000	-0.8246624283477443	0.5654781272630540	-0.0128983277470821	-0.5645240804206421	-0.8242651999587436	-0.0435825970107418	-0.0352766480384769	-0.0286595136741938	0.9989665611916789
_DSC3826.JPG	2693737.5466262158000000	1256248.5390865176000000	580.2258477363204700	1.6600196735011392	-1.9430481613855184	145.5192990389325300	-0.8238429624564464	0.5667006769072187	-0.0115375909047942	-0.5658031021518364	-0.8234149128696195	-0.0430665863434193	-0.0339060880424955	-0.0289520993507575	0.9990055821349743
_DSC3827.JPG	2693736.7040364072000000	1256249.2338546736000000	580.1892912217159600	1.6508565259245644	-1.9531977772739397	145.4767653048559200	-0.8234177479999495	0.5673141406789225	-0.0117421490549018	-0.5664111161840835	-0.8229979814410141	-0.0430438149693636	-0.0340831298708509	-0.0287921574348129	0.9990041801356269
_DSC3828.JPG	2693735.4462503549000000	1256250.3146780019000000	580.1642642677494500	1.7050774319181121	-1.9655271112886936	145.3990332821501600	-0.8226424958976932	0.5684462323955785	-0.0113227566646057	-0.5675235307905878	-0.8221828098946734	-0.0439598579693383	-0.0342981915295745	-0.0297373164386248	0.9989691316896783
_DSC3829.JPG	2693734.0460488033000000	1256251.4855865508000000	580.1998445082316500	1.7159728327741253	-1.9121338244746198	145.3950250519558300	-0.8226287421491599	0.5684829352224831	-0.0104453315371510	-0.5675989841593229	-0.8221505055240526	-0.0435882948490729	-0.0333668364007793	-0.0299282245944252	0.9989949727607388
_DSC3830.JPG	2693732.6175151672000000	1256252.5725552421000000	580.2053147972814000	1.7330256906645733	-1.9065934955513610	145.2416889827404400	-0.8211094256456736	0.5706817994593356	-0.0100794286388916	-0.5698003206092860	-0.8206148267259055	-0.0438052598573190	-0.0332701931071589	-0.0302256500917038	0.9989892413470463
_DSC3831.JPG	2693731.1911821421000000	1256253.7442431822000000	580.1766168130985800	1.7039029465805147	-1.9292133739110022	145.2912709645066800	-0.8215913439996216	0.5699758798366217	-0.0107312566535434	-0.5690820214845274	-0.8211238443907855	-0.0436037268588461	-0.0336647632990285	-0.0297174793238838	0.9989912687980086
_DSC3832.JPG	2693729.7672809288000000	1256254.8823242711000000	580.1877132790712000	1.6849209672407648	-1.8700381135556747	145.1332771252630200	-0.8200470615678486	0.5722095200625316	-0.0099539923520473	-0.5713649752501467	-0.8195807701432972	-0.0427717929098042	-0.0326325278110247	-0.0293875204998057	0.9990352805419519
_DSC3833.JPG	2693727.6559993085000000	1256256.5665204700000000	580.2037948455249500	1.6820241029725280	-1.8004845662168474	145.1328620842653800	-0.8200748208310926	0.5721857323780800	-0.0089875414776121	-0.5713931407926194	-0.8195991462805674	-0.0420371035076280	-0.0314192121797776	-0.0293381505743793	0.9990756257795893
_DSC3834.JPG	2693726.8444417566000000	1256257.2462470240000000	580.2330424706802900	1.7339680840793665	-1.7836802471011957	144.9913124130007400	-0.8186682008639884	0.5742093628229356	-0.0081230868885518	-0.5734226582336991	-0.8181496793028054	-0.0426328192935326	-0.0311260649347023	-0.0302441713920991	0.9990577852048829
_DSC3835.JPG	2693725.7337665111000000	1256258.1915484483000000	580.2982750719361300	1.6482860971965820	-1.6499726276468629	145.3849186144546200	-0.8226456470722479	0.5685069560318471	-0.0073471284517574	-0.5678248631051434	-0.8221758669697382	-0.0400221015463225	-0.0287934748286592	-0.0287521254164305	0.9991717825736119
_DSC3836.JPG	2693728.1017586589000000	1256260.4403279212000000	580.3836222260480300	1.8455659660278703	-1.9851574453157672	144.2421443303003900	-0.8110068386160894	0.5849631246716193	-0.0092763404611890	-0.5840102194469167	-0.8104209922044088	-0.0463667874236073	-0.0346406018928810	-0.0321863040568009	0.9988814096436384
_DSC3837.JPG	2693729.8128983285000000	1256259.0324962512000000	580.4649438110004700	1.6466562690606659	-2.1116443065461157	144.9742465511236300	-0.8183380592549124	0.5745746186115582	-0.0136685193889388	-0.5735548220419914	-0.8179482826135253	-0.0446707183954447	-0.0368468029452193	-0.0287161037915504	0.9989082532924378
_DSC3838.JPG	2693731.4279523995000000	1256257.6444520098000000	580.4186829981276800	1.6803490533187890	-2.0951381506805591	144.9163803621859200	-0.8177670296685625	0.5754014203660599	-0.0130495451176387	-0.5743870918342254	-0.8173460049195057	-0.0449997441808785	-0.0365589102857058	-0.0293038168647621	0.9989017631358342
_DSC3839.JPG	2693732.9277024753000000	1256256.3745660267000000	580.2815350104274300	1.6558161548941939	-2.1169383114448013	144.9932671733446100	-0.8185256264571592	0.5743074162168999	-0.0136671325150445	-0.5732811691719462	-0.8181302986663022	-0.0448499217059913	-0.0369391378589436	-0.0288757005534982	0.9989002422723615
_DSC3840.JPG	2693734.4101298265000000	1256255.1255893961000000	580.1957316543370100	1.7073521714533340	-2.2008160149681681	144.8542049817604300	-0.8170867165617231	0.5763390034773207	-0.0142355431632111	-0.5752343703968446	-0.8166682004035741	-0.0464593323642710	-0.0384020407339127	-0.0297725296264250	0.9988187421885487
_DSC3841.JPG	2693735.7789570466000000	1256253.8549095939000000	580.2540970648199200	1.7688764695260439	-2.1855981905726436	144.8665100577567800	-0.8172185499706389	0.5761718639164498	-0.0134098775136402	-0.5750647256779353	-0.8167463174391412	-0.0471806552578743	-0.0381366341573047	-0.0308453591427484	0.9987963560979318
_DSC3842.JPG	2693737.1039858144000000	1256252.5837911228000000	580.2594974365749700	1.8080458822226533	-2.2770991095831681	144.8605674938297900	-0.8171080549932526	0.5763067738288836	-0.0143153380710243	-0.5751136945265816	-0.8166251288061458	-0.0486583741028368	-0.0397324153951187	-0.0315262024558792	0.9987128885348287
_DSC3843.JPG	2693738.4362849332000000	1256251.4387041251000000	580.3181042178238200	1.8053390206084952	-2.2390381292957056	144.7632325853755900	-0.8161512425681381	0.5776754832784042	-0.0137180637681361	-0.5765160799854884	-0.8156592765559353	-0.0482613104506508	-0.0390686418070951	-0.0314798441436684	0.9987405371967432
_DSC3844.JPG	2693739.7515260801000000	1256250.2751742983000000	580.2708613315395500	1.8436145168674563	-2.2834882833216019	144.9059832596569200	-0.8175600345115991	0.5756710240003951	-0.0140876575671596	-0.5744632785882035	-0.8170492665429375	-0.0492182648550309	-0.0398438392111743	-0.0321460443598217	0.9986886903880162
_DSC3845.JPG	2693741.0718688462000000	1256249.2259506139000000	580.3120580230840900	1.8907586604904585	-2.3092283222973609	144.7991302019455600	-0.8164725662372555	0.5772171909290256	-0.0138875151829119	-0.5759766008647409	-0.8159249226926040	-0.0501744535133883	-0.0402927268654069	-0.0329671810301169	0.9986439110797589
_DSC3846.JPG	2693742.4644966610000000	1256248.1834468241000000	580.3366432892912600	1.9431018597837508	-2.4016969539960669	144.6853656657855300	-0.8152731943880158	0.5788930939259968	-0.0145740974728351	-0.5775582818555682	-0.8146994036979383	-0.0518778630464669	-0.0419052451657930	-0.0338772404279108	0.9985470860247826
_DSC3847.JPG	2693743.8227471337000000	1256247.1595889411000000	580.3649817961523900	1.9014413315305445	-2.4028313497798020	144.6900200781296300	-0.8153194323321784	0.5788166925729484	-0.0150153141974242	-0.5774915717108924	-0.8147835527600624	-0.0512956796872222	-0.0419250267074254	-0.0331511470480759	0.9985706252363819
_DSC3848.JPG	2693745.2063078173000000	1256246.0588461559000000	580.4905051839226600	1.8738826393225247	-2.4026440164764353	144.6525535539838400	-0.8149417399038803	0.5793420070981533	-0.0152577643814509	-0.5780246764637498	-0.8144295271403556	-0.0509118721018398	-0.0419217599990085	-0.0326708453122887	0.9985865920916256
_DSC3849.JPG	2693746.6466742475000000	1256244.9312704608000000	580.5605640689417400	1.9650375391505142	-2.4810892245098497	144.6404253424138100	-0.8147717946080221	0.5795761662449862	-0.0154398909318510	-0.5781634106786379	-0.8141976975507178	-0.0530016967233574	-0.0432896438385505	-0.0342575075548948	0.9984750522233685
_DSC3850.JPG	2693748.0986921564000000	1256243.8375709592000000	580.5845613408880600	1.8839746539750966	-2.4392099616917524	144.4817146059204200	-0.8131926806665321	0.5817875280485264	-0.0155221234876162	-0.5804363554514352	-0.8126773175405573	-0.0514705238494759	-0.0425593865161988	-0.0328458484784469	0.9985538787952787
_DSC3851.JPG	2693749.4013909269000000	1256242.6814373587000000	580.6063603130677400	1.9328118266205794	-2.4744226397419071	144.6630871665747100	-0.8150045114800743	0.5792421008052198	-0.0156918743903174	-0.5778440134725957	-0.8144588157350150	-0.0524703112759935	-0.0431733987660110	-0.0336960847320894	0.9984991895403417
_DSC3852.JPG	2693750.7997703217000000	1256241.5600569330000000	580.5620119449756700	1.9105856488410489	-2.4900986768000295	144.5336804594918200	-0.8136876799463675	0.5810814739784463	-0.0160212391073265	-0.5796764099419874	-0.8131634979893184	-0.0523486895207980	-0.0434467405022225	-0.0333083493558536	0.9985003428156253
_DSC3853.JPG	2693752.0923716519000000	1256240.4868100216000000	580.5215643255514800	1.9236514272881922	-2.5171840925348716	144.5863389127335100	-0.8142032658901457	0.5803504495414080	-0.0163216889722303	-0.5789163683896781	-0.8136760631463074	-0.0527930172772233	-0.0439190189363069	-0.0335353541775206	0.9984720826321889
_DSC3854.JPG	2693753.5120478775000000	1256239.4642045447000000	580.4556212696668400	1.7997945713730272	-2.5050573237194187	144.4370694276798000	-0.8126998296059919	0.5824265537746344	-0.0172712598438852	-0.5810409927632386	-0.8122775284225797	-0.0509566634348787	-0.0437075701349658	-0.0313771617248529	0.9985515119586921
_DSC3855.JPG	2693754.9093232621000000	1256238.3479599485000000	580.4372188649043700	1.7507849930994315	-2.4840564473397153	144.5473744444267900	-0.8138299300879029	0.5808375069052582	-0.0175680239413159	-0.5794845721925951	-0.8134470521345008	-0.0500152373227985	-0.0433413830407411	-0.0305234982558402	0.9985939317712388
_DSC3856.JPG	2693756.3399415612000000	1256237.2247022940000000	580.5281303202248200	1.8096220299172716	-2.4633106298745266	144.5525808811971200	-0.8138953152395521	0.5807720199975435	-0.0166816251931137	-0.5794196808708155	-0.8134546663172798	-0.0506393055462390	-0.0429796376284565	-0.0315494316052676	0.9985776805610623
_DSC3857.JPG	2693757.8661264069000000	1256236.2357787651000000	580.5654820610183200	1.7815977789946034	-2.5025298716970763	144.3656883130796000	-0.8119768838464873	0.5834314575948306	-0.0173572574941847	-0.5820541545908452	-0.8115682382505409	-0.0506947313480388	-0.0436634998881813	-0.0310600861506221	0.9985633529355215
_DSC3858.JPG	2693759.3244236019000000	1256235.2063862290000000	580.5928650945360200	1.7780776559367755	-2.4644899684932815	144.3149772638478800	-0.8114847716079130	0.5841317461727166	-0.0168097757768010	-0.5827893685384730	-0.8110666594665619	-0.0502735101249218	-0.0430002019411743	-0.0309996292714149	0.9985940144112890
_DSC3859.JPG	2693760.8400810901000000	1256234.0843812947000000	580.4835091414898900	1.7836516050064213	-2.5827236056602287	144.2627630623102800	-0.8108795809404166	0.5849243494596775	-0.0183796252156339	-0.5834755713933123	-0.8104916235262324	-0.0515711719961800	-0.0450617665115617	-0.0310939480121815	0.9985001770635164
_DSC3860.JPG	2693762.0829419866000000	1256232.9787700800000000	580.4681525906216800	1.5834824968885237	-2.5226788233349358	144.1615618387753300	-0.8098855651100606	0.5862640789684811	-0.0194884873090856	-0.5849342410907045	-0.8096494924702489	-0.0481625678542031	-0.0440148273426156	-0.0276066849496069	0.9986493708605102
_DSC3861.JPG	2693763.5920850132000000	1256235.6530739369000000	580.3253716857721000	1.7294048506867417	-2.5477800543917075	144.4967012262860400	-0.8132773625222847	0.5815774227315488	-0.0186449182815615	-0.5801757553194203	-0.8129321714866573	-0.0503723882849334	-0.0444524976614057	-0.0301493935414452	0.9985564528461802
_DSC3862.JPG	2693761.9077004883000000	1256236.8681403839000000	580.3179818549592700	1.7094885144926371	-2.2726616305768088	144.2430232584511900	-0.8108645298019207	0.5850484019623454	-0.0147336916764350	-0.5838888533601259	-0.8104503883072066	-0.0473706134063651	-0.0396550278137355	-0.0298083118274655	0.9987687136244751
_DSC3863.JPG	2693760.2628232278000000	1256238.2748754087000000	580.2096855960841100	1.6928351947577476	-2.2880886008293539	144.3248066948473000	-0.8116884378484581	0.5838931068669423	-0.0151894574096475	-0.5827245908799118	-0.8112937478709713	-0.0472705600697979	-0.0399240660124943	-0.0295176967045511	0.9987666266622489
_DSC3864.JPG	2693758.5980466902000000	1256239.5401642181000000	580.2200877114885300	1.7244164817908565	-2.2613127251589109	144.2872901370241200	-0.8113217636400922	0.5844210637418834	-0.0144573890705100	-0.5832667764800917	-0.8108932663722184	-0.0474550103436617	-0.0394571070715248	-0.0300687679661035	0.9987687449527778
_DSC3865.JPG	2693756.9813817739000000	1256240.7167754960000000	580.2394388946901200	1.7216494704072407	-2.2200593969845683	144.3350356577258800	-0.8118303982258598	0.5837268682220560	-0.0139408691304684	-0.5826068991148660	-0.8113948854150559	-0.0469844764368922	-0.0387376511962629	-0.0300213796811272	0.9987983335698144
_DSC3866.JPG	2693755.5208612066000000	1256241.8496602965000000	580.1871088201751300	1.6917593926159038	-2.1877782980970868	144.4710783803056400	-0.8132290792692720	0.5817777173318882	-0.0138979223968718	-0.5806902446499859	-0.8128126357678228	-0.0462002045937479	-0.0381746565039151	-0.0295009618870596	0.9988355164132614
_DSC3867.JPG	2693754.1667045373000000	1256242.9904465692000000	580.1103050426248700	1.7737876571147104	-2.2477421267337467	144.1576194724875700	-0.8100072022680528	0.5862609720397981	-0.0136530193302888	-0.5851069042962910	-0.8095316102211063	-0.0480466710359197	-0.0392204387876235	-0.0309296737094560	0.9987517772026906
_DSC3868.JPG	2693752.7463934347000000	1256244.1390567669000000	580.1006554153453900	1.7612200443426780	-2.2311719178492644	144.2814215436374600	-0.8112787575006604	0.5845001637787703	-0.0136505007518278	-0.5833619112028774	-0.8108121830756301	-0.0476705814298160	-0.0389314549678219	-0.0307109478642524	0.9987698330923736
_DSC3869.JPG	2693751.3911920190000000	1256245.2110236576000000	580.1401645463156500	1.6781769025396651	-2.1916705407078751	144.3078789742341700	-0.8115696555954945	0.5840888775684356	-0.0139598430311815	-0.5830027463922188	-0.8111620032023941	-0.0460868990040466	-0.0382425393474478	-0.0292641019257954	0.9988398873306650
_DSC3870.JPG	2693750.0447065122000000	1256246.2603546353000000	580.1794163622811300	1.7948581056116422	-2.2196744022900377	144.3347265929846500	-0.8118274669722333	0.5837484100437119	-0.0131893002424620	-0.5826114300311733	-0.8113311633072328	-0.0480173410713672	-0.0387309368138624	-0.0312975592973383	0.9987594191373368
_DSC3871.JPG	2693748.6650467180000000	1256247.3736484174000000	580.2336403975560900	1.7489309502715644	-2.1872678388313020	144.4701729275519100	-0.8132201791932712	0.5818039185483757	-0.0133094145107746	-0.5807032937650876	-0.8127570947621922	-0.0470062711146025	-0.0381657538015862	-0.0304976273745329	0.9988059220695887
_DSC3872.JPG	2693747.2265382260000000	1256248.4233015140000000	580.2411839602859800	1.6846761596340851	-2.1731900588468545	144.4236694255135900	-0.8127561923606131	0.5824422721060606	-0.0137248476642735	-0.5813685819545141	-0.8123410285133749	-0.0459633039503247	-0.0379202280541141	-0.0293777646828590	0.9988488390375006
_DSC3873.JPG	2693745.8181963805000000	1256249.5878918520000000	580.2488763179827600	1.7386255307964220	-2.1401427911444757	144.1718852859561700	-0.8102111489769320	0.5860047336208163	-0.0125038493063501	-0.5849472888367338	-0.8097402146651281	-0.0464484018737675	-0.0373438529886142	-0.0303189202985147	0.9988424298736499
_DSC3874.JPG	2693744.4129645303000000	1256250.7478918259000000	580.1864857598200200	1.7692846739768042	-2.1400186226964317	144.2243167027323800	-0.8107461610839597	0.5852700699494872	-0.0122314148382080	-0.5842056664166599	-0.8102512035202265	-0.0468692492012707	-0.0373416873519210	-0.0308534020060437	0.9988261440162471
_DSC3875.JPG	2693743.0407391693000000	1256251.8657294766000000	580.1576698352155300	1.7854814224980080	-2.1088734841040297	144.2021959154148800	-0.8105368942025950	0.5855725499922376	-0.0116074041886939	-0.5845304229187706	-0.8100217986733809	-0.0467853647666020	-0.0367984757675511	-0.0311363833726507	0.9988375232297073
_DSC3876.JPG	2693741.6168109663000000	1256252.8635679749000000	580.1921110161091500	1.8154720819749033	-2.1250957735547691	144.0644345755906700	-0.8091206458380197	0.5875316570164375	-0.0114163252487516	-0.5864714393289315	-0.8085816394382550	-0.0474023545279746	-0.0370814148882977	-0.0316588750094349	0.9988106348567875
_DSC3877.JPG	2693740.2544285003000000	1256253.9229014034000000	580.3108520024120500	1.8274238311565136	-2.0964981326022580	144.1407754097874400	-0.8099162405412795	0.5864432733470406	-0.0109531024595176	-0.5854036167022326	-0.8093631631364546	-0.0472638943560300	-0.0365826305700719	-0.0318678098362643	0.9988223835281292
_DSC3878.JPG	2693738.9551471248000000	1256255.0600438013000000	580.3200738588212700	1.7929182754767905	-2.0172738618636918	144.0795184311381000	-0.8093300923397564	0.5872665728138395	-0.0101377556100456	-0.5862983076118106	-0.8087894010390011	-0.0459782476667032	-0.0352007972189395	-0.0312678304725612	0.9988909983840530
_DSC3879.JPG	2693737.5840496514000000	1256256.2277123239000000	580.3776447663292400	1.8495237039942685	-2.0084726473581083	144.0176571462104400	-0.8087009703185559	0.5881451368293819	-0.0093828902676232	-0.5871749557347131	-0.8081119495592944	-0.0466974125344616	-0.0350472818313291	-0.0322548446504296	0.9988650124180005
_DSC3880.JPG	2693736.2172062919000000	1256257.3432844672000000	580.3856098392615200	1.8196009880719690	-1.9539750062967802	144.1167342600685400	-0.8097417592033867	0.5867173755390672	-0.0090002579270799	-0.5857949294119464	-0.8091697350131772	-0.0457016478254069	-0.0340966871918391	-0.0317342272515555	0.9989145883123786
_DSC3881.JPG	2693734.7912127003000000	1256258.4388237661000000	580.3933134892967000	1.8747886509043881	-1.9458278771719895	143.9229718449011600	-0.8077600063980100	0.5894549482612009	-0.0081630897503207	-0.5885328018726482	-0.8071392697612798	-0.0464256430128661	-0.0339545753002118	-0.0326965316144104	0.9988883939843182
_DSC3882.JPG	2693733.3281650059000000	1256259.5896185501000000	580.4187681319472200	1.9315468923289485	-1.9522290056226714	143.9746398043108400	-0.8082873296449801	0.5887377326581922	-0.0077119958427482	-0.5878019093293502	-0.8076219053445649	-0.0472839655315088	-0.0340662314346385	-0.0336859043533811	0.9988517165844670
_DSC3883.JPG	2693731.9033148549000000	1256260.6916064373000000	580.5015385568942700	1.9414675835115480	-1.9283599417800279	143.9771749134777100	-0.8083247446628270	0.5886919166266470	-0.0072756074812094	-0.5877744405592880	-0.8076480501812364	-0.0471787458890447	-0.0336498765375462	-0.0338593316072776	0.9988599658971805
_DSC3884.JPG	2693730.5128259119000000	1256261.8545526478000000	580.5670825557274400	1.8920125716460405	-1.8604299738717180	144.0202000085184900	-0.8087976097743793	0.5880470756243346	-0.0068602677002484	-0.5871903057769458	-0.8081532896189371	-0.0457799659203394	-0.0324649229912598	-0.0329984443233025	0.9989279911221898
_DSC3885.JPG	2693729.1194096506000000	1256262.9780810168000000	580.6163310966343300	1.8409860167152752	-1.7424558123384111	144.2349378176074000	-0.8110451654652044	0.5849539479150696	-0.0058837398050415	-0.5841927419940037	-0.8104306077269563	-0.0438300155241100	-0.0304069034439142	-0.0321108841032077	0.9990216771146977
_DSC3886.JPG	2693729.0961196255000000	1256267.2149446406000000	580.6937908273657700	2.0857509045401597	-2.0378432319145672	143.0127996905725900	-0.7982647582173400	0.6022717626447151	-0.0064884288575903	-0.6012560954911002	-0.7974620929357329	-0.0504511443414123	-0.0355595756865841	-0.0363721631386990	0.9987054532371406
_DSC3887.JPG	2693730.6888129469000000	1256265.9433980777000000	580.7850764498862200	1.8325515462551716	-2.1201699964714216	143.8488733753057400	-0.8069110420896083	0.5905706854840368	-0.0109925247681223	-0.5895132762904949	-0.8063529214257819	-0.0476346846882999	-0.0369955028498061	-0.0319567137706858	0.9988043358004954
_DSC3888.JPG	2693732.2955458909000000	1256264.5298505914000000	580.7950961836630800	1.8937103267894511	-2.2113576479932151	143.6723449948181900	-0.8050424686324893	0.5931058327770373	-0.0114932512355836	-0.5919609385311894	-0.8044470736783266	-0.0494687063066213	-0.0385858905739065	-0.0330208536569471	0.9987095434971998
_DSC3889.JPG	2693733.7469432615000000	1256263.0680752790000000	580.7554768258432900	1.8714170647910906	-2.2045223802419804	143.9202521830830500	-0.8075999341687629	0.5896118668247870	-0.0118403053170025	-0.5884748599277039	-0.8070272437477331	-0.0490343459424765	-0.0384666812147883	-0.0326324125422281	0.9987269096644958
_DSC3890.JPG	2693735.1583946086000000	1256261.7694087026000000	580.6922647010247800	1.8067053703692031	-2.2294760564418796	143.9916654478083400	-0.8083191509206839	0.5886028150257692	-0.0129180648165694	-0.5874579083332043	-0.8078082894706337	-0.0483629341469841	-0.0389018790245646	-0.0315038665288684	0.9987462892056667
_DSC3891.JPG	2693736.5661249552000000	1256260.6657686352000000	580.7151332634443900	1.8407463424663508	-2.2790620651718219	144.0615876301554900	-0.8090079046113341	0.5876466466235594	-0.0133277525661433	-0.5864510413963454	-0.8084808321102514	-0.0493347763292573	-0.0397666483566466	-0.0320961496507137	0.9986933717893988
_DSC3892.JPG	2693738.0152829085000000	1256259.6251322499000000	580.7580766067382000	1.7403501709338314	-2.3158268821189556	144.0520333743003800	-0.8088892769767930	0.5877729773082309	-0.0148682459684744	-0.5865708374254119	-0.8084566073188257	-0.0482966537617815	-0.0404077996680418	-0.0303453658529908	0.9987223680769525
_DSC3893.JPG	2693739.4112778958000000	1256258.6058129000000000	580.7701613781534900	1.6560557900815414	-2.2883538849329028	143.9674629215866700	-0.8080381739087220	0.5889320412013702	-0.0152761367055216	-0.5877754750152084	-0.8076665124900163	-0.0468486453684669	-0.0399286924016399	-0.0288765553451480	0.9987851841484702
_DSC3894.JPG	2693740.8266450819000000	1256257.5383533181000000	580.7551126919886400	1.7219431003334298	-2.2770122461211120	143.9932283854203900	-0.8083087881883444	0.5885811742720067	-0.0144604367180217	-0.5874166821600033	-0.8078803630891559	-0.0476545953195194	-0.0397309005388032	-0.0300253264348415	0.9987591978624564
_DSC3895.JPG	2693742.2017786819000000	1256256.4365698958000000	580.6587611695613300	1.7179299407114073	-2.3614509395040764	144.0048109416032400	-0.8083792692031754	0.5884525474054756	-0.0157021200653656	-0.5872182173367644	-0.8079767214129311	-0.0484601164117795	-0.0412034264397241	-0.0299535825372631	0.9987016874636838
_DSC3896.JPG	2693743.4721813798000000	1256255.3068235829000000	580.6511259614643400	1.6167471924619552	-2.3120069572443769	143.9134139210688700	-0.8074699568525212	0.5896924936241716	-0.0159697133316037	-0.5885277034032828	-0.8071357004447446	-0.0465521577848896	-0.0403411837635634	-0.0281908501268990	0.9987881981990364
_DSC3897.JPG	2693745.5011686757000000	1256253.4906972011000000	580.6119306096209100	1.7351667455464346	-2.4350053573695174	144.0358070252274000	-0.8086533471580202	0.5880514990833734	-0.0165891095580224	-0.5867492633964611	-0.8082575248884082	-0.0494477033336717	-0.0424860687030656	-0.0302524029964775	0.9986389367930222
_DSC3898.JPG	2693746.3728895783000000	1256252.7710063097000000	580.6144507294848200	1.7381109863587743	-2.4714999013038437	144.0699527689205000	-0.8089808033522170	0.5875861914767896	-0.0171034322112063	-0.5862512391619981	-0.8085939662625439	-0.0498526057977903	-0.0431224348642793	-0.0303028927597549	0.9986101292805749
_DSC3899.JPG	2693747.7114171945000000	1256251.7495998594000000	580.6222309673825100	1.7372763168552041	-2.5027760678923050	144.0877828420833900	-0.8091440162912010	0.5873476750585440	-0.0175689926708326	-0.5859855670396335	-0.8087678086114829	-0.0501552287904173	-0.0436677927239815	-0.0302876271289491	0.9985868933255200
_DSC3900.JPG	2693749.0806488469000000	1256250.6241245279000000	580.6134471217101200	1.7661130493496457	-2.5103722984332073	144.0958360281969400	-0.8092216747181976	0.5872460713073269	-0.0173877226911985	-0.5858684320688696	-0.8088226170369269	-0.0506374809276805	-0.0438002451070877	-0.0307900292894675	0.9985657277440043
_DSC3901.JPG	2693750.4691490568000000	1256249.5698814373000000	580.5962141989531300	1.7465491701378908	-2.5181915086159834	143.9460945492641300	-0.8076829162684860	0.5893553398215278	-0.0175667353792894	-0.5879777914970010	-0.8072999127276253	-0.0504873015349246	-0.0439365846913972	-0.0304488806661273	0.9985701989303684
_DSC3902.JPG	2693751.8835441917000000	1256248.4941937942000000	580.6051161256934800	1.7596327551437589	-2.5782079420750947	144.0430544333375700	-0.8086390787444346	0.5880183535496294	-0.0183645369158902	-0.5865827878897919	-0.8082656933977962	-0.0512562369631183	-0.0449830332324542	-0.0306754749753345	0.9985166708454324
