<?xml version="1.0" encoding="UTF-8"?>
<document version="1.4.0">
  <chunk label="SONY-A-9" enabled="1">
    <sensors next_id="1">
      <sensor id="0" label="SONY-A-9" type="frame">
        <resolution width="6000" height="4000"/>
        <property name="pixel_width" value="0.006"/>
        <property name="pixel_height" value="0.006"/>
        <property name="focal_length" value="55"/>
        <property name="fixed" value="1"/>
        <property name="layer_index" value="0"/>
        <calibration type="frame" class="initial">
          <resolution width="6000" height="4000"/>
          <f>9227.77018581081</f>
          <cx>-37.8304617831239</cx>
          <cy>31.7622333680372</cy>
          <k1>-0.017282082281574</k1>
        </calibration>
      </sensor>
    </sensors>
    <cameras next_id="580" next_group_id="0">
      <camera id="0" sensor_id="0" label="_DSC3775.JPG" enabled="1"/>
      <camera id="1" sensor_id="0" label="_DSC3776.JPG" enabled="1"/>
      <camera id="2" sensor_id="0" label="_DSC3777.JPG" enabled="1"/>
      <camera id="3" sensor_id="0" label="_DSC3778.JPG" enabled="1"/>
      <camera id="4" sensor_id="0" label="_DSC3779.JPG" enabled="1"/>
      <camera id="5" sensor_id="0" label="_DSC3780.JPG" enabled="1">
        <transform>-8.5084600069438077e-002 -9.9637325128911025e-001 9.7721368768957304e-004 -1.6415682133299015e+001 -9.9550878902592277e-001 8.5051555496454490e-002 4.1575039143389877e-002 1.3176627721552276e+001 -4.1507370467961824e-002 2.5645707635351608e-003 -9.9913490639334301e-001 -7.8401796903126417e+000 0.0000000000000000e+000 0.0000000000000000e+000 0.0000000000000000e+000 1.0000000000000000e+000</transform>
      </camera>
      <camera id="6" sensor_id="0" label="_DSC3781.JPG" enabled="1">
        <transform>-7.1730618812329783e-002 -9.9739356109039246e-001 -7.7976034924537169e-003 -1.6294663344545228e+001 -9.9618228590563984e-001 7.1249150388702831e-002 5.0442163085080913e-002 1.2891247448234894e+001 -4.9755116044625881e-002 1.1386082044023648e-002 -9.9869654328182822e-001 -4.8432029245472847e+000 0.0000000000000000e+000 0.0000000000000000e+000 0.0000000000000000e+000 1.0000000000000000e+000</transform>
      </camera>
      <camera id="7" sensor_id="0" label="_DSC3782.JPG" enabled="1">
        <transform>-7.2543375846406022e-002 -9.9734601325358985e-001 -6.1958427979620367e-003 -1.6629227935259472e+001 -9.9603883866736198e-001 7.2125220569627002e-002 5.2005619157501320e-002 1.2863026879532635e+001 -5.1420720405100713e-002 9.9439632417153145e-003 -9.9862757177441674e-001 -1.6109340792817970e+000 0.0000000000000000e+000 0.0000000000000000e+000 0.0000000000000000e+000 1.0000000000000000e+000</transform>
      </camera>
      <camera id="8" sensor_id="0" label="_DSC3783.JPG" enabled="1">
        <transform>-7.0182967983962286e-002 -9.9750483369095400e-001 -7.6457679891757425e-003 -1.6510216534582739e+001 -9.9616537663945937e-001 6.9683225349366218e-002 5.2903596188475580e-002 1.2885876049620947e+001 -5.2238811143880015e-002 1.1329380746167433e-002 -9.9857035392714444e-001 -1.6327145921430541e+000 0.0000000000000000e+000 0.0000000000000000e+000 0.0000000000000000e+000 1.0000000000000000e+000</transform>
      </camera>
      <camera id="9" sensor_id="0" label="_DSC3784.JPG" enabled="1">
        <transform>-6.8722724982060890e-002 -9.9761564276859660e-001 -6.3416381511181598e-003 -1.6596019388152627e+001 -9.9619039537054299e-001 6.8279716343135677e-002 5.4245520622278914e-002 1.2605359307996016e+001 -5.3683174668802791e-002 1.0045379012292910e-002 -9.9850748976558923e-001 1.3090111832157152e+000 0.0000000000000000e+000 0.0000000000000000e+000 0.0000000000000000e+000 1.0000000000000000e+000</transform>
      </camera>
      <camera id="10" sensor_id="0" label="_DSC3785.JPG" enabled="1">
        <transform>9.2517504199624723e-001 -3.7853452949352301e-001 -2.7617958801457225e-002 8.8327437061117742e+000 -3.7676504396499905e-001 -9.2475862236703577e-001 5.3568572912431306e-002 9.5926130868235528e+000 -4.5817500076871805e-002 -3.9154825231883114e-002 -9.9818217593171166e-001 5.0453906215227584e-001 0.0000000000000000e+000 0.0000000000000000e+000 0.0000000000000000e+000 1.0000000000000000e+000</transform>
      </camera>
      <camera id="11" sensor_id="0" label="_DSC3786.JPG" enabled="1">
        <transform>9.9144769456615900e-001 -1.2774516269520278e-001 -2.6695361908440081e-002 8.2079007839194258e+000 -1.2642694194084450e-001 -9.9089435314449226e-001 4.6309926126529656e-002 9.2183299149305338e+000 -3.2368152417658204e-002 -4.2538856523588818e-002 -9.9857035225102331e-001 4.6156891228554814e-001 0.0000000000000000e+000 0.0000000000000000e+000 0.0000000000000000e+000 1.0000000000000000e+000</transform>
      </camera>
      <camera id="12" sensor_id="0" label="_DSC3787.JPG" enabled="1">
        <transform>9.9835330715141768e-001 -5.1741745395400211e-002 -2.4768243443261607e-002 6.9655391212340669e+000 -5.0661354755669873e-002 -9.9781448876057588e-001 4.2422554776801617e-002 9.0762543889777216e+000 -2.6909129197119252e-002 -4.1097905091478197e-002 -9.9879270169687595e-001 4.0131927212872526e-001 0.0000000000000000e+000 0.0000000000000000e+000 0.0000000000000000e+000 1.0000000000000000e+000</transform>
      </camera>
      <camera id="13" sensor_id="0" label="_DSC3788.JPG" enabled="1">
        <transform>9.9965535217859136e-001 -1.3292140651695046e-002 -2.2638371354682801e-002 5.8592093117179456e+000 -1.2437613910334783e-002 -9.9922003999607212e-001 3.7478226084827211e-002 9.2513742196949398e+000 -2.3118880182967635e-002 -3.7183741973388480e-002 -9.9904098349964710e-001 3.6758896430466054e-001 0.0000000000000000e+000 0.0000000000000000e+000 0.0000000000000000e+000 1.0000000000000000e+000</transform>
      </camera>
      <camera id="14" sensor_id="0" label="_DSC3789.JPG" enabled="1">
        <transform>9.9975087161142540e-001 9.6246651394641877e-003 -2.0138533540201842e-002 4.7100467767966077e+000 1.0275608715847106e-002 -9.9941977440590757e-001 3.2473472126701833e-002 9.4400750790748358e+000 -1.9814302352479100e-002 -3.2672317753689534e-002 -9.9926968986099374e-001 3.2763217473546824e-001 0.0000000000000000e+000 0.0000000000000000e+000 0.0000000000000000e+000 1.0000000000000000e+000</transform>
      </camera>
      <camera id="15" sensor_id="0" label="_DSC3790.JPG" enabled="1">
        <transform>9.9941723767427471e-001 2.8586165075579057e-002 -1.8655192462002260e-002 3.4560066483722567e+000 2.9109357241766439e-002 -9.9917258863471770e-001 2.8403933565062482e-002 9.6675987463958304e+000 -1.7827797410051017e-002 -2.8930421484468685e-002 -9.9942243338452097e-001 2.8779779943095218e-001 0.0000000000000000e+000 0.0000000000000000e+000 0.0000000000000000e+000 1.0000000000000000e+000</transform>
      </camera>
      <camera id="16" sensor_id="0" label="_DSC3791.JPG" enabled="1">
        <transform>9.9884184278719923e-001 4.4609399052806809e-002 -1.8027052272015103e-002 2.3355985013109124e+000 4.5027049868675423e-002 -9.9871009596541682e-001 2.3467189794938163e-002 9.8571197154918622e+000 -1.6956941870347440e-002 -2.4251716081450249e-002 -9.9956206230004063e-001 2.6198819974109105e-001 0.0000000000000000e+000 0.0000000000000000e+000 0.0000000000000000e+000 1.0000000000000000e+000</transform>
      </camera>
      <camera id="17" sensor_id="0" label="_DSC3792.JPG" enabled="1">
        <transform>9.9792118346390923e-001 6.2333710197289054e-002 -1.6365212098599691e-002 1.1853078150321845e+000 6.2684832758426456e-002 -9.9779309404233474e-001 2.1898703693887387e-002 9.9522756476097065e+000 -1.4964068164769756e-002 -2.2879030889986472e-002 -9.9962624345777118e-001 2.0984567757961797e-001 0.0000000000000000e+000 0.0000000000000000e+000 0.0000000000000000e+000 1.0000000000000000e+000</transform>
      </camera>
      <camera id="18" sensor_id="0" label="_DSC3793.JPG" enabled="1">
        <transform>9.9673493444007377e-001 7.9485901924542426e-002 -1.4193726148678948e-002 6.1782191410145078e-002 7.9755164720254609e-002 -9.9662304267055835e-001 1.9535212272290131e-002 1.0062277137738192e+001 -1.2593020574378708e-002 -2.0603451490476106e-002 -9.9970841429863577e-001 1.4258511978177368e-001 0.0000000000000000e+000 0.0000000000000000e+000 0.0000000000000000e+000 1.0000000000000000e+000</transform>
      </camera>
      <camera id="19" sensor_id="0" label="_DSC3794.JPG" enabled="1">
        <transform>9.9563444728032913e-001 9.2322388830316127e-002 -1.3734041992735197e-002 -1.1435296619701678e+000 9.2517184977990746e-002 -9.9560845043586532e-001 1.4296289883861063e-002 1.0070557350118449e+001 -1.2353860633119456e-002 -1.5504513580214740e-002 -9.9980347678236170e-001 1.0427024133212093e-001 0.0000000000000000e+000 0.0000000000000000e+000 0.0000000000000000e+000 1.0000000000000000e+000</transform>
      </camera>
      <camera id="20" sensor_id="0" label="_DSC3795.JPG" enabled="1">
        <transform>9.9572273524258847e-001 9.1538777121686760e-002 -1.2525446262896299e-002 -2.4017477471460258e+000 9.1679864016570772e-002 -9.9572560334826798e-001 1.1194881447824169e-002 1.0114667706431318e+001 -1.1447141779572642e-002 -1.2295329186073184e-002 -9.9985888395577327e-001 1.1000160814531715e-001 0.0000000000000000e+000 0.0000000000000000e+000 0.0000000000000000e+000 1.0000000000000000e+000</transform>
      </camera>
      <camera id="21" sensor_id="0" label="_DSC3796.JPG" enabled="1">
        <transform>9.9609987406805178e-001 8.7549382316120736e-002 -1.0961137608673878e-002 -3.6347610542271824e+000 8.7626066187278431e-002 -9.9613075800679818e-001 6.7220143814478717e-003 1.0137274660166137e+001 -1.0330218107729293e-002 -7.6562790484293857e-003 -9.9991733057537280e-001 1.9842024571811076e-001 0.0000000000000000e+000 0.0000000000000000e+000 0.0000000000000000e+000 1.0000000000000000e+000</transform>
      </camera>
      <camera id="22" sensor_id="0" label="_DSC3797.JPG" enabled="1">
        <transform>9.9649516621857637e-001 8.3037380604384287e-002 -1.0108270147429948e-002 -4.9486856231384833e+000 8.3078333062425541e-002 -9.9653614925209222e-001 3.7005147453501091e-003 1.0106686636383355e+001 -9.7659755569779443e-003 -4.5273232902551105e-003 -9.9994206285426657e-001 2.2129437800073123e-001 0.0000000000000000e+000 0.0000000000000000e+000 0.0000000000000000e+000 1.0000000000000000e+000</transform>
      </camera>
      <camera id="23" sensor_id="0" label="_DSC3798.JPG" enabled="1">
        <transform>9.9649078727426565e-001 8.3170503235760695e-002 -9.4222220853137622e-003 -6.1787124554376582e+000 8.3199057462007620e-002 -9.9652934576707575e-001 2.6795265398281546e-003 1.0220482514391076e+001 -9.1666632395987300e-003 -3.4540435078914632e-003 -9.9995201978319814e-001 2.1284946119223491e-001 0.0000000000000000e+000 0.0000000000000000e+000 0.0000000000000000e+000 1.0000000000000000e+000</transform>
      </camera>
      <camera id="24" sensor_id="0" label="_DSC3799.JPG" enabled="1">
        <transform>9.9701573450841918e-001 7.6733541845423039e-002 -8.4610104889805589e-003 -7.3382868621750337e+000 7.6738191515667423e-002 -9.9705125193317512e-001 2.2579059530151817e-004 1.0300117329121134e+001 -8.4187353885649199e-003 -8.7439941953909714e-004 -9.9996417951850280e-001 1.8387930469429242e-001 0.0000000000000000e+000 0.0000000000000000e+000 0.0000000000000000e+000 1.0000000000000000e+000</transform>
      </camera>
      <camera id="25" sensor_id="0" label="_DSC3800.JPG" enabled="1">
        <transform>9.9704387661288740e-001 7.6509821692948968e-002 -7.0537432089652699e-003 -8.4939115077782006e+000 7.6502162963525286e-002 -9.9706850189735219e-001 -1.3496614656920603e-003 1.0390313995829805e+001 -7.1363275322175665e-003 8.0604508739352267e-004 -9.9997421122780461e-001 1.0474894647184528e-001 0.0000000000000000e+000 0.0000000000000000e+000 0.0000000000000000e+000 1.0000000000000000e+000</transform>
      </camera>
      <camera id="26" sensor_id="0" label="_DSC3801.JPG" enabled="1">
        <transform>9.9709217616295842e-001 7.5926505282855161e-002 -6.5083047061849711e-003 -9.6351600340823413e+000 7.5891935138098970e-002 -9.9710140500759692e-001 -5.4039164381774751e-003 1.0471096879309691e+001 -6.8997402567459801e-003 4.8942749625243871e-003 -9.9996421918835710e-001 -1.3243498510989899e-002 0.0000000000000000e+000 0.0000000000000000e+000 0.0000000000000000e+000 1.0000000000000000e+000</transform>
      </camera>
      <camera id="27" sensor_id="0" label="_DSC3802.JPG" enabled="1">
        <transform>9.9717062801623313e-001 7.4816603737341877e-002 -7.2948219252630874e-003 -1.0781125706040660e+001 7.4761081758090306e-002 -9.9717244970702468e-001 -7.6082980785173483e-003 1.0510565962234887e+001 -7.8434224718471196e-003 7.0414025947245391e-003 -9.9994444814370920e-001 -6.4060840867811747e-002 0.0000000000000000e+000 0.0000000000000000e+000 0.0000000000000000e+000 1.0000000000000000e+000</transform>
      </camera>
      <camera id="28" sensor_id="0" label="_DSC3803.JPG" enabled="1">
        <transform>9.9726206477340884e-001 7.3501701319718518e-002 -8.1162840625059549e-003 -1.1948868833649179e+001 7.3425146238175712e-002 -9.9725681663993282e-001 -9.3589296978792268e-003 1.0624242834735961e+001 -8.7819168624458741e-003 8.7373662103761417e-003 -9.9992326523985176e-001 -3.4309649045792194e-002 0.0000000000000000e+000 0.0000000000000000e+000 0.0000000000000000e+000 1.0000000000000000e+000</transform>
      </camera>
      <camera id="29" sensor_id="0" label="_DSC3804.JPG" enabled="1">
        <transform>9.9771007834676195e-001 6.7205438246162832e-002 -7.6176528825826770e-003 -1.3115413710808935e+001 6.7110231243403082e-002 -9.9767180622942853e-001 -1.2131937906476872e-002 1.0729592652425742e+001 -8.4152497143750848e-003 1.1592934272686990e-002 -9.9989738845903275e-001 -4.6250277695727470e-003 0.0000000000000000e+000 0.0000000000000000e+000 0.0000000000000000e+000 1.0000000000000000e+000</transform>
      </camera>
      <camera id="30" sensor_id="0" label="_DSC3805.JPG" enabled="1">
        <transform>9.9795729439443170e-001 6.3392499342105141e-002 -7.9138860307214898e-003 -1.4291941018392745e+001 6.3282040850071442e-002 -9.9790430844312039e-001 -1.3504610194576766e-002 1.0745935636254888e+001 -8.7533919594598927e-003 1.2976217392552359e-002 -9.9987749045139795e-001 1.4927245700102603e-002 0.0000000000000000e+000 0.0000000000000000e+000 0.0000000000000000e+000 1.0000000000000000e+000</transform>
      </camera>
      <camera id="31" sensor_id="0" label="_DSC3806.JPG" enabled="1">
        <transform>9.9801071482753900e-001 6.2520430564495758e-002 -8.1122654945303373e-003 -1.5521084160959200e+001 6.2393200594688267e-002 -9.9793758120423104e-001 -1.5088821683610844e-002 1.0730222973197712e+001 -9.0388942340683988e-003 1.4552655506088138e-002 -9.9985324853637714e-001 -3.2177773710653251e-002 0.0000000000000000e+000 0.0000000000000000e+000 0.0000000000000000e+000 1.0000000000000000e+000</transform>
      </camera>
      <camera id="32" sensor_id="0" label="_DSC3807.JPG" enabled="1">
        <transform>9.9819461501924378e-001 5.9492506637598329e-002 -8.2554346074793609e-003 -1.6709430249251088e+001 5.9355271298785352e-002 -9.9810905515193593e-001 -1.5977039549222142e-002 1.0754897521158240e+001 -9.1903381673710885e-003 1.5458191281166715e-002 -9.9983827792632751e-001 -4.7977701046361211e-002 0.0000000000000000e+000 0.0000000000000000e+000 0.0000000000000000e+000 1.0000000000000000e+000</transform>
      </camera>
      <camera id="33" sensor_id="0" label="_DSC3808.JPG" enabled="1">
        <transform>9.9828065430509572e-001 5.8074092260179365e-002 -7.9457566251137750e-003 -1.7941359311875853e+001 5.7941160393290052e-002 -9.9819103538356546e-001 -1.6046146333762588e-002 1.0828851817567751e+001 -8.8632484151354128e-003 1.5558171102082071e-002 -9.9983968021852876e-001 -2.5113768131524519e-002 0.0000000000000000e+000 0.0000000000000000e+000 0.0000000000000000e+000 1.0000000000000000e+000</transform>
      </camera>
      <camera id="34" sensor_id="0" label="_DSC3809.JPG" enabled="1">
        <transform>9.9841964700614638e-001 5.5631315103255946e-002 -7.9602293939081883e-003 -1.9142497847273688e+001 5.5480482672817868e-002 -9.9829647088406159e-001 -1.8057471108076296e-002 1.0911237843951881e+001 -8.9512297765474511e-003 1.7587296560588848e-002 -9.9980526228119915e-001 -9.2741036905658158e-002 0.0000000000000000e+000 0.0000000000000000e+000 0.0000000000000000e+000 1.0000000000000000e+000</transform>
      </camera>
      <camera id="35" sensor_id="0" label="_DSC3810.JPG" enabled="1">
        <transform>9.9897064363702914e-001 4.4446654082984649e-002 -9.0635584759464500e-003 -2.0084220336085430e+001 4.4301498752177676e-002 -9.9889589578796278e-001 -1.5632229088462880e-002 1.0936867192259808e+001 -9.7483516416979905e-003 1.5214608729470825e-002 -9.9983672933208390e-001 -1.2110775471759436e-001 0.0000000000000000e+000 0.0000000000000000e+000 0.0000000000000000e+000 1.0000000000000000e+000</transform>
      </camera>
      <camera id="36" sensor_id="0" label="_DSC3811.JPG" enabled="1">
        <transform>9.9847017605402355e-001 5.4893695439252217e-002 -6.6324755309962102e-003 -1.9643241176135700e+001 5.4753760960271410e-002 -9.9830547408927972e-001 -1.9702945568720185e-002 8.8394774540120036e+000 -7.7028041226622082e-003 1.9309650550983878e-002 -9.9978387874792563e-001 -2.1204068567117712e-001 0.0000000000000000e+000 0.0000000000000000e+000 0.0000000000000000e+000 1.0000000000000000e+000</transform>
      </camera>
      <camera id="37" sensor_id="0" label="_DSC3812.JPG" enabled="1">
        <transform>9.9876850300313813e-001 4.9503877530652385e-002 -3.2929497871123045e-003 -1.7613072344824619e+001 4.9439317170785299e-002 -9.9862510383442360e-001 -1.7425725504932797e-002 8.7751112856584648e+000 -4.1510633043555269e-003 1.7241464587352821e-002 -9.9984273792048228e-001 -2.1981902484352309e-001 0.0000000000000000e+000 0.0000000000000000e+000 0.0000000000000000e+000 1.0000000000000000e+000</transform>
      </camera>
      <camera id="38" sensor_id="0" label="_DSC3813.JPG" enabled="1">
        <transform>9.9884915491208359e-001 4.7884351134868622e-002 -2.7303200929219306e-003 -1.6723939208229190e+001 4.7826680722377238e-002 -9.9868839299225820e-001 -1.8278465844284573e-002 8.7218274917105045e+000 -3.6019914626491015e-003 1.8126848014298952e-002 -9.9982920693414912e-001 -2.3172468675369184e-001 0.0000000000000000e+000 0.0000000000000000e+000 0.0000000000000000e+000 1.0000000000000000e+000</transform>
      </camera>
      <camera id="39" sensor_id="0" label="_DSC3814.JPG" enabled="1">
        <transform>9.9889675835149139e-001 4.6912826752968095e-002 -2.1101755681609538e-003 -1.5504320142863749e+001 4.6869767668392626e-002 -9.9875310095964998e-001 -1.7189188526338054e-002 8.6778000263081108e+000 -2.9139378156302484e-003 1.7071321259032508e-002 -9.9985002823267322e-001 -1.9522954232299092e-001 0.0000000000000000e+000 0.0000000000000000e+000 0.0000000000000000e+000 1.0000000000000000e+000</transform>
      </camera>
      <camera id="40" sensor_id="0" label="_DSC3815.JPG" enabled="1">
        <transform>9.9895265040496706e-001 4.5711115693183223e-002 -2.0238950011740703e-003 -1.4183876495775225e+001 4.5670418501852265e-002 -9.9881302573828445e-001 -1.6933767726021037e-002 8.6592177525910721e+000 -2.7955541055449018e-003 1.6823600019543382e-002 -9.9985456510415827e-001 -1.7815859108356991e-001 0.0000000000000000e+000 0.0000000000000000e+000 0.0000000000000000e+000 1.0000000000000000e+000</transform>
      </camera>
      <camera id="41" sensor_id="0" label="_DSC3816.JPG" enabled="1">
        <transform>9.9900808978557132e-001 4.4472246244904291e-002 -2.2485232745284908e-003 -1.2954343077646074e+001 4.4426069569947817e-002 -9.9885841016949928e-001 -1.7555647986514582e-002 8.6341431712856753e+000 -3.0266954834697792e-003 1.7438341308531998e-002 -9.9984335941529234e-001 -1.8954641576217751e-001 0.0000000000000000e+000 0.0000000000000000e+000 0.0000000000000000e+000 1.0000000000000000e+000</transform>
      </camera>
      <camera id="42" sensor_id="0" label="_DSC3817.JPG" enabled="1">
        <transform>9.9909510384384581e-001 4.2525238574244693e-002 -7.5997332869527667e-004 -1.1196520207061267e+001 4.2503691170538226e-002 -9.9892219321614362e-001 -1.8651759625544370e-002 8.5686364768960726e+000 -1.5523247521917977e-003 1.8602580048292974e-002 -9.9982575197051737e-001 -1.8064437242910036e-001 0.0000000000000000e+000 0.0000000000000000e+000 0.0000000000000000e+000 1.0000000000000000e+000</transform>
      </camera>
      <camera id="43" sensor_id="0" label="_DSC3818.JPG" enabled="1">
        <transform>9.9919853936777492e-001 4.0013618592217803e-002 -1.0905285241019956e-003 -1.0458609549038238e+001 3.9988494127926821e-002 -9.9904735323436822e-001 -1.7473017277629271e-002 8.5271402592017633e+000 -1.7886482846329703e-003 1.7415404748672671e-002 -9.9984674046313404e-001 -1.8705993685621899e-001 0.0000000000000000e+000 0.0000000000000000e+000 0.0000000000000000e+000 1.0000000000000000e+000</transform>
      </camera>
      <camera id="44" sensor_id="0" label="_DSC3819.JPG" enabled="1">
        <transform>9.9927870865438495e-001 3.7973505665390886e-002 -2.7440390939952053e-004 -9.4333736383000311e+000 3.7961525242127397e-002 -9.9910013712878076e-001 -1.8916622070093120e-002 8.4704962603597007e+000 -9.9248743885847366e-004 1.8892560883372482e-002 -9.9982102704031572e-001 -1.7976548057185043e-001 0.0000000000000000e+000 0.0000000000000000e+000 0.0000000000000000e+000 1.0000000000000000e+000</transform>
      </camera>
      <camera id="45" sensor_id="0" label="_DSC3820.JPG" enabled="1">
        <transform>9.9914587155141588e-001 4.1321004299783866e-002 3.1932024343104810e-004 -8.2160543253009699e+000 4.1319988508406645e-002 -9.9898101402747663e-001 -1.8154673290912117e-002 8.4112423685660307e+000 -4.3117447253270208e-004 1.8152361176768682e-002 -9.9983513934662371e-001 -1.5509102026189431e-001 0.0000000000000000e+000 0.0000000000000000e+000 0.0000000000000000e+000 1.0000000000000000e+000</transform>
      </camera>
      <camera id="46" sensor_id="0" label="_DSC3821.JPG" enabled="1">
        <transform>9.9931618733276606e-001 3.6969454741360583e-002 6.4587214780593072e-004 -6.4459636173130006e+000 3.6975038404827382e-002 -9.9913128931129391e-001 -1.9222727540935843e-002 8.3444646761014187e+000 -6.5342684062539116e-005 1.9233463943814286e-002 -9.9981501768829995e-001 -1.3200257393138362e-001 0.0000000000000000e+000 0.0000000000000000e+000 0.0000000000000000e+000 1.0000000000000000e+000</transform>
      </camera>
      <camera id="47" sensor_id="0" label="_DSC3822.JPG" enabled="1">
        <transform>9.9928620066973961e-001 3.7764432758860121e-002 9.6786850294694872e-004 -5.8432387531798122e+000 3.7775865150341849e-002 -9.9911601131208738e-001 -1.8443967901945506e-002 8.2865405431376935e+000 2.7048693249936116e-004 1.8467364680060338e-002 -9.9982942709173794e-001 -1.2174064437781541e-001 0.0000000000000000e+000 0.0000000000000000e+000 0.0000000000000000e+000 1.0000000000000000e+000</transform>
      </camera>
      <camera id="48" sensor_id="0" label="_DSC3823.JPG" enabled="1">
        <transform>9.9928144252577478e-001 3.7883885477254027e-002 1.1873688356636731e-003 -4.7671882214306294e+000 3.7898366616403438e-002 -9.9914435651975031e-001 -1.6561058013993348e-002 8.2696304571994208e+000 5.5895564607650195e-004 1.6594157281419195e-002 -9.9986215125521438e-001 -9.5148053489576556e-002 0.0000000000000000e+000 0.0000000000000000e+000 0.0000000000000000e+000 1.0000000000000000e+000</transform>
      </camera>
      <camera id="49" sensor_id="0" label="_DSC3824.JPG" enabled="1">
        <transform>9.9933986061973346e-001 3.6292990819134535e-002 1.6315005158296131e-003 -3.5971630709254323e+000 3.6314165583760605e-002 -9.9921706004915545e-001 -1.5701856090213611e-002 8.2700000405170826e+000 1.0603558299704524e-003 1.5750737256547017e-002 -9.9987538719651914e-001 -6.1999309967558612e-002 0.0000000000000000e+000 0.0000000000000000e+000 0.0000000000000000e+000 1.0000000000000000e+000</transform>
      </camera>
      <camera id="50" sensor_id="0" label="_DSC3825.JPG" enabled="1">
        <transform>9.9938928808039529e-001 3.4893138373014845e-002 1.8761035796575655e-003 -2.4007738109385932e+000 3.4918888640513679e-002 -9.9926015536511947e-001 -1.6118719421485919e-002 8.2577594110520707e+000 1.3122828473199656e-003 1.6174386979382588e-002 -9.9986832489061772e-001 -4.0945304215929498e-002 0.0000000000000000e+000 0.0000000000000000e+000 0.0000000000000000e+000 1.0000000000000000e+000</transform>
      </camera>
      <camera id="51" sensor_id="0" label="_DSC3826.JPG" enabled="1">
        <transform>9.9943822413371963e-001 3.3366123833250765e-002 3.1524467926833696e-003 -5.8994459835716773e-001 3.3411221380892940e-002 -9.9932087531932645e-001 -1.5539576469524898e-002 8.2023788795211630e+000 2.6318104554635103e-003 1.5636173808173934e-002 -9.9987428391891697e-001 -5.7212791087686697e-002 0.0000000000000000e+000 0.0000000000000000e+000 0.0000000000000000e+000 1.0000000000000000e+000</transform>
      </camera>
      <camera id="52" sensor_id="0" label="_DSC3827.JPG" enabled="1">
        <transform>9.9946325869389163e-001 3.2629713105369759e-002 2.9148488206238946e-003 1.3737543464538107e-001 3.2671126653632504e-002 -9.9934571121471072e-001 -1.5516022684509547e-002 8.1638571790446282e+000 2.4066582989977908e-003 1.5602925989223061e-002 -9.9987537058195741e-001 -7.3034073422364121e-002 0.0000000000000000e+000 0.0000000000000000e+000 0.0000000000000000e+000 1.0000000000000000e+000</transform>
      </camera>
      <camera id="53" sensor_id="0" label="_DSC3828.JPG" enabled="1">
        <transform>9.9950649982444650e-001 3.1238602093418538e-002 3.3025063106920556e-003 1.2401349505250709e+000 3.1288719681766768e-002 -9.9937575324366390e-001 -1.6404872731455970e-002 8.0823686405196256e+000 2.7879794401887009e-003 1.6500108118085579e-002 -9.9985997699814577e-001 -7.7390326120744368e-002 0.0000000000000000e+000 0.0000000000000000e+000 0.0000000000000000e+000 1.0000000000000000e+000</transform>
      </camera>
      <camera id="54" sensor_id="0" label="_DSC3829.JPG" enabled="1">
        <transform>9.9950561703104435e-001 3.1163652187324847e-002 4.1651297384675432e-003 2.4544088663021455e+000 3.1226561671737863e-002 -9.9938418189430511e-001 -1.6004962530778637e-002 8.0077916827788069e+000 3.6637916905816752e-003 1.6127112630533697e-002 -9.9986323708227720e-001 -3.9652095877144800e-002 0.0000000000000000e+000 0.0000000000000000e+000 0.0000000000000000e+000 1.0000000000000000e+000</transform>
      </camera>
      <camera id="55" sensor_id="0" label="_DSC3830.JPG" enabled="1">
        <transform>9.9958465287994591e-001 2.8477933333051125e-002 4.4191673374241007e-003 3.6509037255051719e+000 2.8545984938106665e-002 -9.9946140879129031e-001 -1.6187003454703454e-002 7.9900001935427403e+000 3.9558148075014340e-003 1.6306429713689320e-002 -9.9985921602953742e-001 -2.0647801791450256e-002 0.0000000000000000e+000 0.0000000000000000e+000 0.0000000000000000e+000 1.0000000000000000e+000</transform>
      </camera>
      <camera id="56" sensor_id="0" label="_DSC3831.JPG" enabled="1">
        <transform>9.9956165861715751e-001 2.9360738918762196e-002 3.7996884953679574e-003 4.8800679390650341e+000 2.9418002685216577e-002 -9.9943893565395581e-001 -1.6012339519903215e-002 7.9265402809157921e+000 3.3274225055046755e-003 1.6117099895215235e-002 -9.9986457450518640e-001 -2.5275620299545099e-002 0.0000000000000000e+000 0.0000000000000000e+000 0.0000000000000000e+000 1.0000000000000000e+000</transform>
      </camera>
      <camera id="57" sensor_id="0" label="_DSC3832.JPG" enabled="1">
        <transform>9.9963582005259877e-001 2.6618864806348442e-002 4.4343324400575711e-003 6.0942687300302127e+000 2.6683160281487043e-002 -9.9952938855606110e-001 -1.5133088585585975e-002 7.8794007011317575e+000 4.0294199533028423e-003 1.5245899421420319e-002 -9.9987565543205015e-001 -3.1039993987018576e-003 0.0000000000000000e+000 0.0000000000000000e+000 0.0000000000000000e+000 1.0000000000000000e+000</transform>
      </camera>
      <camera id="58" sensor_id="0" label="_DSC3833.JPG" enabled="1">
        <transform>9.9963122505100199e-001 2.6616866964595108e-002 5.3811054647017794e-003 7.8933198054442126e+000 2.6691814958285827e-002 -9.9954038829853986e-001 -1.4372166650747809e-002 7.8112745487168649e+000 4.9960901979274660e-003 1.4510498027059029e-002 -9.9988223533061171e-001 2.9554516054790200e-002 0.0000000000000000e+000 0.0000000000000000e+000 0.0000000000000000e+000 1.0000000000000000e+000</transform>
      </camera>
      <camera id="59" sensor_id="0" label="_DSC3834.JPG" enabled="1">
        <transform>9.9969023249263889e-001 2.4115544348532317e-002 6.1546388674875918e-003 8.5974601507387263e+000 2.4205162106703107e-002 -9.9959555879547524e-001 -1.4927456707350434e-002 7.7673169046764041e+000 5.7921659336937050e-003 1.5071806697790697e-002 -9.9986963723110478e-001 5.7163677074854632e-002 0.0000000000000000e+000 0.0000000000000000e+000 0.0000000000000000e+000 1.0000000000000000e+000</transform>
      </camera>
      <camera id="60" sensor_id="0" label="_DSC3835.JPG" enabled="1">
        <transform>9.9949246384053025e-001 3.1044303044415886e-002 7.1460460725959324e-003 9.5668629136589942e+000 3.1130872249197614e-002 -9.9943914208557283e-001 -1.2339775535164819e-002 7.6986197906468927e+000 6.7589584248855302e-003 1.2555975300253853e-002 -9.9989832681391666e-001 1.1159785003145516e-001 0.0000000000000000e+000 0.0000000000000000e+000 0.0000000000000000e+000 1.0000000000000000e+000</transform>
      </camera>
      <camera id="61" sensor_id="0" label="_DSC3836.JPG" enabled="1">
        <transform>9.9992991757770666e-001 1.0959103065457188e-002 4.4786150807851286e-003 9.1866586751695483e+000 1.1040528904683109e-002 -9.9976642103421032e-001 -1.8579830299303546e-002 5.5541110928096149e+000 4.2739506953176163e-003 1.8627974459042726e-002 -9.9981734927586008e-001 1.0362846029591152e-001 0.0000000000000000e+000 0.0000000000000000e+000 0.0000000000000000e+000 1.0000000000000000e+000</transform>
      </camera>
      <camera id="62" sensor_id="0" label="_DSC3837.JPG" enabled="1">
        <transform>9.9971503976114562e-001 2.3862630360579815e-002 6.4354304008575796e-004 7.7107791697167931e+000 2.3870146978176760e-002 -9.9956885990165345e-001 -1.7097087417126438e-002 5.6305415070744216e+000 2.3528410559875654e-004 1.7107576893965980e-002 -9.9985362701457792e-001 1.4045058248845033e-001 0.0000000000000000e+000 0.0000000000000000e+000 0.0000000000000000e+000 1.0000000000000000e+000</transform>
      </camera>
      <camera id="63" sensor_id="0" label="_DSC3838.JPG" enabled="1">
        <transform>9.9973858742834443e-001 2.2831065544279067e-002 1.2244398278253165e-003 6.2953917634672241e+000 2.2848925258155680e-002 -9.9958751255026035e-001 -1.7399177225670727e-002 5.7367516277618975e+000 8.2669300610756127e-004 1.7422605996116558e-002 -9.9984787311819479e-001 9.3808648211727505e-002 0.0000000000000000e+000 0.0000000000000000e+000 0.0000000000000000e+000 1.0000000000000000e+000</transform>
      </camera>
      <camera id="64" sensor_id="0" label="_DSC3839.JPG" enabled="1">
        <transform>9.9970719536654973e-001 2.4188465140471491e-002 6.6459498571184354e-004 4.9894330797053792e+000 2.4196339866256873e-002 -9.9955786246221645e-001 -1.7280530288201031e-002 5.8269088117399130e+000 2.4631163883622527e-004 1.7291551235011863e-002 -9.9985045961206798e-001 -1.2452912221853320e-002 0.0000000000000000e+000 0.0000000000000000e+000 0.0000000000000000e+000 1.0000000000000000e+000</transform>
      </camera>
      <camera id="65" sensor_id="0" label="_DSC3840.JPG" enabled="1">
        <transform>9.9976392794006230e-001 2.1727586159217962e-002 1.9737064509930198e-005 3.7005911302363663e+000 2.1724088887399799e-002 -9.9958586251064496e-001 -1.8872398651533416e-002 5.9117518499829487e+000 -3.9032277708071436e-004 1.8868372175251572e-002 -9.9982190023002893e-001 -8.4390075466155665e-002 0.0000000000000000e+000 0.0000000000000000e+000 0.0000000000000000e+000 1.0000000000000000e+000</transform>
      </camera>
      <camera id="66" sensor_id="0" label="_DSC3841.JPG" enabled="1">
        <transform>9.9975976803986377e-001 2.1900880457037513e-002 8.7042752906250920e-004 2.4628053928484470e+000 2.1913728433081651e-002 -9.9956814219752221e-001 -1.9578498664484436e-002 6.0505006804884376e+000 4.4126526936344977e-004 1.9592869595866303e-002 -9.9980794393021377e-001 -5.7987413898609133e-002 0.0000000000000000e+000 0.0000000000000000e+000 0.0000000000000000e+000 1.0000000000000000e+000</transform>
      </camera>
      <camera id="67" sensor_id="0" label="_DSC3842.JPG" enabled="1">
        <transform>9.9976300697101750e-001 2.1769928783533038e-002 -9.6451647933779657e-006 1.2488024362882792e+000 2.1764890140532740e-002 -9.9954094967274143e-001 -2.1075566053719477e-002 6.2077996835259812e+000 -4.6845430923944263e-004 2.1070361365530768e-002 -9.9977788554382718e-001 -6.6079378560648341e-002 0.0000000000000000e+000 0.0000000000000000e+000 0.0000000000000000e+000 1.0000000000000000e+000</transform>
      </camera>
      <camera id="68" sensor_id="0" label="_DSC3843.JPG" enabled="1">
        <transform>9.9979838451185432e-001 2.0073438269128184e-002 4.9739676409626108e-004 8.0337740550770725e-002 2.0079429056310341e-002 -9.9958524323399778e-001 -2.0643595558964275e-002 6.2936442763096752e+000 8.2802524317246315e-005 2.0649420933406094e-002 -9.9978677454688158e-001 -4.0074657239252964e-002 0.0000000000000000e+000 0.0000000000000000e+000 0.0000000000000000e+000 1.0000000000000000e+000</transform>
      </camera>
      <camera id="69" sensor_id="0" label="_DSC3844.JPG" enabled="1">
        <transform>9.9974595988873782e-001 2.2537596750543575e-002 2.6910751663517798e-004 -1.0853474672596120e+000 2.2538141676643825e-002 -9.9951173051443898e-001 -2.1640996598934467e-002 6.3980975009591106e+000 -2.1875993498020023e-004 2.1641564101086828e-002 -9.9976576999182631e-001 -8.4114688193236073e-002 0.0000000000000000e+000 0.0000000000000000e+000 0.0000000000000000e+000 1.0000000000000000e+000</transform>
      </camera>
      <camera id="70" sensor_id="0" label="_DSC3845.JPG" enabled="1">
        <transform>9.9978689820058764e-001 2.0639811993119910e-002 3.9540780951968996e-004 -2.2092855176380413e+000 2.0643478438468737e-002 -9.9953213053475509e-001 -2.2569156533058944e-002 6.4375871539353380e+000 -7.0600337406334326e-005 2.2572509597780760e-002 -9.9974520595302208e-001 -7.0426859952474080e-002 0.0000000000000000e+000 0.0000000000000000e+000 0.0000000000000000e+000 1.0000000000000000e+000</transform>
      </camera>
      <camera id="71" sensor_id="0" label="_DSC3846.JPG" enabled="1">
        <transform>9.9982662210722784e-001 1.8617050103828511e-002 -3.6217548595921726e-004 -3.3691820248031448e+000 1.8602786444785496e-002 -9.9953256403156965e-001 -2.4260869254128278e-002 6.4451809242566105e+000 -8.1367201057673489e-004 2.4249925482519336e-002 -9.9970559618917376e-001 -6.9185741290456848e-002 0.0000000000000000e+000 0.0000000000000000e+000 0.0000000000000000e+000 1.0000000000000000e+000</transform>
      </camera>
      <camera id="72" sensor_id="0" label="_DSC3847.JPG" enabled="1">
        <transform>9.9982428120768885e-001 1.8728390125820931e-002 -8.0877118058561516e-004 -4.5032917050727521e+000 1.8703986358059869e-002 -9.9954441821068818e-001 -2.3687906580664927e-002 6.4563075945952093e+000 -1.2520390748707137e-003 2.3668616925199740e-002 -9.9971907502608104e-001 -6.5001258154224612e-002 0.0000000000000000e+000 0.0000000000000000e+000 0.0000000000000000e+000 1.0000000000000000e+000</transform>
      </camera>
      <camera id="73" sensor_id="0" label="_DSC3848.JPG" enabled="1">
        <transform>9.9983568847409032e-001 1.8094361726771063e-002 -1.0909295315150965e-003 -5.6822788327112805e+000 1.8064046905065460e-002 -9.9956532446341240e-001 -2.3299191826428835e-002 6.4968439765665096e+000 -1.5120393359844368e-003 2.3275656898439964e-002 -9.9972794175865287e-001 4.2304925702771872e-003 0.0000000000000000e+000 0.0000000000000000e+000 0.0000000000000000e+000 1.0000000000000000e+000</transform>
      </camera>
      <camera id="74" sensor_id="0" label="_DSC3849.JPG" enabled="1">
        <transform>9.9984047649766572e-001 1.7817377631992981e-002 -1.2500444955210416e-003 -6.9018664318316922e+000 1.7779913349043545e-002 -9.9951948625037612e-001 -2.5390377844464650e-002 6.5303255325605214e+000 -1.7018337822271164e-003 2.5364101799652483e-002 -9.9967683083168157e-001 3.5732722896393662e-002 0.0000000000000000e+000 0.0000000000000000e+000 0.0000000000000000e+000 1.0000000000000000e+000</transform>
      </camera>
      <camera id="75" sensor_id="0" label="_DSC3850.JPG" enabled="1">
        <transform>9.9988476896850498e-001 1.5106274422649437e-002 -1.4997526017648830e-003 -8.1138813546258071e+000 1.5066286433315328e-002 -9.9960274515152570e-001 -2.3819296770544899e-002 6.5418865472948831e+000 -1.8589776513426987e-003 2.3793956346131250e-002 -9.9971515535350874e-001 3.6000462866821188e-002 0.0000000000000000e+000 0.0000000000000000e+000 0.0000000000000000e+000 1.0000000000000000e+000</transform>
      </camera>
      <camera id="76" sensor_id="0" label="_DSC3851.JPG" enabled="1">
        <transform>9.9983259407623259e-001 1.8236401823505232e-002 -1.4891176327813521e-003 -9.2705209609696944e+000 1.8193754800039107e-002 -9.9952514354084687e-001 -2.4869151893971438e-002 6.6460518870130807e+000 -1.9419343626032365e-003 2.4837896009546064e-002 -9.9968960573407506e-001 3.8120244334686380e-002 0.0000000000000000e+000 0.0000000000000000e+000 0.0000000000000000e+000 1.0000000000000000e+000</transform>
      </camera>
      <camera id="77" sensor_id="0" label="_DSC3852.JPG" enabled="1">
        <transform>9.9987019685480405e-001 1.5994678953243517e-002 -1.9389911597951950e-003 -1.0464127630045050e+001 1.5941896665609891e-002 -9.9956730829153040e-001 -2.4719468552692143e-002 6.6949520463484706e+000 -2.3335321377926659e-003 2.4685348691221451e-002 -9.9969254683015152e-001 -5.9123798515232874e-003 0.0000000000000000e+000 0.0000000000000000e+000 0.0000000000000000e+000 1.0000000000000000e+000</transform>
      </camera>
      <camera id="78" sensor_id="0" label="_DSC3853.JPG" enabled="1">
        <transform>9.9985472153881749e-001 1.6904591348102644e-002 -2.1841721284151512e-003 -1.1581980129505315e+001 1.6844273800438247e-002 -9.9954093427041302e-001 -2.5183152264276341e-002 6.7598199610232870e+000 -2.6088803477281142e-003 2.5142702901309360e-002 -9.9968046806674571e-001 -4.5893958190829885e-002 0.0000000000000000e+000 0.0000000000000000e+000 0.0000000000000000e+000 1.0000000000000000e+000</transform>
      </camera>
      <camera id="79" sensor_id="0" label="_DSC3854.JPG" enabled="1">
        <transform>9.9989104213685132e-001 1.4389210889967153e-002 -3.2946114255176296e-003 -1.2747703659789499e+001 1.4308554973712287e-002 -9.9962566404488662e-001 -2.3319456198283232e-002 6.7477242282501386e+000 -3.6289267070793801e-003 2.3269774231467040e-002 -9.9972263578363130e-001 -1.0566368678465897e-001 0.0000000000000000e+000 0.0000000000000000e+000 0.0000000000000000e+000 1.0000000000000000e+000</transform>
      </camera>
      <camera id="80" sensor_id="0" label="_DSC3855.JPG" enabled="1">
        <transform>9.9986021021193827e-001 1.6348281242944969e-002 -3.5062423391053030e-003 -1.3938913593636926e+001 1.6265694501175237e-002 -9.9961643961568436e-001 -2.2414299731586158e-002 6.7938244102280008e+000 -3.8713327593218479e-003 2.2354134974642149e-002 -9.9974261959376431e-001 -1.3243797920758282e-001 0.0000000000000000e+000 0.0000000000000000e+000 0.0000000000000000e+000 1.0000000000000000e+000</transform>
      </camera>
      <camera id="81" sensor_id="0" label="_DSC3856.JPG" enabled="1">
