<?xml version="1.0" encoding="UTF-8"?>
<document version="1.5.0">
  <chunk label="SonyA9" enabled="true">
    <sensors next_id="1">
      <sensor id="0" label="SonyA9" type="frame">
        <resolution width="6000" height="4000"/>
        <property name="pixel_width" value="0.006"/>
        <property name="pixel_height" value="0.006"/>
        <property name="focal_length" value="55"/>
        <property name="fixed" value="true"/>
        <property name="layer_index" value="0"/>
        <calibration type="frame" class="initial">
          <resolution width="6000" height="4000"/>
          <f>9227.77018581081</f>
          <cx>-37.8304617831239</cx>
          <cy>31.7622333680372</cy>
          <k1>-0.017282082281574</k1>
        </calibration>
      </sensor>
    </sensors>
    <cameras next_id="570" next_group_id="0">
      <camera id="0" sensor_id="0" label="DSC00593.JPG">
        <transform>9.9791018962606870e-001 -6.4373454699358429e-002 -5.5956921406508297e-003 -1.5289412487419380e+001 -6.4199275222186408e-002 -9.9756827876984988e-001 2.7128992850918274e-002 2.0900498369786526e+001 -7.3284719696028308e-003 -2.6713059020427855e-002 -9.9961627936741904e-001 1.3271039445794715e+000 0 0 0 1</transform>
        <rotation_covariance>1.0246714027367413e-008 -1.2688976652336031e-009 -3.3721663241921707e-010 -1.2688976652336029e-009 4.1352946634278246e-009 -2.0403009784010548e-011 -3.3721663241921717e-010 -2.0403009784010542e-011 1.8079488452722484e-010</rotation_covariance>
        <location_covariance>1.2266625333513060e-006 -4.7538309261785818e-007 6.1732861827841192e-008 -4.7538309261785818e-007 2.7773279304531321e-006 -7.9037384352178878e-007 6.1732861827841192e-008 -7.9037384352178878e-007 7.6957945046693962e-007</location_covariance>
      </camera>
      <camera id="1" sensor_id="0" label="DSC00594.JPG">
        <transform>9.9937690407930990e-001 -3.4937811130744581e-002 -5.0152713033999536e-003 -1.5301505714009519e+001 -3.4808530188352046e-002 -9.9910839795775042e-001 2.3890905307752477e-002 2.0868702733514350e+001 -5.8454956146481657e-003 -2.3701444759546445e-002 -9.9970199144411498e-001 1.2317134025263119e+000 0 0 0 1</transform>
        <rotation_covariance>1.0334000625845068e-008 -1.1185924974790374e-009 -3.2418205425933521e-010 -1.1185924974790371e-009 4.0815795260311643e-009 -2.0474068167143582e-011 -3.2418205425933526e-010 -2.0474068167143576e-011 1.8042488751268455e-010</rotation_covariance>
        <location_covariance>1.2180071468289525e-006 -4.7996630693492566e-007 6.1659166748822895e-008 -4.7996630693492566e-007 2.7524093748320782e-006 -7.8641491374187380e-007 6.1659166748822895e-008 -7.8641491374187380e-007 7.6306593732138288e-007</location_covariance>
      </camera>
      <camera id="2" sensor_id="0" label="DSC00595.JPG">
        <transform>9.9998246748914577e-001 -5.6781706437606643e-003 -1.6802060765191320e-003 -1.4393624295076465e+001 -5.6368082421926983e-003 -9.9970380908582168e-001 2.3675313981860156e-002 2.0993809786028155e+001 -1.8141408875789347e-003 -2.3665427894700091e-002 -9.9971828852702338e-001 1.2077301064007500e+000 0 0 0 1</transform>
        <rotation_covariance>1.0155485198239563e-008 -5.7218390399807428e-010 -2.7817754795479688e-010 -5.7218390399807428e-010 3.9580662212937575e-009 -2.2853754679887417e-011 -2.7817754795479688e-010 -2.2853754679887391e-011 1.6242318427160865e-010</rotation_covariance>
        <location_covariance>1.1607700118556559e-006 -3.7315122074279581e-007 3.1533391291135187e-008 -3.7315122074279581e-007 2.6728683026407667e-006 -7.7204891990860894e-007 3.1533391291135187e-008 -7.7204891990860894e-007 7.6525211109156080e-007</location_covariance>
      </camera>
      <camera id="3" sensor_id="0" label="DSC00596.JPG">
        <transform>9.9995377950878783e-001 9.6042282291044292e-003 -4.4457419331227590e-004 -1.3358760997219200e+001 9.6114709354345809e-003 -9.9973118077954759e-001 2.1099426617537172e-002 2.1128081625952245e+001 -2.4181097448612855e-004 -2.1102724403612286e-002 -9.9977728347377337e-001 1.1761487714536070e+000 0 0 0 1</transform>
        <rotation_covariance>9.8483939748847880e-009 -4.4103863939505206e-010 -2.3813546261235410e-010 -4.4103863939505195e-010 3.7236533218271108e-009 -1.1958618983338024e-011 -2.3813546261235410e-010 -1.1958618983338027e-011 1.5111977232253234e-010</rotation_covariance>
        <location_covariance>1.0565602572941857e-006 -3.5337450441580352e-007 6.3220100036561054e-009 -3.5337450441580352e-007 2.5690023645101497e-006 -7.6246425627484371e-007 6.3220100036561054e-009 -7.6246425627484371e-007 7.7323088559356001e-007</location_covariance>
      </camera>
      <camera id="4" sensor_id="0" label="DSC00597.JPG">
        <transform>9.9994704777766241e-001 1.0290671151139833e-002 -6.1057318958595980e-005 -1.2034072023577499e+001 1.0289693991978667e-002 -9.9972788282474911e-001 2.0935197641676673e-002 2.1356976878497516e+001 1.5439653020118022e-004 -2.0934717337564523e-002 -9.9978083286873820e-001 1.1552878400819027e+000 0 0 0 1</transform>
        <rotation_covariance>1.0256725211007202e-008 -3.4446448163134748e-010 -2.1868191315850763e-010 -3.4446448163134748e-010 3.8880235926716280e-009 -1.7195407616706995e-011 -2.1868191315850768e-010 -1.7195407616707001e-011 1.4899823667134973e-010</rotation_covariance>
        <location_covariance>1.0510055014300904e-006 -3.1928912270906651e-007 -1.5663520315012724e-008 -3.1928912270906651e-007 2.6579914336246296e-006 -7.4255001515176251e-007 -1.5663520315012724e-008 -7.4255001515176251e-007 7.9941561801650722e-007</location_covariance>
      </camera>
      <camera id="5" sensor_id="0" label="DSC00598.JPG">
        <transform>9.9994922540949660e-001 1.0057487950870190e-002 6.2732692076996992e-004 -1.1127285942473526e+001 1.0042674999000576e-002 -9.9974329108175386e-001 2.0310012700340076e-002 2.1526940242280087e+001 8.3143358837044321e-004 -2.0302681427378688e-002 -9.9979353360833778e-001 1.1311414511333611e+000 0 0 0 1</transform>
        <rotation_covariance>1.0310037224650384e-008 -3.8225184145227027e-010 -2.0379777949962973e-010 -3.8225184145227027e-010 3.8831950062852856e-009 -1.7878966540498028e-011 -2.0379777949962973e-010 -1.7878966540498025e-011 1.4644388863049610e-010</rotation_covariance>
        <location_covariance>1.0198089218207004e-006 -3.2124612459552977e-007 -2.7800645317648781e-008 -3.2124612459552977e-007 2.6569074945874248e-006 -7.3474207187927184e-007 -2.7800645317648781e-008 -7.3474207187927184e-007 8.2144256634760699e-007</location_covariance>
      </camera>
      <camera id="6" sensor_id="0" label="DSC00599.JPG">
        <transform>9.9994283669803652e-001 1.0271167955415300e-002 2.9709333746234493e-003 -9.6685418200541005e+000 1.0218259117823932e-002 -9.9979800541731867e-001 1.7307095196835074e-002 2.1809663794305706e+001 3.1480973437633228e-003 -1.7275748099082524e-002 -9.9984580711764315e-001 1.1172146379803516e+000 0 0 0 1</transform>
        <rotation_covariance>9.9569948063734608e-009 -3.1035006403828580e-010 -1.7425451929758668e-010 -3.1035006403828580e-010 3.6967735084388190e-009 -1.6324505764038353e-011 -1.7425451929758668e-010 -1.6324505764038334e-011 1.4157002297073769e-010</rotation_covariance>
        <location_covariance>9.2964693725328378e-007 -2.9129751799949566e-007 -3.8332190988343715e-008 -2.9129751799949566e-007 2.5527360887975529e-006 -7.3336478440987944e-007 -3.8332190988343715e-008 -7.3336478440987944e-007 8.6505882132776724e-007</location_covariance>
      </camera>
      <camera id="7" sensor_id="0" label="DSC00600.JPG">
        <transform>9.9994302915107913e-001 9.8922327451235019e-003 4.0102597772452347e-003 -8.6631324095968125e+000 9.8176872769205580e-003 -9.9978615172771013e-001 1.8200654659348819e-002 2.1990152121200570e+001 4.1894473021243323e-003 -1.8160246276209751e-002 -9.9982631190946869e-001 1.1162152186323846e+000 0 0 0 1</transform>
        <rotation_covariance>9.8459748455435152e-009 -2.0318506135142188e-010 -1.7234228146246897e-010 -2.0318506135142188e-010 3.6994622720987284e-009 -2.2063048831318042e-011 -1.7234228146246894e-010 -2.2063048831318045e-011 1.4120387443803038e-010</rotation_covariance>
        <location_covariance>9.0544106697549125e-007 -2.5579595300004758e-007 -4.0892443623801549e-008 -2.5579595300004758e-007 2.5179725709862861e-006 -7.2445772872528348e-007 -4.0892443623801549e-008 -7.2445772872528348e-007 8.9908835302120748e-007</location_covariance>
      </camera>
      <camera id="8" sensor_id="0" label="DSC00601.JPG">
        <transform>9.9994152347992704e-001 9.8075103852583289e-003 4.5565733490140993e-003 -7.7198753065797714e+000 9.7313610527577175e-003 -9.9981743264167489e-001 1.6443904581054516e-002 2.2180589739650134e+001 4.7170152324076441e-003 -1.6398601338315579e-002 -9.9985440722209362e-001 1.1192812300570119e+000 0 0 0 1</transform>
        <rotation_covariance>9.7543783072565386e-009 -4.5974834898452158e-011 -1.7689464311794659e-010 -4.5974834898452170e-011 3.7876390664992039e-009 -2.0587579374519763e-011 -1.7689464311794659e-010 -2.0587579374519776e-011 1.4244556206655854e-010</rotation_covariance>
        <location_covariance>9.0686669981298726e-007 -2.0907447943217368e-007 -4.1587104742719973e-008 -2.0907447943217368e-007 2.4906241288182552e-006 -7.1796045984707718e-007 -4.1587104742719973e-008 -7.1796045984707718e-007 9.3773964684531958e-007</location_covariance>
      </camera>
      <camera id="9" sensor_id="0" label="DSC00602.JPG">
        <transform>9.9994223257508041e-001 9.4930132999854113e-003 5.0412509608744474e-003 -6.8405914929324858e+000 9.4135868670281782e-003 -9.9983474636453573e-001 1.5551988440755716e-002 2.2326004556305769e+001 5.1880531089351879e-003 -1.5503633788592430e-002 -9.9986635179122219e-001 1.1156815135956943e+000 0 0 0 1</transform>
        <rotation_covariance>9.7131810460061996e-009 -9.2425901983282134e-011 -1.7547878144235152e-010 -9.2425901983282160e-011 3.7252591978497371e-009 -1.4195891786061141e-011 -1.7547878144235152e-010 -1.4195891786061126e-011 1.4089819292279301e-010</rotation_covariance>
        <location_covariance>8.7313064977984996e-007 -2.1394705133456497e-007 -4.4071328957092269e-008 -2.1394705133456497e-007 2.4733686962679278e-006 -7.1319862876991230e-007 -4.4071328957092269e-008 -7.1319862876991230e-007 9.7192937045489882e-007</location_covariance>
      </camera>
      <camera id="10" sensor_id="0" label="DSC00603.JPG">
        <transform>9.9994359631970642e-001 9.4755830691997337e-003 4.7976561684293919e-003 -5.5593008802816541e+000 9.4007715686745073e-003 -9.9983748295977826e-001 1.5382885378523337e-002 2.2558656773990862e+001 4.9426382757970727e-003 -1.5336916057470007e-002 -9.9987016623795744e-001 1.1310577071135033e+000 0 0 0 1</transform>
        <rotation_covariance>9.8609444842668497e-009 -5.4516237337329555e-011 -1.8810381907440439e-010 -5.4516237337329535e-011 3.9332956971610644e-009 -1.5311733916199834e-011 -1.8810381907440432e-010 -1.5311733916199850e-011 1.4609038798328170e-010</rotation_covariance>
        <location_covariance>9.0610436663968760e-007 -1.9554073252167052e-007 -4.1934011934582574e-008 -1.9554073252167052e-007 2.5086076577342096e-006 -7.0235744203367923e-007 -4.1934011934582574e-008 -7.0235744203367923e-007 1.0325941066762504e-006</location_covariance>
      </camera>
      <camera id="11" sensor_id="0" label="DSC00604.JPG">
        <transform>9.9994928312857634e-001 8.9075294545739002e-003 4.6996903793067790e-003 -4.7463517438858522e+000 8.8360087502810242e-003 -9.9984806716457320e-001 1.5025562772561731e-002 2.2690972400288938e+001 4.8328169849899657e-003 -1.4983274217711366e-002 -9.9987606500691195e-001 1.1376447575339086e+000 0 0 0 1</transform>
        <rotation_covariance>9.9707240277658394e-009 -6.5071501610133158e-011 -1.8916297582242320e-010 -6.5071501610133171e-011 3.9817606403556418e-009 -1.0954044910620001e-011 -1.8916297582242323e-010 -1.0954044910620027e-011 1.4754477874345669e-010</rotation_covariance>
        <location_covariance>9.0769519479561057e-007 -1.9134322122118566e-007 -4.1673451213530852e-008 -1.9134322122118566e-007 2.5332546258787937e-006 -6.9223301345144878e-007 -4.1673451213530852e-008 -6.9223301345144878e-007 1.0719499327326718e-006</location_covariance>
      </camera>
      <camera id="12" sensor_id="0" label="DSC00605.JPG">
        <transform>9.9995138531789207e-001 8.7518932342538491e-003 4.5421763115083358e-003 -3.6520367140900785e+000 8.6838102224101391e-003 -9.9985278903260977e-001 1.4798368279395872e-002 2.2897390252867069e+001 4.6710213925619032e-003 -1.4758205464340387e-002 -9.9988018128704925e-001 1.1458109349386671e+000 0 0 0 1</transform>
        <rotation_covariance>1.0163347901908688e-008 2.0765063876709292e-010 -2.1323693207962915e-010 2.0765063876709294e-010 4.0018535529316130e-009 -1.7790934493554121e-011 -2.1323693207962910e-010 -1.7790934493554105e-011 1.5098583755159886e-010</rotation_covariance>
        <location_covariance>8.9963918945076954e-007 -1.1406278992345911e-007 -3.5148191596936506e-008 -1.1406278992345911e-007 2.5808753720054826e-006 -6.8822413461664752e-007 -3.5148191596936506e-008 -6.8822413461664752e-007 1.1332630615926630e-006</location_covariance>
      </camera>
      <camera id="13" sensor_id="0" label="DSC00606.JPG">
        <transform>9.9995469267811232e-001 8.2410172555852160e-003 4.7642654852818296e-003 -3.0005425318913743e+000 8.1808182488451418e-003 -9.9988815734287739e-001 1.2519864945139328e-002 2.3021204375702684e+001 4.8669090602212082e-003 -1.2480322113563936e-002 -9.9991027335263494e-001 1.1492508513629982e+000 0 0 0 1</transform>
        <rotation_covariance>1.0324478428391020e-008 2.8210373595281356e-010 -2.1153459917467619e-010 2.8210373595281361e-010 4.0898195026512008e-009 -1.7814224274626461e-011 -2.1153459917467621e-010 -1.7814224274626474e-011 1.5307088633868517e-010</rotation_covariance>
        <location_covariance>9.1698613855368138e-007 -8.9105549584210385e-008 -3.4485957506313658e-008 -8.9105549584210385e-008 2.6195477808274061e-006 -6.8975547089535754e-007 -3.4485957506313658e-008 -6.8975547089535754e-007 1.1726119721367205e-006</location_covariance>
      </camera>
      <camera id="14" sensor_id="0" label="DSC00607.JPG">
        <transform>9.9996020410024467e-001 8.0618027896509539e-003 3.8206742308864033e-003 -1.9081261289815341e+000 8.0125684478321562e-003 -9.9988685365189878e-001 1.2731010995797017e-002 2.3189642716875994e+001 3.9228768355108875e-003 -1.2699890939967795e-002 -9.9991165800156878e-001 1.1504800229669161e+000 0 0 0 1</transform>
        <rotation_covariance>1.0380621619738868e-008 2.2464326768372776e-010 -2.1507796395923363e-010 2.2464326768372781e-010 4.0343209328279957e-009 -1.3528969371779949e-011 -2.1507796395923363e-010 -1.3528969371779950e-011 1.5507153320603837e-010</rotation_covariance>
        <location_covariance>8.9327567486908507e-007 -9.6356837428154785e-008 -2.4798503720707667e-008 -9.6356837428154785e-008 2.6247511577588107e-006 -6.7701765273656695e-007 -2.4798503720707667e-008 -6.7701765273656695e-007 1.2362162246732668e-006</location_covariance>
      </camera>
      <camera id="15" sensor_id="0" label="DSC00608.JPG">
        <transform>9.9996385423811662e-001 7.7323619251509655e-003 3.5356465191764734e-003 -6.6371934646679809e-001 7.6848746184302709e-003 -9.9988264449563435e-001 1.3252921885981714e-002 2.3379319709046040e+001 3.6377079801841218e-003 -1.3225271848828006e-002 -9.9990592520755450e-001 1.1453325652591186e+000 0 0 0 1</transform>
        <rotation_covariance>1.0281931484002824e-008 -6.1309409628253247e-011 -1.8440409318219406e-010 -6.1309409628253260e-011 4.1137237172554848e-009 -7.8229573661796929e-012 -1.8440409318219403e-010 -7.8229573661796848e-012 1.5805362288228092e-010</rotation_covariance>
        <location_covariance>9.0942876532250163e-007 -1.5800307414878980e-007 -1.6986771397753869e-008 -1.5800307414878980e-007 2.5869806602121069e-006 -6.5269969661830067e-007 -1.6986771397753869e-008 -6.5269969661830067e-007 1.3150773684568015e-006</location_covariance>
      </camera>
      <camera id="16" sensor_id="0" label="DSC00609.JPG">
        <transform>9.9996287589052402e-001 7.6813288752422878e-003 3.9043600579442479e-003 -9.1291065965159082e-002 7.6278260258615029e-003 -9.9987925749034201e-001 1.3538342242737913e-002 2.3457543231446067e+001 4.0078810949042984e-003 -1.3508057864574053e-002 -9.9990072970363231e-001 1.1411498276131307e+000 0 0 0 1</transform>
        <rotation_covariance>1.0395606085973964e-008 -1.8299002272607343e-010 -1.8439863772408696e-010 -1.8299002272607345e-010 4.0874013804458294e-009 -2.0927869533763161e-012 -1.8439863772408699e-010 -2.0927869533763290e-012 1.5958200045315185e-010</rotation_covariance>
        <location_covariance>8.9920040255518794e-007 -1.8458067569720787e-007 -1.6813207383101812e-009 -1.8458067569720787e-007 2.6095895228776217e-006 -6.3719599393813905e-007 -1.6813207383101812e-009 -6.3719599393813905e-007 1.3516023973684405e-006</location_covariance>
      </camera>
      <camera id="17" sensor_id="0" label="DSC00610.JPG">
        <transform>9.9996494954756376e-001 7.1431676799524734e-003 4.3674743084580513e-003 9.7842893969833200e-001 7.0856680210388476e-003 -9.9988984209696807e-001 1.3042123293235619e-002 2.3646609573069341e+001 4.4601552702328807e-003 -1.3010719687873307e-002 -9.9990540962041452e-001 1.1380563710565059e+000 0 0 0 1</transform>
        <rotation_covariance>1.0105809687507675e-008 3.0688102208124415e-011 -1.7350906700150137e-010 3.0688102208124415e-011 3.8485639298379335e-009 -7.2444858841564544e-012 -1.7350906700150137e-010 -7.2444858841564657e-012 1.5740286583069410e-010</rotation_covariance>
        <location_covariance>8.3692003103874330e-007 -1.1836622517630440e-007 2.7464713964485857e-008 -1.1836622517630440e-007 2.5374114618759320e-006 -6.3291541544319170e-007 2.7464713964485857e-008 -6.3291541544319170e-007 1.4294379117362211e-006</location_covariance>
      </camera>
      <camera id="18" sensor_id="0" label="DSC00611.JPG">
        <transform>9.9996436747572237e-001 6.8095226743881132e-003 4.9894067607552913e-003 1.8480923327365995e+000 6.7496304038868818e-003 -9.9990612629581321e-001 1.1923971046262045e-002 2.3815307356147169e+001 5.0701349378692332e-003 -1.1889869513504507e-002 -9.9991645887777225e-001 1.1314834799036513e+000 0 0 0 1</transform>
        <rotation_covariance>1.0303090042897430e-008 1.1951022689220523e-010 -1.7687193661527892e-010 1.1951022689220517e-010 4.0107817624464190e-009 -8.6655062029584483e-012 -1.7687193661527895e-010 -8.6655062029584597e-012 1.6183475900405627e-010</rotation_covariance>
        <location_covariance>8.8153853343355177e-007 -8.3568521401533846e-008 4.9769385459231645e-008 -8.3568521401533846e-008 2.5859286260920131e-006 -6.2775236665501889e-007 4.9769385459231645e-008 -6.2775236665501889e-007 1.5007155505345646e-006</location_covariance>
      </camera>
      <camera id="19" sensor_id="0" label="DSC00612.JPG">
        <transform>9.9996574099917201e-001 6.5153307275124467e-003 5.1056139187275829e-003 2.6141693230995360e+000 6.4495658994694937e-003 -9.9989736346801228e-001 1.2793186836206069e-002 2.3932061996297296e+001 5.1884417395180382e-003 -1.2759819560981578e-002 -9.9990512903829376e-001 1.1329137197711845e+000 0 0 0 1</transform>
        <rotation_covariance>1.0357080264287639e-008 1.0636884813565366e-010 -1.7818336764717278e-010 1.0636884813565368e-010 4.0126667895973913e-009 -7.9423845865274127e-012 -1.7818336764717276e-010 -7.9423845865274207e-012 1.6211366079442668e-010</rotation_covariance>
        <location_covariance>8.8827904650639393e-007 -7.5808149320460434e-008 6.6922343011467366e-008 -7.5808149320460434e-008 2.5993908131005437e-006 -6.2055537199536486e-007 6.6922343011467366e-008 -6.2055537199536486e-007 1.5616570596876340e-006</location_covariance>
      </camera>
      <camera id="20" sensor_id="0" label="DSC00613.JPG">
        <transform>9.9996672193287961e-001 5.7859858387278324e-003 5.7512950441176072e-003 3.5053692445933344e+000 5.7181982049347279e-003 -9.9991480553723244e-001 1.1733877310065564e-002 2.4118955824613554e+001 5.8186971135755147e-003 -1.1700599784311538e-002 -9.9991461571905615e-001 1.1245214641638972e+000 0 0 0 1</transform>
        <rotation_covariance>1.0770346307687699e-008 2.0595553965620871e-010 -1.7801786063147620e-010 2.0595553965620873e-010 4.1973559580120520e-009 -3.7858617032894707e-012 -1.7801786063147625e-010 -3.7858617032894610e-012 1.6860163627752792e-010</rotation_covariance>
        <location_covariance>9.4174836762695825e-007 -3.6313922872787472e-008 9.0311153141885450e-008 -3.6313922872787472e-008 2.7014435311861788e-006 -6.1603464493740988e-007 9.0311153141885450e-008 -6.1603464493740988e-007 1.6449341028717919e-006</location_covariance>
      </camera>
      <camera id="21" sensor_id="0" label="DSC00614.JPG">
        <transform>9.9996623885967073e-001 5.6610839367331337e-003 5.9559440482059404e-003 4.2132285628760089e+000 5.5904853173084279e-003 -9.9991470137165528e-001 1.1804086358138665e-002 2.4235064873778942e+001 6.0222599380180004e-003 -1.1770391220970461e-002 -9.9991259131773325e-001 1.1221259838793696e+000 0 0 0 1</transform>
        <rotation_covariance>1.1191614202657858e-008 1.5185704941501373e-010 -1.7870014435403128e-010 1.5185704941501371e-010 4.3817667270679768e-009 -1.5334948709274883e-012 -1.7870014435403131e-010 -1.5334948709274810e-012 1.7446858125671103e-010</rotation_covariance>
        <location_covariance>9.9465482227093662e-007 -3.9092715334116080e-008 1.1234771699682611e-007 -3.9092715334116080e-008 2.8060469011668241e-006 -6.1429839796031852e-007 1.1234771699682611e-007 -6.1429839796031852e-007 1.7099265373603106e-006</location_covariance>
      </camera>
      <camera id="22" sensor_id="0" label="DSC00615.JPG">
        <transform>9.9996032012488134e-001 5.4150628159724441e-003 7.0735613691908011e-003 5.0015097339818215e+000 5.3335605937520503e-003 -9.9991975661320986e-001 1.1490581620267211e-002 2.4367357199404662e+001 7.1352159839356737e-003 -1.1452398407247275e-002 -9.9990896148778674e-001 1.1324632127078509e+000 0 0 0 1</transform>
        <rotation_covariance>1.1518684711808322e-008 3.9081315085301862e-011 -1.6262931560787279e-010 3.9081315085301856e-011 4.4288614219830171e-009 6.1304852955310030e-012 -1.6262931560787281e-010 6.1304852955309941e-012 1.8025498481363068e-010</rotation_covariance>
        <location_covariance>1.0185100766439570e-006 -5.4233639941050350e-008 1.3734616840915420e-007 -5.4233639941050350e-008 2.8931463560352115e-006 -6.1283308493154368e-007 1.3734616840915420e-007 -6.1283308493154368e-007 1.7867805855972037e-006</location_covariance>
      </camera>
      <camera id="23" sensor_id="0" label="DSC00616.JPG">
        <transform>9.9996177310421142e-001 5.1091176757819207e-003 7.0957203198278376e-003 5.7010428029511395e+000 5.0337843220647901e-003 -9.9993120835824645e-001 1.0594317656932167e-002 2.4460273558151069e+001 7.1493598091814936e-003 -1.0558194343355434e-002 -9.9991870228860447e-001 1.1382972727583816e+000 0 0 0 1</transform>
        <rotation_covariance>1.1506930172457800e-008 -3.1400540143129347e-011 -1.5017688216707553e-010 -3.1400540143129334e-011 4.4091464217793970e-009 8.8928982499763272e-012 -1.5017688216707553e-010 8.8928982499763401e-012 1.8486763846733654e-010</rotation_covariance>
        <location_covariance>1.0279316896824165e-006 -5.9933156483898059e-008 1.5786564787055572e-007 -5.9933156483898059e-008 2.8950264524137371e-006 -6.0585299727298607e-007 1.5786564787055572e-007 -6.0585299727298607e-007 1.8526723243628690e-006</location_covariance>
      </camera>
      <camera id="24" sensor_id="0" label="DSC00617.JPG">
        <transform>9.9996915836539058e-001 4.7469016837246181e-003 6.2569355452398688e-003 6.4444568717056399e+000 4.6899255230532094e-003 -9.9994769130149463e-001 9.0895137053143994e-003 2.4554609856894174e+001 6.2997552809968601e-003 -9.0598888081442046e-003 -9.9993911389553292e-001 1.1471085136874641e+000 0 0 0 1</transform>
        <rotation_covariance>1.1788991595684894e-008 1.0616201321454156e-010 -1.5739874263488496e-010 1.0616201321454156e-010 4.6139707692424385e-009 1.5463281505319865e-011 -1.5739874263488493e-010 1.5463281505319855e-011 1.9686019785741624e-010</rotation_covariance>
        <location_covariance>1.0961793379226898e-006 -1.4579127744161201e-008 1.8547134677147847e-007 -1.4579127744161201e-008 2.9700960040588888e-006 -5.9189283109586861e-007 1.8547134677147847e-007 -5.9189283109586861e-007 1.9259843022664570e-006</location_covariance>
      </camera>
      <camera id="25" sensor_id="0" label="DSC00618.JPG">
        <transform>9.9997504832233020e-001 4.7854219675623217e-003 5.1963900302483129e-003 7.2132623922193329e+000 4.7285844929675427e-003 -9.9992946047172926e-001 1.0895621570579122e-002 2.4659618725618714e+001 5.2481636261609635e-003 -1.0870778137225234e-002 -9.9992713882624684e-001 1.1494176224364150e+000 0 0 0 1</transform>
        <rotation_covariance>1.2042275439469235e-008 2.6847313423345587e-010 -1.6022023280748890e-010 2.6847313423345587e-010 4.6962617488826496e-009 -3.3865606196465210e-012 -1.6022023280748893e-010 -3.3865606196465093e-012 2.0891132560303676e-010</rotation_covariance>
        <location_covariance>1.1414240864418464e-006 3.8871433012722303e-008 2.0409538387083313e-007 3.8871433012722303e-008 3.0346344494868119e-006 -5.7903498460178487e-007 2.0409538387083313e-007 -5.7903498460178487e-007 2.0052514041203159e-006</location_covariance>
      </camera>
      <camera id="26" sensor_id="0" label="DSC00619.JPG">
        <transform>9.9998099057050061e-001 5.2569089655519138e-003 3.2223292458452950e-003 7.5264907314511342e+000 5.2195702904240995e-003 -9.9992038337906286e-001 1.1488384962706016e-002 2.4760816696703735e+001 3.2824660887893547e-003 -1.1471347401064425e-002 -9.9992881426888591e-001 1.1400948606485068e+000 0 0 0 1</transform>
        <rotation_covariance>1.2666103047919483e-008 3.6909191156067148e-010 -1.7395581190220833e-010 3.6909191156067138e-010 4.8466465364843164e-009 -1.9759288852350317e-011 -1.7395581190220838e-010 -1.9759288852350317e-011 2.1826050385932396e-010</rotation_covariance>
        <location_covariance>1.1897288334918419e-006 6.9545097077859877e-008 2.0966347088370122e-007 6.9545097077859877e-008 3.1870890494505744e-006 -5.8807123362723231e-007 2.0966347088370122e-007 -5.8807123362723231e-007 2.0485343652279984e-006</location_covariance>
      </camera>
      <camera id="27" sensor_id="0" label="DSC00620.JPG">
        <transform>9.9994621484297230e-001 9.0564610843680664e-003 5.0544963981714848e-003 7.7456992971696552e+000 8.9777759198123273e-003 -9.9984143376528400e-001 1.5378779721252381e-002 2.3054819423322790e+001 5.1929722457798319e-003 -1.5332574435119902e-002 -9.9986896401500835e-001 1.1035597561654735e+000 0 0 0 1</transform>
        <rotation_covariance>1.0974157512997291e-008 2.6592240358597208e-010 -1.3674871774304794e-010 2.6592240358597213e-010 4.5292324741787623e-009 1.1234337177033969e-011 -1.3674871774304796e-010 1.1234337177033976e-011 1.8503498035017064e-010</rotation_covariance>
        <location_covariance>1.1066388072130709e-006 6.6117142731112623e-009 1.9317164808364665e-007 6.6117142731112623e-009 2.7039597107405372e-006 -4.5142711594324030e-007 1.9317164808364665e-007 -4.5142711594324030e-007 1.7907736418824697e-006</location_covariance>
      </camera>
      <camera id="28" sensor_id="0" label="DSC00621.JPG">
        <transform>9.9993945288935449e-001 8.8416080303422868e-003 6.5510703534823926e-003 7.7253125668301044e+000 8.7534153157332369e-003 -9.9987229053820970e-001 1.3370876343164263e-002 2.3090955139369196e+001 6.6684537674618341e-003 -1.3312722535668267e-002 -9.9988914542715157e-001 1.0974899253862995e+000 0 0 0 1</transform>
        <rotation_covariance>1.0900308378261484e-008 2.7135417167391812e-010 -1.2745352043576265e-010 2.7135417167391806e-010 4.5118638996076424e-009 1.4943489427296915e-011 -1.2745352043576265e-010 1.4943489427296912e-011 1.8497741513705998e-010</rotation_covariance>
        <location_covariance>1.0999750503797795e-006 8.9360176801618635e-009 1.9703934405886005e-007 8.9360176801618635e-009 2.6857201311336316e-006 -4.5968352671301082e-007 1.9703934405886005e-007 -4.5968352671301082e-007 1.7936129180596529e-006</location_covariance>
      </camera>
      <camera id="29" sensor_id="0" label="DSC00622.JPG">
        <transform>9.9993854149581041e-001 8.6847727904825964e-003 6.8911503255216413e-003 7.3607276172351925e+000 8.5771545014199646e-003 -9.9984314558298815e-001 1.5495697834377873e-002 2.3116621257488212e+001 7.0246460330763358e-003 -1.5435639030933092e-002 -9.9985618735687021e-001 1.0898287374554878e+000 0 0 0 1</transform>
        <rotation_covariance>1.0657080680318271e-008 2.1217714428962076e-010 -1.2508490250741225e-010 2.1217714428962079e-010 4.3733979380590134e-009 1.5627383121874811e-011 -1.2508490250741228e-010 1.5627383121874811e-011 1.7871029333575150e-010</rotation_covariance>
        <location_covariance>1.0556057526378158e-006 -9.6088188626085647e-009 1.7999256816574006e-007 -9.6088188626085647e-009 2.6214127388542796e-006 -4.5701263016799188e-007 1.7999256816574006e-007 -4.5701263016799188e-007 1.7664146600162617e-006</location_covariance>
      </camera>
      <camera id="30" sensor_id="0" label="DSC00623.JPG">
        <transform>9.9995733288237676e-001 8.0398573765967634e-003 4.5489678088789327e-003 6.3262882939836471e+000 7.9702425189069424e-003 -9.9985391952947866e-001 1.5120014409007199e-002 2.3031394905075196e+001 4.6698660529015312e-003 -1.5083112904926489e-002 -9.9987533825779762e-001 1.0803688681846735e+000 0 0 0 1</transform>
        <rotation_covariance>1.0637502450922722e-008 8.0489996487085755e-012 -1.5828171342670173e-010 8.0489996487085642e-012 4.3190266097434918e-009 1.7240424640557353e-011 -1.5828171342670176e-010 1.7240424640557360e-011 1.6981803628712547e-010</rotation_covariance>
        <location_covariance>1.0117724682908250e-006 -7.3911081751576445e-008 1.4884658358794159e-007 -7.3911081751576445e-008 2.6110663242788171e-006 -4.8379521587058241e-007 1.4884658358794159e-007 -4.8379521587058241e-007 1.6716154238776963e-006</location_covariance>
      </camera>
      <camera id="31" sensor_id="0" label="DSC00624.JPG">
        <transform>9.9995450482313863e-001 8.3279869638580948e-003 4.6511199770923762e-003 5.1571112322809363e+000 8.2616690453627250e-003 -9.9986645594939172e-001 1.4100180558702591e-002 2.2867633036099683e+001 4.7679249675716909e-003 -1.4061113054553286e-002 -9.9988976992025014e-001 1.0809038975090137e+000 0 0 0 1</transform>
        <rotation_covariance>9.9736715456709031e-009 1.0540879238762095e-010 -1.5164404941802933e-010 1.0540879238762093e-010 4.0775574679062680e-009 2.0396539333751513e-011 -1.5164404941802933e-010 2.0396539333751523e-011 1.5614196852114753e-010</rotation_covariance>
        <location_covariance>9.2847361570385207e-007 -6.6287037534808217e-008 1.1051443310571196e-007 -6.6287037534808217e-008 2.4427834940585929e-006 -5.0402356303696673e-007 1.1051443310571196e-007 -5.0402356303696673e-007 1.5618622446195428e-006</location_covariance>
      </camera>
      <camera id="32" sensor_id="0" label="DSC00625.JPG">
        <transform>9.9994109559491640e-001 8.4148737106960574e-003 6.8553074963700403e-003 3.9369683686608408e+000 8.3160622936317083e-003 -9.9986292318708725e-001 1.4317050803196365e-002 2.2665569931620890e+001 6.9748439670854184e-003 -1.4259198301654449e-002 -9.9987400547040373e-001 1.1022832752209906e+000 0 0 0 1</transform>
        <rotation_covariance>9.7669426624099308e-009 1.3587977152775615e-010 -1.3126499388901619e-010 1.3587977152775612e-010 4.0355648630630571e-009 2.5291912582353526e-011 -1.3126499388901616e-010 2.5291912582353520e-011 1.5042816659033014e-010</rotation_covariance>
        <location_covariance>9.0291288928314345e-007 -7.5144672731786032e-008 7.4308497935191775e-008 -7.5144672731786032e-008 2.3940006109740766e-006 -5.0905769233833352e-007 7.4308497935191775e-008 -5.0905769233833352e-007 1.4542460957153968e-006</location_covariance>
      </camera>
      <camera id="33" sensor_id="0" label="DSC00626.JPG">
        <transform>9.9993061432589614e-001 8.2963802599529800e-003 8.3628110357120301e-003 2.8443794351620766e+000 8.1800074845679426e-003 -9.9987055537518199e-001 1.3854961973150694e-002 2.2493440938038685e+001 8.4766745477915361e-003 -1.3785592780410347e-002 -9.9986904313530156e-001 1.1036825186652290e+000 0 0 0 1</transform>
        <rotation_covariance>9.2932984881271955e-009 1.0467564331283962e-010 -1.1915919585482627e-010 1.0467564331283961e-010 3.7861722528309515e-009 2.3533980359305653e-011 -1.1915919585482627e-010 2.3533980359305653e-011 1.4235747204063279e-010</rotation_covariance>
        <location_covariance>8.2748448052642615e-007 -9.5265309191172380e-008 4.9849726675381970e-008 -9.5265309191172380e-008 2.2768656738615808e-006 -5.2458065920546495e-007 4.9849726675381970e-008 -5.2458065920546495e-007 1.3630629584052331e-006</location_covariance>
      </camera>
      <camera id="34" sensor_id="0" label="DSC00627.JPG">
        <transform>9.9992679465784540e-001 8.0213770439157561e-003 9.0588539896665505e-003 1.7635858298053855e+000 7.8872828809828655e-003 -9.9986021475128184e-001 1.4742514245406563e-002 2.2312485596418128e+001 9.1758429608462099e-003 -1.4669985270612992e-002 -9.9985028651199470e-001 1.1084658953776736e+000 0 0 0 1</transform>
        <rotation_covariance>9.1970726828175491e-009 1.3800517262746010e-011 -1.1320952771674029e-010 1.3800517262746016e-011 3.7103494666836262e-009 2.0318981549927023e-011 -1.1320952771674029e-010 2.0318981549927023e-011 1.3956485006887034e-010</rotation_covariance>
        <location_covariance>8.0001256857622638e-007 -1.2849747492997361e-007 2.5896651722693485e-008 -1.2849747492997361e-007 2.2559732771177774e-006 -5.3809574352224187e-007 2.5896651722693485e-008 -5.3809574352224187e-007 1.2787723167812599e-006</location_covariance>
      </camera>
      <camera id="35" sensor_id="0" label="DSC00628.JPG">
        <transform>9.9992854139979692e-001 7.9444908463311495e-003 8.9329255715347271e-003 7.1864289164720085e-001 7.8134251807579526e-003 -9.9986270177885916e-001 1.4612596566827096e-002 2.2152449305440385e+001 9.0477887364104580e-003 -1.4541755625532638e-002 -9.9985332667462212e-001 1.1201804143815686e+000 0 0 0 1</transform>
        <rotation_covariance>9.2078784400572665e-009 -8.0324242042718961e-011 -1.0873087504792718e-010 -8.0324242042718948e-011 3.7074291466784302e-009 2.1924660034259154e-011 -1.0873087504792720e-010 2.1924660034259157e-011 1.3854335640310338e-010</rotation_covariance>
        <location_covariance>7.9746143865344036e-007 -1.6111825374503847e-007 -7.4205415258485785e-010 -1.6111825374503847e-007 2.2629412752387255e-006 -5.4633533807277795e-007 -7.4205415258485785e-010 -5.4633533807277795e-007 1.2056525050783947e-006</location_covariance>
      </camera>
      <camera id="36" sensor_id="0" label="DSC00629.JPG">
        <transform>9.9992373835923165e-001 8.2643363340716997e-003 9.1770480361375896e-003 -2.6560247128403197e-001 8.1268051391311016e-003 -9.9985560523616213e-001 1.4923930985450650e-002 2.1969373737459708e+001 9.2990593035439210e-003 -1.4848212780844840e-002 -9.9984651725816598e-001 1.0931503517803347e+000 0 0 0 1</transform>
        <rotation_covariance>9.1760235749137245e-009 -3.1685717071281441e-011 -1.0488853690502911e-010 -3.1685717071281441e-011 3.9317992125759393e-009 1.6428349336629821e-011 -1.0488853690502913e-010 1.6428349336629834e-011 1.3852228289810183e-010</rotation_covariance>
        <location_covariance>8.5528704494734960e-007 -1.5354306251887505e-007 -2.5632450852386320e-008 -1.5354306251887505e-007 2.2505694691862746e-006 -5.5847603187718807e-007 -2.5632450852386320e-008 -5.5847603187718807e-007 1.1351722395370214e-006</location_covariance>
      </camera>
      <camera id="37" sensor_id="0" label="DSC00630.JPG">
        <transform>9.9990896068374990e-001 8.1945748920751234e-003 1.0720041356302451e-002 -1.1541086150391195e+000 8.0230939675420814e-003 -9.9984071791672957e-001 1.5942671010429781e-002 2.1824191698461327e+001 1.0848977257357154e-002 -1.5855211701424239e-002 -9.9981543894579483e-001 1.0764302865295283e+000 0 0 0 1</transform>
        <rotation_covariance>8.9373857513941457e-009 2.3661604189881367e-010 -1.0567188802205743e-010 2.3661604189881367e-010 3.7807195229642361e-009 8.9570786790034654e-012 -1.0567188802205740e-010 8.9570786790034622e-012 1.3258199322717099e-010</rotation_covariance>
        <location_covariance>8.1754974755586235e-007 -8.9990492262097033e-008 -2.9697346798014958e-008 -8.9990492262097033e-008 2.1942959068791699e-006 -5.7279312547835009e-007 -2.9697346798014958e-008 -5.7279312547835009e-007 1.0760923561291431e-006</location_covariance>
      </camera>
      <camera id="38" sensor_id="0" label="DSC00631.JPG">
        <transform>9.9989865668704314e-001 8.2739771266174024e-003 1.1585234479921706e-002 -2.0916723181082699e+000 8.0992991903608494e-003 -9.9985402556171166e-001 1.5044232139429473e-002 2.1680370918254244e+001 1.1708018964435223e-002 -1.4948875226860201e-002 -9.9981971045853069e-001 1.0773923549795257e+000 0 0 0 1</transform>
        <rotation_covariance>8.8610735262110666e-009 2.0349802013488078e-010 -1.0665994129326763e-010 2.0349802013488078e-010 3.6094964539550145e-009 1.4019369009341678e-011 -1.0665994129326765e-010 1.4019369009341691e-011 1.2850406248221657e-010</rotation_covariance>
        <location_covariance>7.7705177057810602e-007 -1.0529899145116252e-007 -3.2520434227469416e-008 -1.0529899145116252e-007 2.1794549631839364e-006 -5.8030241402286465e-007 -3.2520434227469416e-008 -5.8030241402286465e-007 1.0207021922964752e-006</location_covariance>
      </camera>
      <camera id="39" sensor_id="0" label="DSC00632.JPG">
        <transform>9.9988222076890010e-001 8.2453314957844671e-003 1.2944462089132712e-002 -3.0295375076015834e+000 8.0446732818843306e-003 -9.9984784963141948e-001 1.5477752395425844e-002 2.1526280565409603e+001 1.3070111783764733e-002 -1.5371795469332745e-002 -9.9979641931845753e-001 1.0907010647985742e+000 0 0 0 1</transform>
        <rotation_covariance>8.9158179423448811e-009 2.2817831948208766e-010 -9.5449562928012595e-011 2.2817831948208763e-010 3.6273529298873797e-009 1.3269945824569453e-011 -9.5449562928012607e-011 1.3269945824569438e-011 1.2737953787827826e-010</rotation_covariance>
        <location_covariance>7.9047527204451875e-007 -1.0369615937420303e-007 -4.0259959348792625e-008 -1.0369615937420303e-007 2.2027452656752190e-006 -5.8725147816113916e-007 -4.0259959348792625e-008 -5.8725147816113916e-007 9.6945114494784724e-007</location_covariance>
      </camera>
      <camera id="40" sensor_id="0" label="DSC00633.JPG">
        <transform>9.9987158547317434e-001 8.1610554983611132e-003 1.3791654596649713e-002 -3.9987475592877173e+000 7.9503062773637646e-003 -9.9985184045866260e-001 1.5267277475739536e-002 2.1384528920406037e+001 1.3914208330218777e-002 -1.5155669057411595e-002 -9.9978832784843286e-001 1.0946220588198625e+000 0 0 0 1</transform>
        <rotation_covariance>9.0815108367307577e-009 2.0298758925882899e-010 -8.9780526249842206e-011 2.0298758925882899e-010 3.6989454422240466e-009 9.5450345745596903e-012 -8.9780526249842232e-011 9.5450345745596758e-012 1.2812951775444044e-010</rotation_covariance>
        <location_covariance>8.1910026518453315e-007 -1.1487238931728934e-007 -4.3666792448752050e-008 -1.1487238931728934e-007 2.2535127316904790e-006 -5.9994232504866361e-007 -4.3666792448752050e-008 -5.9994232504866361e-007 9.2218739401183035e-007</location_covariance>
      </camera>
      <camera id="41" sensor_id="0" label="DSC00634.JPG">
