<?xml version="1.0" encoding="UTF-8"?>
<document version="1.5.0">
  <chunk label="SonyA9" enabled="true">
    <sensors next_id="1">
      <sensor id="0" label="SonyA9" type="frame">
        <resolution width="6000" height="4000"/>
        <property name="pixel_width" value="0.006"/>
        <property name="pixel_height" value="0.006"/>
        <property name="focal_length" value="55"/>
        <property name="fixed" value="true"/>
        <property name="layer_index" value="0"/>
        <calibration type="frame" class="initial">
          <resolution width="6000" height="4000"/>
          <f>9227.77018581081</f>
          <cx>-37.8304617831239</cx>
          <cy>31.7622333680372</cy>
          <k1>-0.017282082281574</k1>
        </calibration>
      </sensor>
    </sensors>
    <cameras next_id="601" next_group_id="0">
      <camera id="0" sensor_id="0" label="DSC00621.JPG">
        <transform>9.9420636468675538e-001 1.0279174872983089e-001 3.1425480257430846e-002 -2.8003439635938179e+001 1.0235019811674591e-001 -9.9462991560279890e-001 1.5354736514571095e-002 1.2227887911651171e+001 3.2835062993844422e-002 -1.2049372640612770e-002 -9.9938814844741775e-001 5.0321745838759147e-001 0 0 0 1</transform>
        <rotation_covariance>9.3417461319419403e-009 8.4354445384168990e-011 1.8766016367309796e-010 8.4354445384169222e-011 5.0279565122144275e-009 -4.7126650438127748e-011 1.8766016367309801e-010 -4.7126650438127735e-011 1.9075800947829176e-010</rotation_covariance>
        <location_covariance>4.8043803024118656e-006 -2.7052763066422428e-006 1.4971589109689340e-006 -2.7052763066422428e-006 6.5163827087404435e-006 -1.3940936792816886e-006 1.4971589109689340e-006 -1.3940936792816886e-006 2.1539917297324768e-006</location_covariance>
      </camera>
      <camera id="1" sensor_id="0" label="DSC00622.JPG">
        <transform>9.9677210437315511e-001 7.5169111816626194e-002 2.8195328907645999e-002 -2.7910342684663647e+001 7.4814920528451068e-002 -9.9710720023280830e-001 1.3414876451605993e-002 1.2225640019153317e+001 2.9122149814743065e-002 -1.1262143339074123e-002 -9.9951241338843699e-001 4.7748840387320823e-001 0 0 0 1</transform>
        <rotation_covariance>9.2904437827656919e-009 -2.3754184604582807e-011 1.4784543913381101e-010 -2.3754184604582607e-011 4.9263766478161818e-009 -4.4626636359682457e-011 1.4784543913381106e-010 -4.4626636359682457e-011 1.8675287677488001e-010</rotation_covariance>
        <location_covariance>4.7259721766103432e-006 -2.6892086727219564e-006 1.4800001957160329e-006 -2.6892086727219564e-006 6.4777200704035807e-006 -1.4004290354249873e-006 1.4800001957160329e-006 -1.4004290354249873e-006 2.1393026838157369e-006</location_covariance>
      </camera>
      <camera id="2" sensor_id="0" label="DSC00623.JPG">
        <transform>9.9838414964704736e-001 4.8687761636479955e-002 2.9301733743450704e-002 -2.6589631510415675e+001 4.8427505020632707e-002 -9.9878125966865516e-001 9.5274389093302804e-003 1.2175284841781927e+001 2.9729892213382830e-002 -8.0930341358316990e-003 -9.9952520543879075e-001 5.1987347994170585e-001 0 0 0 1</transform>
        <rotation_covariance>1.0018517541950761e-008 -2.5885112571680177e-010 1.5473980071376837e-010 -2.5885112571680167e-010 4.6353172732949058e-009 -1.7286560123848797e-011 1.5473980071376835e-010 -1.7286560123848787e-011 1.7464008085896976e-010</rotation_covariance>
        <location_covariance>4.3047664491387648e-006 -2.6212267047840610e-006 1.3931074312973033e-006 -2.6212267047840610e-006 6.8325694092323173e-006 -1.3701866136384340e-006 1.3931074312973033e-006 -1.3701866136384340e-006 1.9677280519879327e-006</location_covariance>
      </camera>
      <camera id="3" sensor_id="0" label="DSC00624.JPG">
        <transform>9.9914981380766910e-001 3.0196329994493863e-002 2.8068331317742556e-002 -2.5116515389952607e+001 2.9930161270210920e-002 -9.9950340671925242e-001 9.8552221155996742e-003 1.2170367832065557e+001 2.8351984312180049e-002 -9.0067536589088972e-003 -9.9955742375017631e-001 5.2930818170664529e-001 0 0 0 1</transform>
        <rotation_covariance>1.0212654558423002e-008 -2.6320206238567425e-010 1.3790611487550767e-010 -2.6320206238567425e-010 4.6212960245439457e-009 -2.6072331845304823e-011 1.3790611487550769e-010 -2.6072331845304830e-011 1.7009053349835421e-010</rotation_covariance>
        <location_covariance>3.9917389919028074e-006 -2.4055405304465748e-006 1.3196997400517486e-006 -2.4055405304465748e-006 6.9202983047674773e-006 -1.3517595205038349e-006 1.3196997400517486e-006 -1.3517595205038349e-006 1.8009373974430374e-006</location_covariance>
      </camera>
      <camera id="4" sensor_id="0" label="DSC00625.JPG">
        <transform>9.9919910492320996e-001 2.9135356525932330e-002 2.7427718110740715e-002 -2.3506003927136607e+001 2.8933405339908767e-002 -9.9955144108895866e-001 7.7314081785004535e-003 1.2203870129507441e+001 2.7640672497100730e-002 -6.9316388461068230e-003 -9.9959389034087998e-001 5.0256822105463861e-001 0 0 0 1</transform>
        <rotation_covariance>1.0077559703168718e-008 -2.7139273735114805e-010 1.4568241775673391e-010 -2.7139273735114805e-010 4.5641212895257851e-009 -2.6747056716806735e-011 1.4568241775673393e-010 -2.6747056716806729e-011 1.6505128139236818e-010</rotation_covariance>
        <location_covariance>3.6642699826212533e-006 -2.2161112764725432e-006 1.2465088511267619e-006 -2.2161112764725432e-006 6.8301747857383838e-006 -1.3616771688685813e-006 1.2465088511267619e-006 -1.3616771688685813e-006 1.6374886581612496e-006</location_covariance>
      </camera>
      <camera id="5" sensor_id="0" label="DSC00626.JPG">
        <transform>9.9923751802393224e-001 2.9125396410043528e-002 2.6001804885988720e-002 -2.1960087968244295e+001 2.8914542161945254e-002 -9.9954618075009405e-001 8.4487750275119688e-003 1.2164976738550402e+001 2.6236078688254724e-002 -7.6905027051710467e-003 -9.9962619230550653e-001 5.1052036835806014e-001 0 0 0 1</transform>
        <rotation_covariance>9.7311127196109030e-009 -3.3306328527391940e-010 1.4754802537274047e-010 -3.3306328527391956e-010 4.3609544170723028e-009 -2.9383984765224531e-011 1.4754802537274052e-010 -2.9383984765224531e-011 1.5719759734388487e-010</rotation_covariance>
        <location_covariance>3.3125510155094722e-006 -2.0614612086025851e-006 1.1628903434619575e-006 -2.0614612086025851e-006 6.6394249284323164e-006 -1.3552030241027973e-006 1.1628903434619575e-006 -1.3552030241027973e-006 1.4834587186539273e-006</location_covariance>
      </camera>
      <camera id="6" sensor_id="0" label="DSC00627.JPG">
        <transform>9.9929852444624556e-001 2.7569262239972789e-002 2.5345508854620814e-002 -2.0532503944914353e+001 2.7382839394090919e-002 -9.9959556920516046e-001 7.6732087244283332e-003 1.2164053660200409e+001 2.5546803053874939e-002 -6.9737941577617023e-003 -9.9964930202985269e-001 4.9907251528662400e-001 0 0 0 1</transform>
        <rotation_covariance>9.4220020314370692e-009 -3.9631105701053811e-010 1.5024739865586492e-010 -3.9631105701053816e-010 4.1448776142096915e-009 -2.4872567155267329e-011 1.5024739865586490e-010 -2.4872567155267325e-011 1.5134136207578263e-010</rotation_covariance>
        <location_covariance>2.9889987671882657e-006 -1.9222235384279990e-006 1.0741064413212648e-006 -1.9222235384279990e-006 6.4702257041637844e-006 -1.3610800040403176e-006 1.0741064413212648e-006 -1.3610800040403176e-006 1.3563441672573007e-006</location_covariance>
      </camera>
      <camera id="7" sensor_id="0" label="DSC00628.JPG">
        <transform>9.9933413765141910e-001 2.7565521551092837e-002 2.3904462891042141e-002 -1.9059298750084253e+001 2.7429506923601171e-002 -9.9960573735151204e-001 5.9993336186718593e-003 1.2157990997294732e+001 2.4060413014349729e-002 -5.3396512579238064e-003 -9.9969624619182329e-001 4.7147526869783352e-001 0 0 0 1</transform>
        <rotation_covariance>9.4174081408926913e-009 -3.7839531414602046e-010 1.4241513433935928e-010 -3.7839531414602046e-010 4.2030046288102634e-009 -3.0442352879247323e-011 1.4241513433935928e-010 -3.0442352879247329e-011 1.5097555282758156e-010</rotation_covariance>
        <location_covariance>2.8149605951737727e-006 -1.7420894775156621e-006 9.9778658523523306e-007 -1.7420894775156621e-006 6.4418636087191820e-006 -1.3672415732457977e-006 9.9778658523523306e-007 -1.3672415732457977e-006 1.2404075731296946e-006</location_covariance>
      </camera>
      <camera id="8" sensor_id="0" label="DSC00629.JPG">
        <transform>9.9934895222198739e-001 2.7601985777300851e-002 2.3233640996736239e-002 -1.7627692286920603e+001 2.7467430921712381e-002 -9.9960414295973565e-001 6.0907812547512279e-003 1.2125112551584532e+001 2.3392561453943004e-002 -5.4486474360112445e-003 -9.9971150854120983e-001 4.6764398164855397e-001 0 0 0 1</transform>
        <rotation_covariance>9.3188084850319327e-009 -3.3494827717843333e-010 1.3804662516301162e-010 -3.3494827717843322e-010 4.0892537640006714e-009 -3.0572838623385761e-011 1.3804662516301170e-010 -3.0572838623385774e-011 1.4759085338620861e-010</rotation_covariance>
        <location_covariance>2.5888048333721593e-006 -1.5571242167342768e-006 9.1703706864137924e-007 -1.5571242167342768e-006 6.3767562063430537e-006 -1.3635319728628745e-006 9.1703706864137924e-007 -1.3635319728628745e-006 1.1336660378528976e-006</location_covariance>
      </camera>
      <camera id="9" sensor_id="0" label="DSC00630.JPG">
        <transform>9.9936160375700844e-001 2.7561218088762770e-002 2.2732448035423056e-002 -1.6252960558981300e+001 2.7426091753557178e-002 -9.9960439031922277e-001 6.2347690943894652e-003 1.2130828295182530e+001 2.2895292689656024e-002 -5.6073266356212051e-003 -9.9972214312810759e-001 4.6466319375576681e-001 0 0 0 1</transform>
        <rotation_covariance>9.7309085211225237e-009 -3.5213352974322051e-010 1.4105375435422653e-010 -3.5213352974322040e-010 4.2401147282692362e-009 -4.8241581303204431e-011 1.4105375435422658e-010 -4.8241581303204438e-011 1.4945864081798421e-010</rotation_covariance>
        <location_covariance>2.5208178265156569e-006 -1.4135273844012902e-006 8.4137331537282005e-007 -1.4135273844012902e-006 6.5643497634327722e-006 -1.3774933491192608e-006 8.4137331537282005e-007 -1.3774933491192608e-006 1.0474186215477121e-006</location_covariance>
      </camera>
      <camera id="10" sensor_id="0" label="DSC00631.JPG">
        <transform>9.9939495143501778e-001 2.7318218234141350e-002 2.1527795955726764e-002 -1.4843641879080165e+001 2.7192168392815644e-002 -9.9961145109527350e-001 6.1264032921824804e-003 1.2122006699690019e+001 2.1686793776313190e-002 -5.5373090679077426e-003 -9.9974947921166235e-001 4.6167585168719893e-001 0 0 0 1</transform>
        <rotation_covariance>9.6625444564427210e-009 -4.2451270996802108e-010 1.3433243180350056e-010 -4.2451270996802108e-010 4.3137300074767132e-009 -5.2875967462789504e-011 1.3433243180350053e-010 -5.2875967462789498e-011 1.4826578048129449e-010</rotation_covariance>
        <location_covariance>2.4336695702379684e-006 -1.2874251821022490e-006 7.6703764362467853e-007 -1.2874251821022490e-006 6.5170068111980218e-006 -1.3803138646445964e-006 7.6703764362467853e-007 -1.3803138646445964e-006 9.6602014062177761e-007</location_covariance>
      </camera>
      <camera id="11" sensor_id="0" label="DSC00632.JPG">
        <transform>9.9940911688999212e-001 2.7050041335820504e-002 2.1206422161603431e-002 -1.3704510432154070e+001 2.6939609960282471e-002 -9.9962206400590881e-001 5.4759992471315778e-003 1.2111619923274503e+001 2.1346533497352497e-002 -4.9014708299793455e-003 -9.9976012177489315e-001 4.4672096318493021e-001 0 0 0 1</transform>
        <rotation_covariance>9.5833371080500576e-009 -1.9041672748854999e-010 1.1622424254066371e-010 -1.9041672748854999e-010 4.2077996898929483e-009 -4.3251437295765558e-011 1.1622424254066371e-010 -4.3251437295765571e-011 1.4524301615342000e-010</rotation_covariance>
        <location_covariance>2.2855560237176461e-006 -1.0452989134068576e-006 6.8569261910255617e-007 -1.0452989134068576e-006 6.4696406997041582e-006 -1.3760533119638815e-006 6.8569261910255617e-007 -1.3760533119638815e-006 9.0499311617501176e-007</location_covariance>
      </camera>
      <camera id="12" sensor_id="0" label="DSC00633.JPG">
        <transform>9.9943523704462511e-001 2.6885173745482847e-002 2.0159225834077810e-002 -1.2080032650067611e+001 2.6806337018658095e-002 -9.9963194450125670e-001 4.1708306461034975e-003 1.2091972040078691e+001 2.0263939626742646e-002 -3.6280801137179072e-003 -9.9978808243821959e-001 4.4014989680644034e-001 0 0 0 1</transform>
        <rotation_covariance>9.5486070190529048e-009 -1.7338425216509209e-010 1.1881903175356477e-010 -1.7338425216509212e-010 4.1713375978673107e-009 -4.0195938627557938e-011 1.1881903175356474e-010 -4.0195938627557931e-011 1.4397330553442297e-010</rotation_covariance>
        <location_covariance>2.1622845661923436e-006 -8.5436447094791404e-007 5.7786332565180906e-007 -8.5436447094791404e-007 6.4368136379837197e-006 -1.3809493662610317e-006 5.7786332565180906e-007 -1.3809493662610317e-006 8.2936723956885400e-007</location_covariance>
      </camera>
      <camera id="13" sensor_id="0" label="DSC00634.JPG">
        <transform>9.9944770550981876e-001 2.6664648409309346e-002 1.9831300420473839e-002 -1.0962612089555380e+001 2.6575038423100671e-002 -9.9963544767632018e-001 4.7685513286242652e-003 1.2068992159384077e+001 1.9951222618423477e-002 -4.2389001133451730e-003 -9.9979196858239427e-001 4.3591705327297248e-001 0 0 0 1</transform>
        <rotation_covariance>9.6760369421812567e-009 -1.5924427718026180e-010 1.0900932952469723e-010 -1.5924427718026175e-010 4.1099483647344567e-009 -5.2852253112466318e-011 1.0900932952469726e-010 -5.2852253112466325e-011 1.4436046271678036e-010</rotation_covariance>
        <location_covariance>2.0756523981522501e-006 -7.2395459045409976e-007 5.1399436385121111e-007 -7.2395459045409976e-007 6.4838791814519010e-006 -1.3908927401746358e-006 5.1399436385121111e-007 -1.3908927401746358e-006 7.8385865531346442e-007</location_covariance>
      </camera>
      <camera id="14" sensor_id="0" label="DSC00635.JPG">
        <transform>9.9946425625169322e-001 2.6568306674624537e-002 1.9113491457434684e-002 -9.5151345737527482e+000 2.6498818131348127e-002 -9.9964131577813919e-001 3.8797457380928997e-003 1.2048200229373066e+001 1.9209714024213453e-002 -3.3711822545830581e-003 -9.9980979291929040e-001 4.1440440156758795e-001 0 0 0 1</transform>
        <rotation_covariance>9.7141604117442855e-009 -1.1251323332645200e-010 9.6476901012816841e-011 -1.1251323332645203e-010 3.8958051705773177e-009 -3.9397166375506387e-011 9.6476901012816841e-011 -3.9397166375506387e-011 1.3961917026406715e-010</rotation_covariance>
        <location_covariance>1.9143146415139949e-006 -5.4174190000105539e-007 4.3595365061414604e-007 -5.4174190000105539e-007 6.4808491097300357e-006 -1.3917844927827068e-006 4.3595365061414604e-007 -1.3917844927827068e-006 7.3111239852610747e-007</location_covariance>
      </camera>
      <camera id="15" sensor_id="0" label="DSC00636.JPG">
        <transform>9.9948814625196858e-001 2.6369930687126765e-002 1.8112765039040146e-002 -7.8832472270279936e+000 2.6311014515095238e-002 -9.9964773610121016e-001 3.4834211504941367e-003 1.2024523453240164e+001 1.8198242140102228e-002 -3.0050729244715897e-003 -9.9982988228984671e-001 3.8574890212427604e-001 0 0 0 1</transform>
        <rotation_covariance>9.8223547216920315e-009 8.8653280273317424e-011 8.9995019565069501e-011 8.8653280273317411e-011 3.9991396603257698e-009 -4.3727905051117435e-011 8.9995019565069488e-011 -4.3727905051117429e-011 1.4201492492245081e-010</rotation_covariance>
        <location_covariance>1.9201457148167520e-006 -2.6200722880478522e-007 3.1961009468439019e-007 -2.6200722880478522e-007 6.5118040052288896e-006 -1.3949779016452720e-006 3.1961009468439019e-007 -1.3949779016452720e-006 6.8494189347544608e-007</location_covariance>
      </camera>
      <camera id="16" sensor_id="0" label="DSC00637.JPG">
        <transform>9.9950908099622437e-001 2.5862140198426146e-002 1.7684646177981503e-002 -6.0455262800145544e+000 2.5786531790457739e-002 -9.9965738794579140e-001 4.4901563020847421e-003 1.1985538615507712e+001 1.7794712256823872e-002 -4.0319263081546085e-003 -9.9983353203717995e-001 3.9718907594041641e-001 0 0 0 1</transform>
        <rotation_covariance>9.9959697272083932e-009 3.4254946890363779e-010 9.2151831699613197e-011 3.4254946890363774e-010 3.9803689515872116e-009 -6.5377957426923541e-011 9.2151831699613210e-011 -6.5377957426923529e-011 1.4474203230802303e-010</rotation_covariance>
        <location_covariance>1.9054325330998946e-006 6.6735678528206629e-008 2.0345324198684083e-007 6.6735678528206629e-008 6.5849816500062983e-006 -1.4120606817177268e-006 2.0345324198684083e-007 -1.4120606817177268e-006 6.4337575287806715e-007</location_covariance>
      </camera>
      <camera id="17" sensor_id="0" label="DSC00638.JPG">
        <transform>9.9951995052906173e-001 2.5652043330887019e-002 1.7373576699447068e-002 -5.2641008353615311e+000 2.5584430512641185e-002 -9.9966424525276887e-001 4.1028866126007306e-003 1.1986696522830480e+001 1.7472990863761997e-002 -3.6564239582299873e-003 -9.9984064988082599e-001 3.8195138177864746e-001 0 0 0 1</transform>
        <rotation_covariance>9.5444881586359461e-009 3.4041963114353931e-010 7.9774995001250342e-011 3.4041963114353931e-010 3.5594345356482135e-009 -4.8148009306569301e-011 7.9774995001250330e-011 -4.8148009306569295e-011 1.3911080753290349e-010</rotation_covariance>
        <location_covariance>1.7101249073432459e-006 1.5651753381057114e-007 1.6980369840375815e-007 1.5651753381057114e-007 6.3619620593768059e-006 -1.4113308030631590e-006 1.6980369840375815e-007 -1.4113308030631590e-006 6.2910709062697954e-007</location_covariance>
      </camera>
      <camera id="18" sensor_id="0" label="DSC00639.JPG">
        <transform>9.9953894066606774e-001 2.5529201417458892e-002 1.6436726168657725e-002 -3.9345415034223397e+000 2.5481890639147454e-002 -9.9967053477625922e-001 3.0814200626236741e-003 1.1986406297905928e+001 1.6509977032423524e-002 -2.6611604864466842e-003 -9.9986015966396735e-001 3.5618867130826615e-001 0 0 0 1</transform>
        <rotation_covariance>9.3519567491271940e-009 2.9320235409614985e-010 7.2964460529397132e-011 2.9320235409614985e-010 3.4298768972346099e-009 -3.8940960373096437e-011 7.2964460529397145e-011 -3.8940960373096444e-011 1.3711575159345427e-010</rotation_covariance>
        <location_covariance>1.6783646442391949e-006 2.8909152355714923e-007 1.0008917469435071e-007 2.8909152355714923e-007 6.2518630357180723e-006 -1.4195858931249889e-006 1.0008917469435071e-007 -1.4195858931249889e-006 6.1513566227585441e-007</location_covariance>
      </camera>
      <camera id="19" sensor_id="0" label="DSC00640.JPG">
        <transform>9.9957250050520519e-001 2.4530486861275725e-002 1.5908219514436210e-002 -2.0495462535857305e+000 2.4507693529614526e-002 -9.9969831870758674e-001 1.6262014275304911e-003 1.1981813710113277e+001 1.5943311814964924e-002 -1.2356324587801521e-003 -9.9987213383552076e-001 3.3364254826764000e-001 0 0 0 1</transform>
        <rotation_covariance>9.5483404287772213e-009 1.6924326837219320e-010 4.1095210739854050e-011 1.6924326837219317e-010 3.7710318986665953e-009 -4.5394647476316684e-011 4.1095210739854024e-011 -4.5394647476316684e-011 1.4576523329933930e-010</rotation_covariance>
        <location_covariance>1.9223186134786302e-006 4.5861792087512621e-007 -6.8688829121669782e-009 4.5861792087512621e-007 6.3220210914671210e-006 -1.4528393272918009e-006 -6.8688829121669782e-009 -1.4528393272918009e-006 6.1441156324459380e-007</location_covariance>
      </camera>
      <camera id="20" sensor_id="0" label="DSC00641.JPG">
        <transform>9.9958120255023797e-001 2.4424052015189261e-002 1.5520476519054634e-002 -1.3249857087417483e+000 2.4402415687485843e-002 -9.9970096508746975e-001 1.5819329305528942e-003 1.1979288638262656e+001 1.5554472566896696e-002 -1.2025333013900505e-003 -9.9987829874281431e-001 3.3070062453537630e-001 0 0 0 1</transform>
        <rotation_covariance>9.4316640668845936e-009 2.8409111109766090e-010 2.1903862070391794e-011 2.8409111109766095e-010 3.8157075768330156e-009 -3.2846936629176790e-011 2.1903862070391810e-011 -3.2846936629176790e-011 1.4630014826676720e-010</rotation_covariance>
        <location_covariance>1.9813045556355124e-006 5.9791363924406000e-007 -6.4112353650389625e-008 5.9791363924406000e-007 6.2681640345291620e-006 -1.4493848397634664e-006 -6.4112353650389625e-008 -1.4493848397634664e-006 6.1504346098615126e-007</location_covariance>
      </camera>
      <camera id="21" sensor_id="0" label="DSC00642.JPG">
        <transform>9.9959531917519517e-001 2.4120472306827838e-002 1.5079810964851092e-002 -2.2627322242365785e-001 2.4098141095083986e-002 -9.9970821801331089e-001 1.6608529170084772e-003 1.1984530561976825e+001 1.5115471504439289e-002 -1.2967853893619660e-003 -9.9988491381201083e-001 3.2693818389515467e-001 0 0 0 1</transform>
        <rotation_covariance>9.7182115896852292e-009 4.1156200366615482e-011 3.1017481023602590e-011 4.1156200366615469e-011 3.9076626855426168e-009 -3.3992078458785970e-011 3.1017481023602545e-011 -3.3992078458785976e-011 1.4749719048461035e-010</rotation_covariance>
        <location_covariance>2.1032566968965076e-006 6.1508680124457740e-007 -1.1856434584004165e-007 6.1508680124457740e-007 6.3838355023462264e-006 -1.5035620493641130e-006 -1.1856434584004165e-007 -1.5035620493641130e-006 6.2809936035245790e-007</location_covariance>
      </camera>
      <camera id="22" sensor_id="0" label="DSC00643.JPG">
        <transform>9.9961398152847658e-001 2.3856058335682020e-002 1.4239958338103662e-002 1.1863611923475406e+000 2.3848427060457627e-002 -9.9971533688278846e-001 7.0549845847585530e-004 1.1942524914697408e+001 1.4252735159555307e-002 -3.6562551526903177e-004 -9.9989835776365499e-001 2.8719869178620150e-001 0 0 0 1</transform>
        <rotation_covariance>9.8478337664725995e-009 4.9689670834245545e-011 3.3836739832431627e-011 4.9689670834245545e-011 3.9607593152084659e-009 -2.0987740714549827e-011 3.3836739832431659e-011 -2.0987740714549827e-011 1.5097503251126897e-010</rotation_covariance>
        <location_covariance>2.2398924104574106e-006 7.7750374842508371e-007 -2.2554554585015791e-007 7.7750374842508371e-007 6.4104074680350401e-006 -1.5224956328943959e-006 -2.2554554585015791e-007 -1.5224956328943959e-006 6.4229877209868576e-007</location_covariance>
      </camera>
      <camera id="23" sensor_id="0" label="DSC00644.JPG">
        <transform>9.9962173697423018e-001 2.3519186166173430e-002 1.4255905818484928e-002 1.7516149755878607e+000 2.3501759116156751e-002 -9.9972283091355041e-001 1.3887651503353344e-003 1.1916073579027941e+001 1.4284617148204538e-002 -1.0532009672988335e-003 -9.9989741497848250e-001 2.7567292886633477e-001 0 0 0 1</transform>
        <rotation_covariance>1.0082979649411252e-008 -3.3226292710574612e-011 4.9439665834965939e-011 -3.3226292710574690e-011 4.0096450070160675e-009 -2.4204959373247232e-011 4.9439665834965926e-011 -2.4204959373247229e-011 1.5399334981657894e-010</rotation_covariance>
        <location_covariance>2.3190558987204374e-006 8.0002325189544737e-007 -2.7687136826696520e-007 8.0002325189544737e-007 6.5045219597533162e-006 -1.5278328738932667e-006 -2.7687136826696520e-007 -1.5278328738932667e-006 6.4866773917620615e-007</location_covariance>
      </camera>
      <camera id="24" sensor_id="0" label="DSC00645.JPG">
        <transform>9.9962671224888500e-001 2.3535936812101518e-002 1.3874286895623793e-002 2.6294886122301495e+000 2.3532496974817983e-002 -9.9972298790074565e-001 4.1115561009133131e-004 1.1918188052504176e+001 1.3880120482744229e-002 -8.4505516339258206e-005 -9.9990366291668431e-001 2.6175806240885535e-001 0 0 0 1</transform>
        <rotation_covariance>1.0504922880047536e-008 -2.3111961435498637e-011 6.3971407141003370e-011 -2.3111961435498679e-011 4.2484037697954990e-009 -1.8533644436270367e-011 6.3971407141003370e-011 -1.8533644436270367e-011 1.6352974978549263e-010</rotation_covariance>
        <location_covariance>2.5211132904595264e-006 9.0109648388437438e-007 -3.3933424912611745e-007 9.0109648388437438e-007 6.6965635625191924e-006 -1.5452236079970921e-006 -3.3933424912611745e-007 -1.5452236079970921e-006 6.6942275710199501e-007</location_covariance>
      </camera>
      <camera id="25" sensor_id="0" label="DSC00646.JPG">
        <transform>9.9965054418653243e-001 2.2819270237430033e-002 1.3344302656980663e-002 3.6066299237910409e+000 2.2796602417407909e-002 -9.9973841503230587e-001 1.8483578970264337e-003 1.1903406201164010e+001 1.3382990166348970e-002 -1.5435072154052006e-003 -9.9990925246228390e-001 2.5338753681454429e-001 0 0 0 1</transform>
        <rotation_covariance>1.0607452221572169e-008 -1.0471869438379546e-010 1.3420197059003028e-010 -1.0471869438379549e-010 4.2989010119456726e-009 -3.1986516288657589e-011 1.3420197059003028e-010 -3.1986516288657583e-011 1.7261929375071644e-010</rotation_covariance>
        <location_covariance>2.6633066950066871e-006 9.6950203962145143e-007 -4.3472336440561776e-007 9.6950203962145143e-007 6.7329570026499964e-006 -1.5729392030076792e-006 -4.3472336440561776e-007 -1.5729392030076792e-006 6.9140949777583104e-007</location_covariance>
      </camera>
      <camera id="26" sensor_id="0" label="DSC00647.JPG">
        <transform>9.9968943106211450e-001 2.1896043592739580e-002 1.1899777211814172e-002 3.6781692563622332e+000 2.1865442846939174e-002 -9.9975728861713831e-001 2.6956012344784750e-003 1.1887691403610816e+001 1.1955912002570129e-002 -2.4345701659498884e-003 -9.9992556174762026e-001 2.3517342565192850e-001 0 0 0 1</transform>
        <rotation_covariance>1.0791524032550375e-008 -9.0525092236975685e-011 1.2135324786108219e-010 -9.0525092236975723e-011 4.4537743496186389e-009 -2.8903682421706154e-011 1.2135324786108222e-010 -2.8903682421706151e-011 1.7641568762759441e-010</rotation_covariance>
        <location_covariance>2.7406973569116340e-006 9.8429852097835140e-007 -4.3958430594017234e-007 9.8429852097835140e-007 6.8079641974940721e-006 -1.5687109293893078e-006 -4.3958430594017234e-007 -1.5687109293893078e-006 6.9390253518344724e-007</location_covariance>
      </camera>
      <camera id="27" sensor_id="0" label="DSC00648.JPG">
        <transform>9.9975265838159988e-001 1.9782305770211873e-002 1.0162796728133890e-002 3.5340238144421434e+000 1.9778772909663844e-002 -9.9980428055460802e-001 4.4802552460232470e-004 9.7193974484402101e+000 1.0169670649115172e-002 -2.4690706063115015e-004 -9.9994825707923107e-001 1.9574603176840713e-001 0 0 0 1</transform>
        <rotation_covariance>9.2355382946627023e-009 3.0428007701284743e-010 5.3547506039258774e-011 3.0428007701284758e-010 3.9252527146228921e-009 7.2223134101925992e-012 5.3547506039258800e-011 7.2223134101925984e-012 1.4645704939060526e-010</rotation_covariance>
        <location_covariance>2.4549259127523838e-006 1.0296885988429329e-006 -3.8880969512608430e-007 1.0296885988429329e-006 5.6080588862489717e-006 -1.1072863010477910e-006 -3.8880969512608430e-007 -1.1072863010477910e-006 4.6742290525563210e-007</location_covariance>
      </camera>
      <camera id="28" sensor_id="0" label="DSC00649.JPG">
        <transform>9.9982959767177926e-001 1.4919578768890242e-002 1.0871144780914447e-002 3.0676172944920443e+000 1.4898713509641042e-002 -9.9988701219497678e-001 1.9977936730182417e-003 9.7320971637972331e+000 1.0899722714196147e-002 -1.8354871727123802e-003 -9.9993891164990301e-001 1.8293970900751416e-001 0 0 0 1</transform>
        <rotation_covariance>9.2708059122997903e-009 3.0347173666524295e-010 4.8282501394779550e-011 3.0347173666524290e-010 3.9383872564383988e-009 6.6702023607631297e-012 4.8282501394779537e-011 6.6702023607631305e-012 1.4286777445458999e-010</rotation_covariance>
        <location_covariance>2.4026475528266146e-006 9.9461780148290541e-007 -3.4779512340892069e-007 9.9461780148290541e-007 5.6191929767244582e-006 -1.1001855257914902e-006 -3.4779512340892069e-007 -1.1001855257914902e-006 4.5885429443558264e-007</location_covariance>
      </camera>
      <camera id="29" sensor_id="0" label="DSC00650.JPG">
        <transform>9.9984801713248139e-001 1.4626215852555621e-002 9.4876997254606781e-003 1.3932017474759619e+000 1.4594355523728206e-002 -9.9988765247080147e-001 3.4186581105536584e-003 9.8490663829837199e+000 9.5366358372897930e-003 -3.2796716701951980e-003 -9.9994914687230108e-001 1.9485710583934404e-001 0 0 0 1</transform>
        <rotation_covariance>9.2949596005061504e-009 2.5848494027837751e-010 1.5205216683088964e-011 2.5848494027837745e-010 3.9251681606344195e-009 4.5287755245630187e-012 1.5205216683088958e-011 4.5287755245630114e-012 1.3464923224567793e-010</rotation_covariance>
        <location_covariance>2.2194983120010134e-006 8.1368075365808795e-007 -2.1372396393151338e-007 8.1368075365808795e-007 5.6541613558263345e-006 -1.0860320014462119e-006 -2.1372396393151338e-007 -1.0860320014462119e-006 4.3910624098171726e-007</location_covariance>
      </camera>
      <camera id="30" sensor_id="0" label="DSC00651.JPG">
        <transform>9.9984824811261519e-001 1.3850660662769193e-002 1.0565980566819531e-002 -1.1449658759903611e-001 1.3817376923346692e-002 -9.9989936169147786e-001 3.2166106281734247e-003 9.9149996932613522e+000 1.0609469406702494e-002 -3.0701283653831171e-003 -9.9993900487516152e-001 2.2548305707325594e-001 0 0 0 1</transform>
        <rotation_covariance>9.3634955239995801e-009 1.5047884725227566e-010 2.1728338933386670e-011 1.5047884725227563e-010 3.8938499727639295e-009 7.7010549981752960e-016 2.1728338933386673e-011 7.7010549982096272e-016 1.3120708648015507e-010</rotation_covariance>
        <location_covariance>2.0787014269742581e-006 6.1668201157359899e-007 -9.9032486097652217e-008 6.1668201157359899e-007 5.7112440020583451e-006 -1.0854808630244364e-006 -9.9032486097652217e-008 -1.0854808630244364e-006 4.2824830264335151e-007</location_covariance>
      </camera>
      <camera id="31" sensor_id="0" label="DSC00652.JPG">
        <transform>9.9983827073466625e-001 1.4009412748636936e-002 1.1276911312481064e-002 -1.8973587989951397e+000 1.3971499746948446e-002 -9.9989649776855127e-001 3.4337945492698479e-003 9.9547679469223844e+000 1.1323849572131115e-002 -3.2756838406513998e-003 -9.9993051774923036e-001 2.7823874200854132e-001 0 0 0 1</transform>
        <rotation_covariance>9.6519977854454861e-009 2.8852150324684708e-010 3.2158094069469284e-011 2.8852150324684703e-010 3.7897202543826607e-009 -1.8087027760472249e-012 3.2158094069469284e-011 -1.8087027760472286e-012 1.3091543399780617e-010</rotation_covariance>
        <location_covariance>1.9170999860240481e-006 4.9443109055787316e-007 8.3240356211871267e-009 4.9443109055787316e-007 5.8823437400025253e-006 -1.0461312574537575e-006 8.3240356211871267e-009 -1.0461312574537575e-006 4.2222500596618251e-007</location_covariance>
      </camera>
      <camera id="32" sensor_id="0" label="DSC00653.JPG">
        <transform>9.9984344435208594e-001 1.3528266400668027e-002 1.1404946047668786e-002 -3.4985838880949736e+000 1.3521496847220524e-002 -9.9990835559972702e-001 6.7046615163359217e-004 1.0027592836240759e+001 1.1412971092940033e-002 -5.1614924434454485e-004 -9.9993473671074617e-001 3.1872885244108240e-001 0 0 0 1</transform>
        <rotation_covariance>9.7357260368429428e-009 5.0096974803573866e-010 4.2047892093008237e-011 5.0096974803573866e-010 3.4250537117100326e-009 4.2879280833898223e-012 4.2047892093008224e-011 4.2879280833898207e-012 1.2420412489186285e-010</rotation_covariance>
        <location_covariance>1.6752711607484371e-006 4.2748696619722165e-007 7.8287504699449983e-008 4.2748696619722165e-007 5.9614647815542946e-006 -1.0305295025318827e-006 7.8287504699449983e-008 -1.0305295025318827e-006 4.2630246644687235e-007</location_covariance>
      </camera>
      <camera id="33" sensor_id="0" label="DSC00654.JPG">
        <transform>9.9983547813753249e-001 1.3634478814653440e-002 1.1963178714025680e-002 -4.9084406769375493e+000 1.3630841267001207e-002 -9.9990702143622923e-001 3.8555010309394779e-004 1.0111517277977121e+001 1.1967323169563338e-002 -2.2241848157326070e-004 -9.9992836428724952e-001 3.6348909388933909e-001 0 0 0 1</transform>
        <rotation_covariance>9.9484479371165930e-009 4.2820025364415107e-010 5.0554463290948884e-011 4.2820025364415102e-010 3.3812019434595806e-009 2.1075860265320872e-012 5.0554463290948903e-011 2.1075860265320864e-012 1.2411365642108993e-010</rotation_covariance>
        <location_covariance>1.6202026032643588e-006 2.4596315987743882e-007 1.4940795164836009e-007 2.4596315987743882e-007 6.1029499673033337e-006 -1.0289711051000267e-006 1.4940795164836009e-007 -1.0289711051000267e-006 4.4392316393407311e-007</location_covariance>
      </camera>
      <camera id="34" sensor_id="0" label="DSC00655.JPG">
        <transform>9.9982353840855742e-001 1.3000028950715328e-002 1.3560652324736635e-002 -6.3355688055452930e+000 1.3004525744917060e-002 -9.9991540793687106e-001 -2.4347605730466333e-004 1.0203190632224473e+001 1.3556340005385343e-002 4.1978294540702009e-004 -9.9990802048385286e-001 3.5986057492683937e-001 0 0 0 1</transform>
        <rotation_covariance>1.0726987625816277e-008 4.9047019018848994e-010 5.6336629328981499e-011 4.9047019018849004e-010 3.8464166489158142e-009 -7.2900775022718525e-012 5.6336629328981474e-011 -7.2900775022718509e-012 1.3220650754817994e-010</rotation_covariance>
        <location_covariance>1.8207172194095064e-006 1.2694469489856064e-007 2.1893219875152606e-007 1.2694469489856064e-007 6.4899063668250532e-006 -1.0335250750718377e-006 2.1893219875152606e-007 -1.0335250750718377e-006 4.7663010262541488e-007</location_covariance>
      </camera>
      <camera id="35" sensor_id="0" label="DSC00656.JPG">
        <transform>9.9982807607784796e-001 1.2829633639103780e-002 1.3387262123190233e-002 -7.6880405153625473e+000 1.2840910996506517e-002 -9.9991726572555362e-001 -7.5677520597809082e-004 1.0265695598060569e+001 1.3376445389131790e-002 9.2854973962728051e-004 -9.9991010021108029e-001 3.2451997807705940e-001 0 0 0 1</transform>
        <rotation_covariance>1.0107130706222514e-008 3.1238705099080524e-010 3.7392345283980025e-011 3.1238705099080519e-010 3.8835313047953949e-009 -3.9551198229486629e-012 3.7392345283980064e-011 -3.9551198229486637e-012 1.2953951141853789e-010</rotation_covariance>
        <location_covariance>1.8370894728200785e-006 -9.0899140454173419e-008 2.8777493678871441e-007 -9.0899140454173419e-008 6.2004124731197254e-006 -1.0389541809751185e-006 2.8777493678871441e-007 -1.0389541809751185e-006 5.0946317427683650e-007</location_covariance>
      </camera>
      <camera id="36" sensor_id="0" label="DSC00657.JPG">
        <transform>9.9982924350160240e-001 1.2647390818088829e-002 1.3473208397034317e-002 -8.7977847615164322e+000 1.2654328548222080e-002 -9.9991983840845167e-001 -4.2979787048777105e-004 1.0251807814083037e+001 1.3466692541565109e-002 6.0021888536312420e-004 -9.9990913983685570e-001 3.3434941446970629e-001 0 0 0 1</transform>
        <rotation_covariance>9.7757406927342732e-009 1.7516244257080412e-010 2.7418635704612364e-011 1.7516244257080407e-010 3.7043977138084649e-009 -6.5303505814796307e-013 2.7418635704612370e-011 -6.5303505814796328e-013 1.2528051107088224e-010</rotation_covariance>
        <location_covariance>1.7730974042890266e-006 -2.6818910812634133e-007 3.6275251064112674e-007 -2.6818910812634133e-007 6.0498568983090989e-006 -1.0271572824147672e-006 3.6275251064112674e-007 -1.0271572824147672e-006 5.3416699294774889e-007</location_covariance>
      </camera>
      <camera id="37" sensor_id="0" label="DSC00658.JPG">
        <transform>9.9983294954384339e-001 1.2727430835032985e-002 1.3118136712112722e-002 -1.0408046275234272e+001 1.2738700552073882e-002 -9.9991855843380417e-001 -7.7589168546215840e-004 1.0188242756502259e+001 1.3107193242751121e-002 9.4287008777894476e-004 -9.9991365251270314e-001 3.8628438427278816e-001 0 0 0 1</transform>
        <rotation_covariance>9.6575957199392297e-009 3.5530243506216470e-011 3.6482926075411338e-011 3.5530243506216489e-011 3.8667667554696913e-009 8.9838189782615313e-013 3.6482926075411344e-011 8.9838189782615324e-013 1.2734097422186192e-010</rotation_covariance>
        <location_covariance>1.9071875282871133e-006 -4.9463575542562611e-007 4.3774448153643566e-007 -4.9463575542562611e-007 6.0129433266452556e-006 -1.0085953732967288e-006 4.3774448153643566e-007 -1.0085953732967288e-006 5.7761483880192444e-007</location_covariance>
      </camera>
      <camera id="38" sensor_id="0" label="DSC00659.JPG">
        <transform>9.9983470635985905e-001 1.2560632040101197e-002 1.3144979309504097e-002 -1.1544515446871937e+001 1.2566205362535101e-002 -9.9992098381650718e-001 -3.4147652173138407e-004 1.0169739241025331e+001 1.3139651482467166e-002 5.0660258732358786e-004 -9.9991354271893818e-001 4.2202265905953501e-001 0 0 0 1</transform>
        <rotation_covariance>9.6274741637644464e-009 6.7635029070047145e-011 4.1911220056158397e-011 6.7635029070047184e-011 3.9686628315022140e-009 2.1723534921292009e-012 4.1911220056158371e-011 2.1723534921292005e-012 1.2788776808747488e-010</rotation_covariance>
        <location_covariance>2.0103407160507465e-006 -5.9153194435489761e-007 4.9397534682545265e-007 -5.9153194435489761e-007 6.0186560890798489e-006 -9.9931740298743981e-007 4.9397534682545265e-007 -9.9931740298743981e-007 6.1634100801830769e-007</location_covariance>
      </camera>
      <camera id="39" sensor_id="0" label="DSC00660.JPG">
        <transform>9.9983005923402113e-001 1.2561530197632780e-002 1.3492983776342128e-002 -1.2988583339391417e+001 1.2562380459471854e-002 -9.9992108994883511e-001 2.1742242708520107e-005 1.0198320535092247e+001 1.3492192160140316e-002 1.4776544791675098e-004 -9.9990896531438611e-001 4.2032102873792065e-001 0 0 0 1</transform>
        <rotation_covariance>9.6781403018180395e-009 -2.3281214390286547e-011 3.9346179516527540e-011 -2.3281214390286553e-011 4.0399427170295776e-009 4.4921247564908773e-012 3.9346179516527566e-011 4.4921247564908773e-012 1.2956085622604940e-010</rotation_covariance>
        <location_covariance>2.1271912618328105e-006 -7.8179394844507509e-007 5.8318470668958401e-007 -7.8179394844507509e-007 6.0557544393549247e-006 -9.9290202730725305e-007 5.8318470668958401e-007 -9.9290202730725305e-007 6.7936668389034107e-007</location_covariance>
      </camera>
      <camera id="40" sensor_id="0" label="DSC00661.JPG">
        <transform>9.9982546112654402e-001 1.2169269518784647e-002 1.4175900764087248e-002 -1.4568542584812032e+001 1.2169862153625331e-002 -9.9992594349703623e-001 4.4460359594221639e-005 1.0197768916037409e+001 1.4175391996549104e-002 1.2806615866926919e-004 -9.9989951588187254e-001 3.6957395630484691e-001 0 0 0 1</transform>
        <rotation_covariance>9.7654539879433753e-009 -2.6078821228174523e-010 5.0915680185593665e-011 -2.6078821228174528e-010 4.0239759517306959e-009 1.0256396964397702e-011 5.0915680185593665e-011 1.0256396964397703e-011 1.3097305004497896e-010</rotation_covariance>
        <location_covariance>2.2282813468581187e-006 -1.0555778508951842e-006 6.7396659520071714e-007 -1.0555778508951842e-006 6.0802812699678865e-006 -9.8797091657358134e-007 6.7396659520071714e-007 -9.8797091657358134e-007 7.5677768621493159e-007</location_covariance>
      </camera>
      <camera id="41" sensor_id="0" label="DSC00662.JPG">
        <transform>9.9981833657359298e-001 1.2215430674936283e-002 1.4631373983323252e-002 -1.6175176666043669e+001 1.2221898930488386e-002 -9.9992524758545176e-001 -3.5274311618082818e-004 1.0230096441157256e+001 1.4625971343708070e-002 5.3150220969605522e-004 -9.9989289349792565e-001 3.3174030510667940e-001 0 0 0 1</transform>
