<?xml version="1.0" encoding="UTF-8"?>
<document version="1.5.0">
  <chunk label="SonyA9" enabled="true">
    <sensors next_id="1">
      <sensor id="0" label="SonyA9" type="frame">
        <resolution width="6000" height="4000"/>
        <property name="pixel_width" value="0.006"/>
        <property name="pixel_height" value="0.006"/>
        <property name="focal_length" value="55"/>
        <property name="fixed" value="true"/>
        <property name="layer_index" value="0"/>
        <calibration type="frame" class="initial">
          <resolution width="6000" height="4000"/>
          <f>9227.77018581081</f>
          <cx>-37.8304617831239</cx>
          <cy>31.7622333680372</cy>
          <k1>-0.017282082281574</k1>
        </calibration>
      </sensor>
    </sensors>
    <cameras next_id="625" next_group_id="0">
      <camera id="0" sensor_id="0" label="DSC00001.JPG"/>
      <camera id="1" sensor_id="0" label="DSC00002.JPG"/>
      <camera id="2" sensor_id="0" label="DSC00003.JPG"/>
      <camera id="3" sensor_id="0" label="DSC00626.JPG">
        <transform>9.8999856512115003e-001 1.4099765469711600e-001 -4.7436724145988422e-003 -1.3681954650058376e+001 1.4107682036656000e-001 -9.8953327649241229e-001 3.0351696319192559e-002 2.6524548687586304e+001 -4.1450370993942548e-004 -3.0717358026105687e-002 -9.9952802467092960e-001 1.0776515982870738e+000 0 0 0 1</transform>
        <rotation_covariance>1.1614813386140897e-008 6.4625976920302348e-010 -7.4838115014624839e-011 6.4625976920302359e-010 4.9109329702069440e-009 -1.5426133749761907e-010 -7.4838115014624851e-011 -1.5426133749761907e-010 1.9668494176343579e-010</rotation_covariance>
        <location_covariance>3.3916718741269748e-006 -1.7484825620369843e-006 2.1142345876175041e-007 -1.7484825620369843e-006 6.4262941812080158e-006 -1.7083671947353934e-006 2.1142345876175041e-007 -1.7083671947353934e-006 2.0789341465725635e-006</location_covariance>
      </camera>
      <camera id="4" sensor_id="0" label="DSC00627.JPG">
        <transform>9.9379201663771322e-001 1.1120783139157836e-001 -3.2009224184419110e-003 -1.3206118888673002e+001 1.1125350928635949e-001 -9.9345232490989999e-001 2.5983356260967528e-002 2.6458387363224983e+001 -2.9041111640034723e-004 -2.6178165869608121e-002 -9.9965725090807334e-001 1.0496158946151593e+000 0 0 0 1</transform>
        <rotation_covariance>1.1290592999878197e-008 4.1664372889226686e-010 -5.6173461879584998e-011 4.1664372889226680e-010 4.6239355094918593e-009 -1.0779000474966381e-010 -5.6173461879585018e-011 -1.0779000474966378e-010 1.8387607429128851e-010</rotation_covariance>
        <location_covariance>3.1721661063165688e-006 -1.7030336825101568e-006 1.6953077147039279e-007 -1.7030336825101568e-006 6.2305284594171696e-006 -1.6764890479428770e-006 1.6953077147039279e-007 -1.6764890479428770e-006 2.0395657657407275e-006</location_covariance>
      </camera>
      <camera id="5" sensor_id="0" label="DSC00628.JPG">
        <transform>9.9639082840804694e-001 8.4883229343390890e-002 -3.9298926775866339e-004 -1.1660451562830623e+001 8.4869808224663681e-002 -9.9612686343530976e-001 2.2986682980382395e-002 2.6548390052088582e+001 1.5597167166114415e-003 -2.2937073020965384e-002 -9.9973569405368079e-001 1.0241770708401676e+000 0 0 0 1</transform>
        <rotation_covariance>1.2054156036349828e-008 1.0927505365734380e-010 -5.6946539839175087e-011 1.0927505365734403e-010 4.3103612437040475e-009 -7.4529233228705232e-011 -5.6946539839175087e-011 -7.4529233228705245e-011 1.6828677359113425e-010</rotation_covariance>
        <location_covariance>2.7568403658182298e-006 -1.6714791816757074e-006 8.0522358282299696e-008 -1.6714791816757074e-006 6.5757885435563196e-006 -1.5833240511540114e-006 8.0522358282299696e-008 -1.5833240511540114e-006 2.0089874939949143e-006</location_covariance>
      </camera>
      <camera id="6" sensor_id="0" label="DSC00629.JPG">
        <transform>9.9807544890747146e-001 6.2010290914339863e-002 -3.4944079362763037e-004 -1.0133968259301508e+001 6.2004275901063458e-002 -9.9786227945085360e-001 2.0648027003359451e-002 2.6587031884820089e+001 9.3169637442308225e-004 -2.0629955643810753e-002 -9.9978674569730130e-001 9.9569646098602360e-001 0 0 0 1</transform>
        <rotation_covariance>1.2060043001618128e-008 -4.7259386953013959e-011 -5.7433862917804577e-011 -4.7259386953014036e-011 4.1953538262514403e-009 -5.7110505977135169e-011 -5.7433862917804571e-011 -5.7110505977135162e-011 1.6060510134993179e-010</rotation_covariance>
        <location_covariance>2.4476397728409389e-006 -1.5199090249102762e-006 4.7064134798593251e-008 -1.5199090249102762e-006 6.5583880793558447e-006 -1.4828516913024526e-006 4.7064134798593251e-008 -1.4828516913024526e-006 1.9841754886668004e-006</location_covariance>
      </camera>
      <camera id="7" sensor_id="0" label="DSC00630.JPG">
        <transform>9.9811566728267065e-001 6.1360263862985383e-002 1.8095174355870370e-004 -8.5157070138457893e+000 6.1346428558063250e-002 -9.9794515831846986e-001 1.8495315404032930e-002 2.6717648367150399e+001 1.3154573497942924e-003 -1.8449363332891107e-002 -9.9982893064992462e-001 9.4840093385193891e-001 0 0 0 1</transform>
        <rotation_covariance>1.2011188594065399e-008 7.5441068292012420e-011 -4.4368738360268389e-011 7.5441068292012524e-011 4.2317647205705472e-009 -5.6170795981398129e-011 -4.4368738360268402e-011 -5.6170795981398122e-011 1.5700257110901849e-010</rotation_covariance>
        <location_covariance>2.2247646529568613e-006 -1.3080804160962957e-006 3.5228549585207667e-008 -1.3080804160962957e-006 6.5335015800452845e-006 -1.4025533991148041e-006 3.5228549585207667e-008 -1.4025533991148041e-006 1.9885096450213989e-006</location_covariance>
      </camera>
      <camera id="8" sensor_id="0" label="DSC00631.JPG">
        <transform>9.9810198455715726e-001 6.1582426373486238e-002 -1.8216755979131346e-004 -6.9426948669075337e+000 6.1574858158303575e-002 -9.9792339651572715e-001 1.8905859655133382e-002 2.6897516126322770e+001 9.8247944023778554e-004 -1.8881192983202899e-002 -9.9982125166735702e-001 8.9616392011566026e-001 0 0 0 1</transform>
        <rotation_covariance>1.1843131762908438e-008 1.4469881818647223e-010 -4.5969298279269978e-011 1.4469881818647221e-010 4.1635129180058462e-009 -5.9241640177642850e-011 -4.5969298279269978e-011 -5.9241640177642824e-011 1.5374354063834115e-010</rotation_covariance>
        <location_covariance>2.0024915532163708e-006 -1.1329793207271733e-006 4.1178610454318584e-008 -1.1329793207271733e-006 6.4609590687828370e-006 -1.3326076410199123e-006 4.1178610454318584e-008 -1.3326076410199123e-006 2.0133209736135632e-006</location_covariance>
      </camera>
      <camera id="9" sensor_id="0" label="DSC00632.JPG">
        <transform>9.9812149299648800e-001 6.1265263834432634e-002 2.2949021465124936e-004 -5.4287068722543852e+000 6.1254669905880008e-002 -9.9800595201399578e-001 1.5231059036051656e-002 2.7050403667090752e+001 1.1621674504724404e-003 -1.5188390037636442e-002 -9.9988397435646581e-001 8.2637217393836171e-001 0 0 0 1</transform>
        <rotation_covariance>1.1881590877444880e-008 2.7042084705500211e-011 -2.9618182922629055e-011 2.7042084705500282e-011 4.1649522386384444e-009 -5.2991078435524982e-011 -2.9618182922629049e-011 -5.2991078435524995e-011 1.5323891674902484e-010</rotation_covariance>
        <location_covariance>1.8619996589474038e-006 -1.0443277645285312e-006 5.2685222185219619e-008 -1.0443277645285312e-006 6.4721840494570756e-006 -1.2668716308720150e-006 5.2685222185219619e-008 -1.2668716308720150e-006 2.0402555343370988e-006</location_covariance>
      </camera>
      <camera id="10" sensor_id="0" label="DSC00633.JPG">
        <transform>9.9813269978861596e-001 6.1069097640410575e-002 1.2957337978633083e-003 -4.0094645447528379e+000 6.1043093598263376e-002 -9.9802387547120253e-001 1.4902506950018038e-002 2.7106051600239255e+001 2.2032559185401071e-003 -1.4795583896138711e-002 -9.9988811192079374e-001 8.5617087896942057e-001 0 0 0 1</transform>
        <rotation_covariance>1.1763740797075546e-008 2.5841436437523444e-012 -8.4680757802008488e-012 2.5841436437524535e-012 4.1888015364646053e-009 -5.5348430206820899e-011 -8.4680757802008617e-012 -5.5348430206820893e-011 1.5281477972191359e-010</rotation_covariance>
        <location_covariance>1.7817365194612273e-006 -9.1799722886243459e-007 6.9508045538971174e-008 -9.1799722886243459e-007 6.4360145340383353e-006 -1.1930126573275334e-006 6.9508045538971174e-008 -1.1930126573275334e-006 2.0663889995528036e-006</location_covariance>
      </camera>
      <camera id="11" sensor_id="0" label="DSC00634.JPG">
        <transform>9.9813801214488396e-001 6.0984035817854214e-002 1.2066842282306817e-003 -2.7149249311688917e+000 6.0960884363724620e-002 -9.9803952683874853e-001 1.4172982928076894e-002 2.7183663102220372e+001 2.0686442547188074e-003 -1.4073032468293344e-002 -9.9989883011637426e-001 8.9787145329870877e-001 0 0 0 1</transform>
        <rotation_covariance>1.1655958751945153e-008 1.2380279359424675e-012 -4.7749332386548750e-012 1.2380279359424328e-012 4.2245299242807152e-009 -5.3385607409346566e-011 -4.7749332386548806e-012 -5.3385607409346566e-011 1.5275924822638887e-010</rotation_covariance>
        <location_covariance>1.7415003523464612e-006 -7.9655735608358397e-007 9.2885402940720102e-008 -7.9655735608358397e-007 6.4153051228549781e-006 -1.1225893340664873e-006 9.2885402940720102e-008 -1.1225893340664873e-006 2.1066616254320458e-006</location_covariance>
      </camera>
      <camera id="12" sensor_id="0" label="DSC00635.JPG">
        <transform>9.9812968917482858e-001 6.1126311058189192e-002 8.3527491161118237e-004 -1.3441958169622683e+000 6.1112559880925232e-002 -9.9806355750965048e-001 1.1592678550743616e-002 2.7294324556706307e+001 1.5422751248715676e-003 -1.1519950850504553e-002 -9.9993245377867457e-001 8.6453976754857575e-001 0 0 0 1</transform>
        <rotation_covariance>1.1770111519071638e-008 8.2145314979470979e-011 -1.7484821670057195e-011 8.2145314979470798e-011 4.3864413001439034e-009 -5.1200563609872411e-011 -1.7484821670057192e-011 -5.1200563609872411e-011 1.5521572951610155e-010</rotation_covariance>
        <location_covariance>1.7635853144361527e-006 -6.2939252607569590e-007 1.3923086123798570e-007 -6.2939252607569590e-007 6.4859120424025840e-006 -1.0594108425418831e-006 1.3923086123798570e-007 -1.0594108425418831e-006 2.1552508748831765e-006</location_covariance>
      </camera>
      <camera id="13" sensor_id="0" label="DSC00636.JPG">
        <transform>9.9815122305203474e-001 6.0775000873515984e-002 7.3156582083066428e-004 -2.9353454911848509e-001 6.0760143740520474e-002 -9.9806563125762360e-001 1.3160571224404196e-002 2.7292425565767047e+001 1.5299844304329929e-003 -1.3091790219273147e-002 -9.9991312831490375e-001 8.1832699469872794e-001 0 0 0 1</transform>
        <rotation_covariance>1.1542075390853969e-008 1.1290113596326990e-010 -2.8254918267046124e-011 1.1290113596326996e-010 4.3422086273856361e-009 -5.0186445179736175e-011 -2.8254918267046128e-011 -5.0186445179736181e-011 1.5375930329349517e-010</rotation_covariance>
        <location_covariance>1.7170613802831313e-006 -5.0625925911069984e-007 1.8255087217180773e-007 -5.0625925911069984e-007 6.3623986996363978e-006 -9.9591163436371312e-007 1.8255087217180773e-007 -9.9591163436371312e-007 2.1740658171557766e-006</location_covariance>
      </camera>
      <camera id="14" sensor_id="0" label="DSC00637.JPG">
        <transform>9.9822496594569277e-001 5.9543051224588125e-002 1.2419394451402082e-003 1.3454929423052140e+000 5.9528141619305933e-002 -9.9817880761545852e-001 9.7707923288406339e-003 2.7360221746591975e+001 1.8214604226216278e-003 -9.6795184925464756e-003 -9.9995149342539680e-001 7.8437797314453672e-001 0 0 0 1</transform>
        <rotation_covariance>1.1568022210300293e-008 1.5357619936381617e-010 -4.4095958549194355e-011 1.5357619936381607e-010 4.3855036908800179e-009 -3.9353247818544296e-011 -4.4095958549194349e-011 -3.9353247818544303e-011 1.5352564917508188e-010</rotation_covariance>
        <location_covariance>1.7353385802305909e-006 -3.2318025666938413e-007 2.5602772510843113e-007 -3.2318025666938413e-007 6.3740135892323296e-006 -9.1533559326337959e-007 2.5602772510843113e-007 -9.1533559326337959e-007 2.2346321157655284e-006</location_covariance>
      </camera>
      <camera id="15" sensor_id="0" label="DSC00638.JPG">
        <transform>9.9824044215553576e-001 5.9284959039000051e-002 1.1459829251907743e-003 2.3626158535911355e+000 5.9272933351235318e-002 -9.9820459052738530e-001 8.6206045028780348e-003 2.7434430851931271e+001 1.6549976014359755e-003 -8.5375102810544834e-003 -9.9996218523559188e-001 7.9083584189657818e-001 0 0 0 1</transform>
        <rotation_covariance>1.1432091355986109e-008 3.2097376762878557e-010 -5.8233349320547250e-011 3.2097376762878557e-010 4.4387998653195661e-009 -4.4135750518715299e-011 -5.8233349320547250e-011 -4.4135750518715299e-011 1.5404336950584942e-010</rotation_covariance>
        <location_covariance>1.7741206859497061e-006 -1.4142990327157314e-007 3.0709911380211278e-007 -1.4142990327157314e-007 6.3381521284425084e-006 -8.7103217176357640e-007 3.0709911380211278e-007 -8.7103217176357640e-007 2.2894201888763187e-006</location_covariance>
      </camera>
      <camera id="16" sensor_id="0" label="DSC00639.JPG">
        <transform>9.9823796529123954e-001 5.9336185738216231e-002 4.2627836623585901e-004 4.0126191622063905e+000 5.9331951163991446e-002 -9.9821535614014179e-001 6.7692198282803748e-003 2.7560865573778990e+001 8.2717729620062632e-004 -6.7320003007839448e-003 -9.9997699771028281e-001 8.3021090022947031e-001 0 0 0 1</transform>
        <rotation_covariance>1.1264597634974918e-008 5.0694916779677292e-010 -6.9738484857389843e-011 5.0694916779677292e-010 4.4104801722370446e-009 -4.7217477690100504e-011 -6.9738484857389817e-011 -4.7217477690100516e-011 1.5458629582258911e-010</rotation_covariance>
        <location_covariance>1.8256313073232514e-006 1.1252232651474913e-007 3.9727491034652846e-007 1.1252232651474913e-007 6.3172733028198614e-006 -8.0589680513291963e-007 3.9727491034652846e-007 -8.0589680513291963e-007 2.3954272032170429e-006</location_covariance>
      </camera>
      <camera id="17" sensor_id="0" label="DSC00640.JPG">
        <transform>9.9823394909548280e-001 5.9400555327381248e-002 7.4625735229389496e-004 5.3469377854886329e+000 5.9394517903269640e-002 -9.9821367175123954e-001 6.4619479993876421e-003 2.7626036412244794e+001 1.1287675913649333e-003 -6.4062122746071136e-003 -9.9997884294019812e-001 7.8349169507665017e-001 0 0 0 1</transform>
        <rotation_covariance>1.1261662351211033e-008 5.0643859149681060e-010 -6.2427667347218460e-011 5.0643859149681050e-010 4.4397135588128965e-009 -3.9655205734585666e-011 -6.2427667347218460e-011 -3.9655205734585659e-011 1.5518250273237813e-010</rotation_covariance>
        <location_covariance>1.9257225751002140e-006 2.5844870577770325e-007 4.7355677975980171e-007 2.5844870577770325e-007 6.3147556497064598e-006 -7.3183310381841228e-007 4.7355677975980171e-007 -7.3183310381841228e-007 2.4699339845075060e-006</location_covariance>
      </camera>
      <camera id="18" sensor_id="0" label="DSC00641.JPG">
        <transform>9.9824381217001168e-001 5.9226231629714403e-002 1.2429606694790282e-003 6.8998477178546160e+000 5.9217451698467614e-002 -9.9822587412426467e-001 6.1965831865080099e-003 2.7655225866755671e+001 1.6077557719097013e-003 -6.1120958591203848e-003 -9.9998002850336309e-001 7.0164993557132571e-001 0 0 0 1</transform>
        <rotation_covariance>1.1448234548319813e-008 3.8452459439331728e-010 -5.8038867381088195e-011 3.8452459439331728e-010 4.5250675692075358e-009 -2.8386913600807626e-011 -5.8038867381088202e-011 -2.8386913600807626e-011 1.6143133591404645e-010</rotation_covariance>
        <location_covariance>2.1034958415441741e-006 3.7255651756623386e-007 5.9435257406175928e-007 3.7255651756623386e-007 6.3715508993813342e-006 -6.2087749590957739e-007 5.9435257406175928e-007 -6.2087749590957739e-007 2.5515785014130015e-006</location_covariance>
      </camera>
      <camera id="19" sensor_id="0" label="DSC00642.JPG">
        <transform>9.9822740688100742e-001 5.9498252095113495e-002 1.4149732312504102e-003 7.8721035057634445e+000 5.9492629666411369e-002 -9.9822177696284220e-001 3.7297469781357646e-003 2.7681617206604670e+001 1.6343705192097486e-003 -3.6389551758720736e-003 -9.9999204338746317e-001 7.0654057525293645e-001 0 0 0 1</transform>
        <rotation_covariance>1.1627913825168284e-008 4.4544041627663489e-010 -4.8703735951760451e-011 4.4544041627663489e-010 4.5644154963360743e-009 -3.4636141169283893e-011 -4.8703735951760451e-011 -3.4636141169283893e-011 1.6493403822657711e-010</rotation_covariance>
        <location_covariance>2.2298078474864227e-006 5.0336750680257578e-007 6.6607157885121569e-007 5.0336750680257578e-007 6.4647356275461904e-006 -5.8111251715573232e-007 6.6607157885121569e-007 -5.8111251715573232e-007 2.6200118587556999e-006</location_covariance>
      </camera>
      <camera id="20" sensor_id="0" label="DSC00643.JPG">
        <transform>9.9827517878546623e-001 5.8697827157337901e-002 1.1101837023999135e-003 9.8427827902988678e+000 5.8692085922559353e-002 -9.9826533958313790e-001 4.6422879080621681e-003 2.7808620379906710e+001 1.3807501239179478e-003 -4.5691217941432874e-003 -9.9998860826267699e-001 6.8364343094121371e-001 0 0 0 1</transform>
        <rotation_covariance>1.1557168745910502e-008 4.9141646262732817e-010 -4.5515364529897000e-011 4.9141646262732828e-010 4.4563188415755710e-009 -2.6148730508689124e-011 -4.5515364529897000e-011 -2.6148730508689118e-011 1.6898678151971652e-010</rotation_covariance>
        <location_covariance>2.4594044051657909e-006 7.6312758096453806e-007 8.5254168604208495e-007 7.6312758096453806e-007 6.4619775061244432e-006 -4.5055427441514415e-007 8.5254168604208495e-007 -4.5055427441514415e-007 2.7827722307704681e-006</location_covariance>
      </camera>
      <camera id="21" sensor_id="0" label="DSC00644.JPG">
        <transform>9.9824814344081703e-001 5.9162291667768478e-002 6.8363848598378607e-004 1.0689624542302699e+001 5.9160017560639454e-002 -9.9824409359222688e-001 2.9701734727532406e-003 2.7886119795910226e+001 8.5816035008454291e-004 -2.9245260900371576e-003 -9.9999535534319473e-001 6.5436398893093983e-001 0 0 0 1</transform>
        <rotation_covariance>1.1411001558639663e-008 5.7608451686096901e-010 -5.2520706170907293e-011 5.7608451686096901e-010 4.4472577018679875e-009 -1.8004803064779987e-011 -5.2520706170907305e-011 -1.8004803064779984e-011 1.6845986998668862e-010</rotation_covariance>
        <location_covariance>2.5934689603750851e-006 9.1317891159613961e-007 9.4201029335298712e-007 9.1317891159613961e-007 6.4112635693699207e-006 -4.2066878345413809e-007 9.4201029335298712e-007 -4.2066878345413809e-007 2.8597893678783361e-006</location_covariance>
      </camera>
      <camera id="22" sensor_id="0" label="DSC00645.JPG">
        <transform>9.9830971408846059e-001 5.8068243291163370e-002 2.4070475055612494e-003 1.2170932664924736e+001 5.8061180925172741e-002 -9.9830879453101506e-001 2.9068938071414654e-003 2.8022693028456111e+001 2.5717749104704041e-003 -2.7622243047770358e-003 -9.9999287801998871e-001 6.1488501038996402e-001 0 0 0 1</transform>
        <rotation_covariance>1.1336878786603564e-008 6.2928209550774967e-010 -5.2332081639595289e-011 6.2928209550774967e-010 4.5158461332426065e-009 -1.9768923221999675e-011 -5.2332081639595283e-011 -1.9768923221999678e-011 1.6947176729631052e-010</rotation_covariance>
        <location_covariance>2.9000601077965780e-006 1.1358111456969551e-006 1.0982187828510710e-006 1.1358111456969551e-006 6.3996969107230654e-006 -3.5949333494107830e-007 1.0982187828510710e-006 -3.5949333494107830e-007 3.0074928356079532e-006</location_covariance>
      </camera>
      <camera id="23" sensor_id="0" label="DSC00646.JPG">
        <transform>9.9859120461457307e-001 5.3007261490805986e-002 2.4158426398549673e-003 1.3510481025061598e+001 5.3004702084443113e-002 -9.9859364418696117e-001 1.1114613552153125e-003 2.8073449512936378e+001 2.4713606282078440e-003 -9.8184451417859787e-004 -9.9999646417274657e-001 6.0459188618098669e-001 0 0 0 1</transform>
        <rotation_covariance>1.1426786221161452e-008 6.1677936270561416e-010 -5.7148948057983078e-011 6.1677936270561406e-010 4.6144716809431564e-009 -3.5013666012425837e-012 -5.7148948057983084e-011 -3.5013666012425845e-012 1.7089674913014415e-010</rotation_covariance>
        <location_covariance>3.2328939285738589e-006 1.3125059444943662e-006 1.2409105566196377e-006 1.3125059444943662e-006 6.4477705742339993e-006 -2.9851350170571861e-007 1.2409105566196377e-006 -2.9851350170571861e-007 3.1415291619706093e-006</location_covariance>
      </camera>
      <camera id="24" sensor_id="0" label="DSC00647.JPG">
        <transform>9.9859473209272664e-001 5.2969608830919383e-002 1.6678060305720015e-003 1.4158540768841545e+001 5.2967589733619459e-002 -9.9859547144959893e-001 1.2324115238520209e-003 2.8057910172114450e+001 1.7307439057226912e-003 -1.1423399899064030e-003 -9.9999784979012840e-001 5.6488953780806683e-001 0 0 0 1</transform>
        <rotation_covariance>1.1586907736052024e-008 5.2867748181687122e-010 -5.9749777681330881e-011 5.2867748181687132e-010 4.6992712187010854e-009 -1.5858028519139707e-012 -5.9749777681330881e-011 -1.5858028519139709e-012 1.7306962275904906e-010</rotation_covariance>
        <location_covariance>3.4220808905301839e-006 1.3512682847445867e-006 1.3029540280195649e-006 1.3512682847445867e-006 6.4967212858493903e-006 -2.6602229150681279e-007 1.3029540280195649e-006 -2.6602229150681279e-007 3.1931076388600971e-006</location_covariance>
      </camera>
      <camera id="25" sensor_id="0" label="DSC00648.JPG">
        <transform>9.9862157402964336e-001 5.2467076404071639e-002 1.4689370876331512e-003 1.5112833971601031e+001 5.2467810098843604e-002 -9.9862250738816272e-001 -4.6544732311840515e-004 2.8173837439018588e+001 1.4424929773835587e-003 5.4187765060147012e-004 -9.9999881279060621e-001 5.1831598487061781e-001 0 0 0 1</transform>
        <rotation_covariance>1.2023668597403731e-008 3.3330256027920510e-010 -5.8448065793628800e-011 3.3330256027920505e-010 5.0364030054412543e-009 9.7344185451266424e-013 -5.8448065793628787e-011 9.7344185451266384e-013 1.8180138031302570e-010</rotation_covariance>
        <location_covariance>3.8149137451633205e-006 1.3993989520290277e-006 1.4201234248153137e-006 1.3993989520290277e-006 6.6944895724248072e-006 -2.3726979751439110e-007 1.4201234248153137e-006 -2.3726979751439110e-007 3.3125339349053856e-006</location_covariance>
      </camera>
      <camera id="26" sensor_id="0" label="DSC00649.JPG">
        <transform>9.9863704021923483e-001 5.2181960141583980e-002 1.0511602864649646e-003 1.6224163403394829e+001 5.2180952999078739e-002 -9.9863718097316856e-001 9.6380603387020308e-004 2.8328279707029051e+001 1.1000210332699535e-003 -9.0764185950705303e-004 -9.9999898306947355e-001 5.3671454883300773e-001 0 0 0 1</transform>
        <rotation_covariance>1.2272629407902471e-008 1.0290772399474669e-010 -5.1922478301055702e-011 1.0290772399474673e-010 5.0328589287699695e-009 2.7270684715665760e-012 -5.1922478301055721e-011 2.7270684715665744e-012 1.8883107459003584e-010</rotation_covariance>
        <location_covariance>4.1217499146301818e-006 1.4446189139369902e-006 1.5550769083476380e-006 1.4446189139369902e-006 6.8450659846325678e-006 -1.7901824309476020e-007 1.5550769083476380e-006 -1.7901824309476020e-007 3.4769151744010802e-006</location_covariance>
      </camera>
      <camera id="27" sensor_id="0" label="DSC00650.JPG">
        <transform>9.9864460150128342e-001 5.2047151252100674e-002 2.3224746405996563e-004 1.7492628763214096e+001 5.2047153316632760e-002 -9.9864462839566259e-001 -2.8502269565797299e-006 2.8441612312640448e+001 2.3178433624848746e-004 1.4934183132569965e-005 -9.9999997302649546e-001 4.8656569158747914e-001 0 0 0 1</transform>
        <rotation_covariance>1.2485077031941603e-008 2.9343036560658660e-010 -6.1898253382203126e-011 2.9343036560658655e-010 5.1627934645754981e-009 1.2035808654965614e-011 -6.1898253382203139e-011 1.2035808654965612e-011 2.0040848023146172e-010</rotation_covariance>
        <location_covariance>4.5341161072869608e-006 1.7031049439075518e-006 1.7151761980300444e-006 1.7031049439075518e-006 6.9623099775184827e-006 -9.6789023786365388e-008 1.7151761980300444e-006 -9.6789023786365388e-008 3.6413356820168714e-006</location_covariance>
      </camera>
      <camera id="28" sensor_id="0" label="DSC00651.JPG">
        <transform>9.9865856358764193e-001 5.1779076984503097e-002 2.3658008298567362e-005 1.8071103098675671e+001 5.1779077641560700e-002 -9.9865856343959192e-001 -2.8059930536015925e-005 2.8460241460263120e+001 2.2173355277885046e-005 2.9247279772002870e-005 -9.9999999932646944e-001 4.5678477245299509e-001 0 0 0 1</transform>
        <rotation_covariance>1.2773182158876742e-008 3.7100410225452442e-010 -5.0813790034312861e-011 3.7100410225452426e-010 5.3354139508466813e-009 1.1302456899386035e-011 -5.0813790034312868e-011 1.1302456899386035e-011 2.0803493319251636e-010</rotation_covariance>
        <location_covariance>4.7825963246508478e-006 1.8129992502799489e-006 1.7862978254036048e-006 1.8129992502799489e-006 7.0881489005375643e-006 -6.6335935340216059e-008 1.7862978254036048e-006 -6.6335935340216059e-008 3.7108017805690200e-006</location_covariance>
      </camera>
      <camera id="29" sensor_id="0" label="DSC00652.JPG">
        <transform>9.9874716344212200e-001 4.9969303620381600e-002 -2.6780985807037974e-003 1.8379658901919552e+001 4.9980910393290348e-002 -9.9874022383962968e-001 4.4580131251789126e-003 2.8520792157089794e+001 -2.4519609645609936e-003 -4.5862817685467464e-003 -9.9998647686204623e-001 4.3522357424251723e-001 0 0 0 1</transform>
        <rotation_covariance>1.2978631223358608e-008 4.7661617211191313e-010 -7.9911862034009441e-011 4.7661617211191303e-010 5.4252719635800727e-009 -4.0013773797195147e-012 -7.9911862034009428e-011 -4.0013773797195123e-012 2.1138685135589454e-010</rotation_covariance>
        <location_covariance>4.9134838414667751e-006 1.9123585144818133e-006 1.8090605182185359e-006 1.9123585144818133e-006 7.1914630490633350e-006 -4.0297731615203793e-008 1.8090605182185359e-006 -4.0297731615203793e-008 3.7590228038253173e-006</location_covariance>
      </camera>
      <camera id="30" sensor_id="0" label="DSC00653.JPG">
        <transform>9.9891063031497351e-001 4.6656127291955105e-002 -8.7087878593898583e-004 1.8330638926721210e+001 4.6656311644901291e-002 -9.9891098277036516e-001 1.9257319933200240e-004 2.6238487503952605e+001 -8.6094566423512188e-004 -2.3299540796820412e-004 -9.9999960224277240e-001 3.7193611456649817e-001 0 0 0 1</transform>
        <rotation_covariance>1.1453408569547028e-008 5.0226534314753968e-010 -3.2078417562980099e-011 5.0226534314753978e-010 4.9645266283729631e-009 2.8928544407100978e-011 -3.2078417562980099e-011 2.8928544407100974e-011 1.8716508046892343e-010</rotation_covariance>
        <location_covariance>4.6813447238493742e-006 1.5991314011602666e-006 1.6751462599841541e-006 1.5991314011602666e-006 5.9713502753555449e-006 -4.3062633929290757e-008 1.6751462599841541e-006 -4.3062633929290757e-008 3.2002494870998952e-006</location_covariance>
      </camera>
      <camera id="31" sensor_id="0" label="DSC00654.JPG">
        <transform>9.9897524913894420e-001 4.5256683925135183e-002 5.3307399615804549e-004 1.7646335910098284e+001 4.5254711795534974e-002 -9.9897015168615710e-001 3.2629894942177106e-003 2.6247041080609321e+001 6.8019709499279630e-004 -3.2355216328620678e-003 -9.9999453435090091e-001 4.1800962334087494e-001 0 0 0 1</transform>
        <rotation_covariance>1.1452354880372089e-008 5.2477423907057635e-010 -2.8500002345769431e-011 5.2477423907057635e-010 4.8997851676338150e-009 2.0992433842703874e-011 -2.8500002345769428e-011 2.0992433842703880e-011 1.8055324910802513e-010</rotation_covariance>
        <location_covariance>4.4423939521814676e-006 1.5367248897972882e-006 1.6003863095816583e-006 1.5367248897972882e-006 5.9852012498050909e-006 -6.4849492121589805e-008 1.6003863095816583e-006 -6.4849492121589805e-008 3.1297431911369834e-006</location_covariance>
      </camera>
      <camera id="32" sensor_id="0" label="DSC00655.JPG">
        <transform>9.9899669169400496e-001 4.4782399575117024e-002 -3.8297875643897642e-004 1.5627822366179688e+001 4.4783854444114729e-002 -9.9898051470828297e-001 5.6866171228849415e-003 2.6278914224972567e+001 -1.2792795500201105e-004 -5.6980629575760881e-003 -9.9998375772457915e-001 4.7251738873865684e-001 0 0 0 1</transform>
        <rotation_covariance>1.1247924798965683e-008 5.0725145840641739e-010 -5.5748566795060524e-011 5.0725145840641729e-010 4.7303536843457751e-009 1.0271067995029316e-011 -5.5748566795060518e-011 1.0271067995029313e-011 1.6614827667191318e-010</rotation_covariance>
        <location_covariance>3.7944633536957946e-006 1.3206054298499736e-006 1.3685620768516321e-006 1.3206054298499736e-006 5.9094399089754822e-006 -1.5119562523869856e-007 1.3685620768516321e-006 -1.5119562523869856e-007 2.9198331841340634e-006</location_covariance>
      </camera>
      <camera id="33" sensor_id="0" label="DSC00656.JPG">
        <transform>9.9900208593846007e-001 4.4652382430545895e-002 9.9851583928630468e-004 1.4022410948515523e+001 4.4647493172752864e-002 -9.9899277869140934e-001 4.4754302369635762e-003 2.6282824307980999e+001 1.1973487353381363e-003 -4.4263829130812490e-003 -9.9998948668989152e-001 5.1823466564018861e-001 0 0 0 1</transform>
        <rotation_covariance>1.1096090780041766e-008 6.6825743480054832e-010 -5.0621673080806070e-011 6.6825743480054822e-010 4.5806858943344735e-009 1.6264102015847730e-011 -5.0621673080806090e-011 1.6264102015847734e-011 1.5896941127968501e-010</rotation_covariance>
        <location_covariance>3.3200409769536269e-006 1.2198824339836921e-006 1.2041382910908698e-006 1.2198824339836921e-006 5.8602210089490125e-006 -2.0898916142109864e-007 1.2041382910908698e-006 -2.0898916142109864e-007 2.7662543838876129e-006</location_covariance>
      </camera>
      <camera id="34" sensor_id="0" label="DSC00657.JPG">
        <transform>9.9903131259991595e-001 4.3998136505934871e-002 7.7487346970859399e-004 1.2093228602402746e+001 4.3995118407846576e-002 -9.9902541599587946e-001 3.5563676046601366e-003 2.6310447389955939e+001 9.3059183775491983e-004 -3.5188319461205066e-003 -9.9999337588834381e-001 5.5512050393575985e-001 0 0 0 1</transform>
        <rotation_covariance>1.0933483474918348e-008 4.7495545229847393e-010 -4.8751351984343725e-011 4.7495545229847403e-010 4.3521728951314643e-009 9.3229801860129490e-012 -4.8751351984343737e-011 9.3229801860129490e-012 1.5371966688058294e-010</rotation_covariance>
        <location_covariance>2.8027176666476450e-006 9.3324499293054527e-007 1.0095224599146415e-006 9.3324499293054527e-007 5.7961808690823100e-006 -3.1212463467333438e-007 1.0095224599146415e-006 -3.1212463467333438e-007 2.6015574014081938e-006</location_covariance>
      </camera>
      <camera id="35" sensor_id="0" label="DSC00658.JPG">
        <transform>9.9904990978108943e-001 4.3535221617969688e-002 1.9905388895294003e-003 1.0623522200541764e+001 4.3528286656125570e-002 -9.9904639648151472e-001 3.4038122865819066e-003 2.6234805674099359e+001 2.1368264268829744e-003 -3.3139336104378173e-003 -9.9999222587820502e-001 5.5166695537872223e-001 0 0 0 1</transform>
        <rotation_covariance>1.1316419276901387e-008 4.5352394472561571e-010 -3.0974283390572695e-011 4.5352394472561571e-010 4.3785458701287866e-009 9.2746902838050093e-012 -3.0974283390572695e-011 9.2746902838050093e-012 1.5629981038285980e-010</rotation_covariance>
        <location_covariance>2.5349536193304863e-006 7.5785302962712070e-007 8.6402852464118418e-007 7.5785302962712070e-007 5.9447394293263675e-006 -3.7330980591620111e-007 8.6402852464118418e-007 -3.7330980591620111e-007 2.4666671884652612e-006</location_covariance>
      </camera>
      <camera id="36" sensor_id="0" label="DSC00659.JPG">
        <transform>9.9907306352552383e-001 4.2982286997872772e-002 2.3530282947325344e-003 9.6184999319789561e+000 4.2976424050536526e-002 -9.9907298877747175e-001 2.4879853452523743e-003 2.6197337467458965e+001 2.4577863112525298e-003 -2.3845543990905632e-003 -9.9999413657619318e-001 6.0205470597694988e-001 0 0 0 1</transform>
        <rotation_covariance>1.1422463000870313e-008 3.7429941649170311e-010 -3.1468996342601522e-011 3.7429941649170311e-010 4.3318292576785080e-009 1.4777396827710854e-011 -3.1468996342601535e-011 1.4777396827710854e-011 1.5566724613455066e-010</rotation_covariance>
        <location_covariance>2.3505792155088949e-006 6.0917994749701217e-007 7.6716278169776766e-007 6.0917994749701217e-007 5.9962860484039075e-006 -4.1080493991543331e-007 7.6716278169776766e-007 -4.1080493991543331e-007 2.3933710686002104e-006</location_covariance>
      </camera>
      <camera id="37" sensor_id="0" label="DSC00660.JPG">
        <transform>9.9908793877281088e-001 4.2667486959345351e-002 1.6661798432500315e-003 7.8953434907342785e+000 4.2665442770310764e-002 -9.9908864126199648e-001 1.2437421239917777e-003 2.6006638815315089e+001 1.7177287065470081e-003 -1.1715194542766334e-003 -9.9999783847279333e-001 7.1892958183603406e-001 0 0 0 1</transform>
        <rotation_covariance>1.1447382400063476e-008 5.2583674987278046e-010 -4.7400427949763254e-011 5.2583674987278057e-010 4.5229937812343944e-009 1.1584867339323742e-011 -4.7400427949763261e-011 1.1584867339323740e-011 1.5124378803081690e-010</rotation_covariance>
        <location_covariance>2.1988089568062465e-006 4.8576189835026796e-007 5.9830924999047029e-007 4.8576189835026796e-007 6.0120389026362777e-006 -5.1526037954493337e-007 5.9830924999047029e-007 -5.1526037954493337e-007 2.2557355111615500e-006</location_covariance>
      </camera>
      <camera id="38" sensor_id="0" label="DSC00661.JPG">
        <transform>9.9908952335854795e-001 4.2638199865976611e-002 1.4519736149492880e-003 7.0419121736681518e+000 4.2639117785120875e-002 -9.9909035474569052e-001 -6.0719736232765569e-004 2.5897537146499833e+001 1.4247630315480464e-003 6.6855539730121540e-004 -9.9999876154122547e-001 7.1151045049390094e-001 0 0 0 1</transform>
        <rotation_covariance>1.1415604731972001e-008 6.1408039872142707e-010 -6.0483392242458994e-011 6.1408039872142707e-010 4.5816201115265805e-009 1.4088393323192490e-011 -6.0483392242458981e-011 1.4088393323192490e-011 1.4945557940475918e-010</rotation_covariance>
        <location_covariance>2.1211457978204021e-006 4.3861140640638904e-007 5.3255384445386805e-007 4.3861140640638904e-007 5.9748517150168573e-006 -5.6549571479475253e-007 5.3255384445386805e-007 -5.6549571479475253e-007 2.1775357109190876e-006</location_covariance>
      </camera>
      <camera id="39" sensor_id="0" label="DSC00662.JPG">
        <transform>9.9910429686537472e-001 4.2303274618140367e-002 1.0183033572554443e-003 6.1495624731970819e+000 4.2304128053205860e-002 -9.9910443351983302e-001 -8.3166740432650990e-004 2.5760744156603984e+001 9.8220914430586451e-004 8.7400091284783269e-004 -9.9999913569342713e-001 7.1649627646772307e-001 0 0 0 1</transform>
        <rotation_covariance>1.1390178643585217e-008 6.9401751492792232e-010 -7.6320259540321422e-011 6.9401751492792242e-010 4.5073708354552715e-009 1.7847574593156845e-011 -7.6320259540321448e-011 1.7847574593156849e-011 1.4667113752337602e-010</rotation_covariance>
        <location_covariance>1.9937098890701219e-006 3.8388653498612783e-007 4.7217076346370738e-007 3.8388653498612783e-007 5.9407536855705084e-006 -6.0136702131838675e-007 4.7217076346370738e-007 -6.0136702131838675e-007 2.0975432892232402e-006</location_covariance>
      </camera>
      <camera id="40" sensor_id="0" label="DSC00663.JPG">
        <transform>9.9909130977425331e-001 4.2556500976302501e-002 2.3449857613269481e-003 4.6370270695892124e+000 4.2555064483173470e-002 -9.9909390551281652e-001 6.5913123139149351e-004 2.5607026161412911e+001 2.3709113015483092e-003 -5.5874126499865190e-004 -9.9999703328949885e-001 7.4999794966706801e-001 0 0 0 1</transform>
        <rotation_covariance>1.1180998158572375e-008 3.1846075547152005e-010 -5.5797447621650474e-011 3.1846075547152005e-010 4.3586426401577797e-009 2.4006308368364692e-011 -5.5797447621650448e-011 2.4006308368364692e-011 1.4181779287279921e-010</rotation_covariance>
        <location_covariance>1.8264858026003163e-006 7.1086389065964094e-008 3.7416243508775431e-007 7.1086389065964094e-008 5.8137182017687385e-006 -6.5491920005482045e-007 3.7416243508775431e-007 -6.5491920005482045e-007 1.9913541053617063e-006</location_covariance>
      </camera>
      <camera id="41" sensor_id="0" label="DSC00664.JPG">
        <transform>9.9910212526918007e-001 4.2277389426505885e-002 2.7505682845372346e-003 3.3903293747202778e+000 4.2273950780587696e-002 -9.9910521571866373e-001 1.2965373742228202e-003 2.5525854173192890e+001 2.8029213347475260e-003 -1.1790958577977688e-003 -9.9999537667178706e-001 7.4604269372047038e-001 0 0 0 1</transform>
        <rotation_covariance>1.0725906359342701e-008 1.7425414076198493e-010 -4.4029114350278898e-011 1.7425414076198483e-010 4.1339999747323520e-009 1.6572062557268566e-011 -4.4029114350278898e-011 1.6572062557268566e-011 1.3589779517285481e-010</rotation_covariance>
        <location_covariance>1.6547496506404871e-006 -1.0093041842679339e-007 3.0894541367575998e-007 -1.0093041842679339e-007 5.5817963573410814e-006 -7.2830624425839489e-007 3.0894541367575998e-007 -7.2830624425839489e-007 1.9135889520819360e-006</location_covariance>
      </camera>
      <camera id="42" sensor_id="0" label="DSC00665.JPG">
        <transform>9.9911236361154176e-001 4.1876510110430448e-002 4.5653893075779956e-003 1.6633116290143393e+000 4.1866406334113898e-002 -9.9912060080189968e-001 2.2867168425284089e-003 2.5446045906001142e+001 4.6571342288577282e-003 -2.0935506256244004e-003 -9.9998696398830733e-001 7.2512381254861547e-001 0 0 0 1</transform>
        <rotation_covariance>1.0937935070329679e-008 1.4059151628478753e-010 -1.7812967049763258e-011 1.4059151628478743e-010 4.1332813775063395e-009 1.5819157758773210e-011 -1.7812967049763271e-011 1.5819157758773210e-011 1.3676406785944495e-010</rotation_covariance>
        <location_covariance>1.5980237504536990e-006 -2.6414429076654171e-007 2.3012866193272711e-007 -2.6414429076654171e-007 5.6537320328177111e-006 -7.9211050679244919e-007 2.3012866193272711e-007 -7.9211050679244919e-007 1.8283833393336615e-006</location_covariance>
      </camera>
      <camera id="43" sensor_id="0" label="DSC00666.JPG">
        <transform>9.9912074932720507e-001 4.1640436980653645e-002 4.8787572090884966e-003 3.2448976691027415e-001 4.1639945061249947e-002 -9.9913266086501629e-001 2.0240575222200532e-004 2.5434132473434708e+001 4.8829539360008929e-003 9.2339532543561317e-007 -9.9998807830893977e-001 7.4301919451925968e-001 0 0 0 1</transform>
        <rotation_covariance>1.1066498661199500e-008 2.7452922990642150e-013 1.2602350589541995e-011 2.7452922990644755e-013 4.1497191428851836e-009 1.8802080495543281e-011 1.2602350589541986e-011 1.8802080495543281e-011 1.3751209901134721e-010</rotation_covariance>
        <location_covariance>1.6019062512817981e-006 -4.3697806964579070e-007 1.6502440204971492e-007 -4.3697806964579070e-007 5.7164085328697623e-006 -8.6520552100529375e-007 1.6502440204971492e-007 -8.6520552100529375e-007 1.7846983575093543e-006</location_covariance>
      </camera>
      <camera id="44" sensor_id="0" label="DSC00667.JPG">
